0: 0
1: 0
2: 0
3: 0
4: 0.2
5: 0.333333
6: 0.285714
7: 0.25
8: 0.222222
9: 0.3
10: 0.363636
11: 0.416667
12: 0.461538
13: 0.5
14: 0.533333
15: 0.5625
16: 0.588235
17: 0.611111
18: 0.631579
19: 0.65
20: 0.666667
21: 0.681818
22: 0.695652
23: 0.666667
24: 0.64
25: 0.653846
26: 0.666667
27: 0.642857
28: 0.62069
29: 0.633333
30: 0.645161
31: 0.65625
32: 0.666667
33: 0.676471
34: 0.657143
35: 0.638889
36: 0.648649
37: 0.631579
38: 0.641026
39: 0.625
40: 0.609756
41: 0.595238
42: 0.604651
43: 0.613636
44: 0.622222
45: 0.630435
46: 0.638298
47: 0.645833
48: 0.653061
49: 0.66
50: 0.666667
51: 0.673077
52: 0.679245
53: 0.685185
54: 0.690909
55: 0.696429
56: 0.701754
57: 0.706897
58: 0.694915
59: 0.683333
60: 0.672131
61: 0.677419
62: 0.68254
63: 0.6875
64: 0.692308
65: 0.69697
66: 0.701493
67: 0.705882
68: 0.710145
69: 0.714286
70: 0.71831
71: 0.722222
72: 0.726027
73: 0.72973
74: 0.733333
75: 0.736842
76: 0.74026
77: 0.730769
78: 0.721519
79: 0.7125
80: 0.703704
81: 0.707317
82: 0.710843
83: 0.714286
84: 0.717647
85: 0.72093
86: 0.724138
87: 0.727273
88: 0.730337
89: 0.733333
90: 0.736264
91: 0.728261
92: 0.72043
93: 0.712766
94: 0.715789
95: 0.708333
96: 0.701031
97: 0.693878
98: 0.686869
99: 0.68
100: 0.673267
101: 0.676471
102: 0.679612
103: 0.682692
104: 0.685714
105: 0.688679
106: 0.691589
107: 0.694444
108: 0.697248
109: 0.7
110: 0.702703
111: 0.705357
112: 0.707965
113: 0.710526
114: 0.713043
115: 0.715517
116: 0.717949
117: 0.720339
118: 0.722689
119: 0.725
120: 0.727273
121: 0.729508
122: 0.731707
123: 0.733871
124: 0.736
125: 0.738095
126: 0.740157
127: 0.742188
128: 0.744186
129: 0.746154
130: 0.748092
131: 0.75
132: 0.75188
133: 0.746269
134: 0.740741
135: 0.735294
136: 0.729927
137: 0.724638
138: 0.719424
139: 0.721429
140: 0.723404
141: 0.725352
142: 0.727273
143: 0.729167
144: 0.731034
145: 0.732877
146: 0.734694
147: 0.736486
148: 0.738255
149: 0.74
150: 0.741722
151: 0.743421
152: 0.745098
153: 0.746753
154: 0.748387
155: 0.75
156: 0.751592
157: 0.753165
158: 0.748428
159: 0.75
160: 0.751553
161: 0.753086
162: 0.754601
163: 0.756098
164: 0.757576
165: 0.759036
166: 0.754491
167: 0.755952
168: 0.757396
169: 0.758824
170: 0.760234
171: 0.761628
172: 0.763006
173: 0.764368
174: 0.765714
175: 0.767045
176: 0.768362
177: 0.769663
178: 0.77095
179: 0.772222
180: 0.773481
181: 0.774725
182: 0.775956
183: 0.777174
184: 0.778378
185: 0.77957
186: 0.780749
187: 0.781915
188: 0.783069
189: 0.784211
190: 0.780105
191: 0.78125
192: 0.782383
193: 0.783505
194: 0.784615
195: 0.785714
196: 0.786802
197: 0.787879
198: 0.788945
199: 0.79
200: 0.791045
201: 0.792079
202: 0.793103
203: 0.794118
204: 0.795122
205: 0.796117
206: 0.797101
207: 0.798077
208: 0.799043
209: 0.8
210: 0.800948
211: 0.801887
212: 0.802817
213: 0.803738
214: 0.804651
215: 0.805556
216: 0.806452
217: 0.807339
218: 0.808219
219: 0.809091
220: 0.80543
221: 0.806306
222: 0.807175
223: 0.808036
224: 0.808889
225: 0.809735
226: 0.810573
227: 0.811404
228: 0.812227
229: 0.813043
230: 0.813853
231: 0.814655
232: 0.815451
233: 0.811966
234: 0.812766
235: 0.813559
236: 0.814346
237: 0.815126
238: 0.8159
239: 0.816667
240: 0.817427
241: 0.818182
242: 0.81893
243: 0.815574
244: 0.812245
245: 0.808943
246: 0.809717
247: 0.810484
248: 0.811245
249: 0.812
250: 0.812749
251: 0.813492
252: 0.814229
253: 0.814961
254: 0.815686
255: 0.816406
256: 0.81323
257: 0.810078
258: 0.810811
259: 0.811538
260: 0.812261
261: 0.812977
262: 0.813688
263: 0.814394
264: 0.815094
265: 0.815789
266: 0.816479
267: 0.817164
268: 0.817844
269: 0.818519
270: 0.819188
271: 0.819853
272: 0.81685
273: 0.813869
274: 0.814545
275: 0.815217
276: 0.815884
277: 0.816547
278: 0.81362
279: 0.810714
280: 0.811388
281: 0.812057
282: 0.812721
283: 0.81338
284: 0.814035
285: 0.814685
286: 0.815331
287: 0.8125
288: 0.809689
289: 0.810345
290: 0.810997
291: 0.811644
292: 0.812287
293: 0.812925
294: 0.810169
295: 0.807432
296: 0.804714
297: 0.805369
298: 0.80602
299: 0.806667
300: 0.807309
301: 0.807947
302: 0.805281
303: 0.802632
304: 0.803279
305: 0.803922
306: 0.80456
307: 0.805195
308: 0.805825
309: 0.806452
310: 0.807074
311: 0.807692
312: 0.808307
313: 0.808917
314: 0.809524
315: 0.810127
316: 0.810726
317: 0.811321
318: 0.811912
319: 0.809375
320: 0.806854
321: 0.804348
322: 0.801858
323: 0.802469
324: 0.803077
325: 0.803681
326: 0.804281
327: 0.804878
328: 0.805471
329: 0.806061
330: 0.806647
331: 0.807229
332: 0.804805
333: 0.805389
334: 0.80597
335: 0.806548
336: 0.807122
337: 0.807692
338: 0.80826
339: 0.808824
340: 0.809384
341: 0.807018
342: 0.804665
343: 0.805233
344: 0.805797
345: 0.806358
346: 0.806916
347: 0.807471
348: 0.808023
349: 0.808571
350: 0.809117
351: 0.809659
352: 0.810198
353: 0.80791
354: 0.808451
355: 0.808989
356: 0.809524
357: 0.810056
358: 0.810585
359: 0.811111
360: 0.811634
361: 0.812155
362: 0.812672
363: 0.813187
364: 0.813699
365: 0.814208
366: 0.814714
367: 0.815217
368: 0.815718
369: 0.816216
370: 0.816712
371: 0.817204
372: 0.817694
373: 0.818182
374: 0.818667
375: 0.816489
376: 0.814324
377: 0.814815
378: 0.815303
379: 0.815789
380: 0.816273
381: 0.816754
382: 0.817232
383: 0.817708
384: 0.818182
385: 0.818653
386: 0.819121
387: 0.819588
388: 0.820051
389: 0.820513
390: 0.818414
391: 0.818878
392: 0.819338
393: 0.819797
394: 0.817722
395: 0.815657
396: 0.816121
397: 0.816583
398: 0.817043
399: 0.8175
400: 0.815461
401: 0.813433
402: 0.813896
403: 0.814356
404: 0.814815
405: 0.815271
406: 0.815725
407: 0.816176
408: 0.816626
409: 0.817073
410: 0.817518
411: 0.815534
412: 0.815981
413: 0.816425
414: 0.816867
415: 0.817308
416: 0.817746
417: 0.818182
418: 0.818616
419: 0.819048
420: 0.819477
421: 0.819905
422: 0.820331
423: 0.820755
424: 0.821176
425: 0.819249
426: 0.819672
427: 0.820093
428: 0.818182
429: 0.816279
430: 0.814385
431: 0.814815
432: 0.815242
433: 0.815668
434: 0.816092
435: 0.81422
436: 0.812357
437: 0.812785
438: 0.813212
439: 0.813636
440: 0.814059
441: 0.81448
442: 0.814898
443: 0.815315
444: 0.81573
445: 0.816143
446: 0.816555
447: 0.816964
448: 0.817372
449: 0.815556
450: 0.813747
451: 0.814159
452: 0.812362
453: 0.810573
454: 0.810989
455: 0.811404
456: 0.811816
457: 0.812227
458: 0.810458
459: 0.81087
460: 0.81128
461: 0.811688
462: 0.812095
463: 0.8125
464: 0.812903
465: 0.813305
466: 0.813704
467: 0.814103
468: 0.814499
469: 0.814894
470: 0.815287
471: 0.815678
472: 0.816068
473: 0.816456
474: 0.816842
475: 0.817227
476: 0.81761
477: 0.817992
478: 0.816284
479: 0.816667
480: 0.817048
481: 0.817427
482: 0.817805
483: 0.818182
484: 0.818557
485: 0.81893
486: 0.819302
487: 0.819672
488: 0.820041
489: 0.820408
490: 0.820774
491: 0.821138
492: 0.821501
493: 0.821862
494: 0.822222
495: 0.822581
496: 0.822938
497: 0.823293
498: 0.823647
499: 0.824
500: 0.824351
501: 0.824701
502: 0.82505
503: 0.825397
504: 0.825743
505: 0.826087
506: 0.82643
507: 0.826772
508: 0.827112
509: 0.827451
510: 0.827789
511: 0.826172
512: 0.826511
513: 0.826848
514: 0.827184
515: 0.827519
516: 0.827853
517: 0.828185
518: 0.828516
519: 0.828846
520: 0.827255
521: 0.82567
522: 0.826004
523: 0.826336
524: 0.826667
525: 0.826996
526: 0.825427
527: 0.823864
528: 0.824197
529: 0.824528
530: 0.824859
531: 0.825188
532: 0.825516
533: 0.825843
534: 0.826168
535: 0.826493
536: 0.826816
537: 0.827138
538: 0.827458
539: 0.827778
540: 0.828096
541: 0.828413
542: 0.828729
543: 0.829044
544: 0.829358
545: 0.82967
546: 0.829982
547: 0.830292
548: 0.830601
549: 0.829091
550: 0.827586
551: 0.827899
552: 0.82821
553: 0.82852
554: 0.828829
555: 0.829137
556: 0.829443
557: 0.827957
558: 0.828265
559: 0.828571
560: 0.828877
561: 0.829181
562: 0.829485
563: 0.829787
564: 0.830088
565: 0.830389
566: 0.830688
567: 0.829225
568: 0.827768
569: 0.826316
570: 0.82662
571: 0.826923
572: 0.827225
573: 0.827526
574: 0.827826
575: 0.828125
576: 0.828423
577: 0.82872
578: 0.827288
579: 0.827586
580: 0.827883
581: 0.828179
582: 0.828473
583: 0.828767
584: 0.82906
585: 0.829352
586: 0.829642
587: 0.828231
588: 0.828523
589: 0.828814
590: 0.829103
591: 0.829392
592: 0.82968
593: 0.829966
594: 0.830252
595: 0.830537
596: 0.830821
597: 0.829431
598: 0.828047
599: 0.826667
600: 0.826955
601: 0.827243
602: 0.827529
603: 0.827815
604: 0.828099
605: 0.828383
606: 0.828666
607: 0.828947
608: 0.829228
609: 0.829508
610: 0.829787
611: 0.830065
612: 0.830343
613: 0.830619
614: 0.830894
615: 0.829545
616: 0.828201
617: 0.826861
618: 0.827141
619: 0.827419
620: 0.827697
621: 0.827974
622: 0.82825
623: 0.828526
624: 0.8288
625: 0.829073
626: 0.829346
627: 0.828025
628: 0.828299
629: 0.828571
630: 0.827258
631: 0.825949
632: 0.824645
633: 0.823344
634: 0.822047
635: 0.820755
636: 0.821036
637: 0.821317
638: 0.821596
639: 0.821875
640: 0.822153
641: 0.82243
642: 0.822706
643: 0.821429
644: 0.821705
645: 0.821981
646: 0.822257
647: 0.822531
648: 0.821263
649: 0.821538
650: 0.821813
651: 0.822086
652: 0.822358
653: 0.821101
654: 0.821374
655: 0.820122
656: 0.820396
657: 0.820669
658: 0.820941
659: 0.821212
660: 0.821483
661: 0.821752
662: 0.822021
663: 0.822289
664: 0.822556
665: 0.822823
666: 0.823088
667: 0.823353
668: 0.822123
669: 0.820896
670: 0.821162
671: 0.821429
672: 0.821694
673: 0.820475
674: 0.820741
675: 0.821006
676: 0.82127
677: 0.821534
678: 0.821797
679: 0.822059
680: 0.82232
681: 0.822581
682: 0.821376
683: 0.821637
684: 0.821898
685: 0.8207
686: 0.820961
687: 0.821221
688: 0.82148
689: 0.821739
690: 0.821997
691: 0.822254
692: 0.822511
693: 0.822767
694: 0.823022
695: 0.823276
696: 0.823529
697: 0.82235
698: 0.822604
699: 0.822857
700: 0.82311
701: 0.823362
702: 0.823613
703: 0.823864
704: 0.824113
705: 0.824363
706: 0.824611
707: 0.824859
708: 0.825106
709: 0.825352
710: 0.825598
711: 0.825843
712: 0.826087
713: 0.826331
714: 0.826573
715: 0.826816
716: 0.827057
717: 0.827298
718: 0.826147
719: 0.826389
720: 0.82663
721: 0.82687
722: 0.827109
723: 0.827348
724: 0.826207
725: 0.825069
726: 0.825309
727: 0.825549
728: 0.824417
729: 0.824658
730: 0.824897
731: 0.825137
732: 0.825375
733: 0.825613
734: 0.82449
735: 0.82337
736: 0.823609
737: 0.822493
738: 0.82138
739: 0.82027
740: 0.820513
741: 0.820755
742: 0.820996
743: 0.821237
744: 0.821477
745: 0.821716
746: 0.821954
747: 0.822193
748: 0.82243
749: 0.822667
750: 0.821571
751: 0.821809
752: 0.822045
753: 0.820955
754: 0.821192
755: 0.821429
756: 0.821664
757: 0.8219
758: 0.822134
759: 0.822368
760: 0.822602
761: 0.822835
762: 0.821756
763: 0.820681
764: 0.820915
765: 0.821149
766: 0.821382
767: 0.821615
768: 0.821847
769: 0.822078
770: 0.822309
771: 0.822539
772: 0.822768
773: 0.822997
774: 0.823226
775: 0.823454
776: 0.823681
777: 0.823907
778: 0.82285
779: 0.823077
780: 0.823303
781: 0.823529
782: 0.823755
783: 0.82398
784: 0.82293
785: 0.821883
786: 0.822109
787: 0.822335
788: 0.82256
789: 0.822785
790: 0.823009
791: 0.823232
792: 0.823455
793: 0.823678
794: 0.822642
795: 0.822864
796: 0.823087
797: 0.823308
798: 0.823529
799: 0.82375
800: 0.82397
801: 0.82419
802: 0.824408
803: 0.823383
804: 0.82236
805: 0.822581
806: 0.8228
807: 0.82302
808: 0.823239
809: 0.823457
810: 0.823674
811: 0.82266
812: 0.821648
813: 0.821867
814: 0.822086
815: 0.822304
816: 0.822521
817: 0.822738
818: 0.822955
819: 0.823171
820: 0.823386
821: 0.823601
822: 0.823815
823: 0.822816
824: 0.82303
825: 0.823245
826: 0.823458
827: 0.823671
828: 0.823884
829: 0.824096
830: 0.824308
831: 0.823317
832: 0.822329
833: 0.822542
834: 0.822754
835: 0.822967
836: 0.823178
837: 0.822196
838: 0.821216
839: 0.820238
840: 0.820452
841: 0.820665
842: 0.820878
843: 0.819905
844: 0.818935
845: 0.817967
846: 0.817001
847: 0.816038
848: 0.815077
849: 0.814118
850: 0.814336
851: 0.814554
852: 0.814771
853: 0.813817
854: 0.812865
855: 0.811916
856: 0.810968
857: 0.811189
858: 0.811409
859: 0.810465
860: 0.810685
861: 0.809745
862: 0.809965
863: 0.810185
864: 0.810405
865: 0.810624
866: 0.810842
867: 0.81106
868: 0.811277
869: 0.811494
870: 0.811711
871: 0.811927
872: 0.812142
873: 0.811213
874: 0.810286
875: 0.809361
876: 0.809578
877: 0.809795
878: 0.810011
879: 0.810227
880: 0.810443
881: 0.810658
882: 0.80974
883: 0.808824
884: 0.80904
885: 0.809255
886: 0.80947
887: 0.809685
888: 0.809899
889: 0.810112
890: 0.810325
891: 0.810538
892: 0.81075
893: 0.810962
894: 0.811173
895: 0.811384
896: 0.811594
897: 0.811804
898: 0.810901
899: 0.81
900: 0.809101
901: 0.808204
902: 0.807309
903: 0.807522
904: 0.807735
905: 0.807947
906: 0.808159
907: 0.80837
908: 0.808581
909: 0.807692
910: 0.807903
911: 0.807018
912: 0.806134
913: 0.806346
914: 0.805464
915: 0.805677
916: 0.805889
917: 0.8061
918: 0.806311
919: 0.806522
920: 0.806732
921: 0.806941
922: 0.807151
923: 0.807359
924: 0.806486
925: 0.805616
926: 0.804746
927: 0.804957
928: 0.805167
929: 0.805376
930: 0.804511
931: 0.803648
932: 0.802787
933: 0.801927
934: 0.802139
935: 0.80235
936: 0.802561
937: 0.802772
938: 0.802982
939: 0.802128
940: 0.802338
941: 0.802548
942: 0.801697
943: 0.801907
944: 0.802116
945: 0.802326
946: 0.802534
947: 0.802743
948: 0.80295
949: 0.803158
950: 0.803365
951: 0.803571
952: 0.803778
953: 0.803983
954: 0.804188
955: 0.804393
956: 0.804598
957: 0.804802
958: 0.805005
959: 0.805208
960: 0.805411
961: 0.805613
962: 0.805815
963: 0.806017
964: 0.806218
965: 0.806418
966: 0.806618
967: 0.806818
968: 0.807018
969: 0.807216
970: 0.807415
971: 0.807613
972: 0.807811
973: 0.808008
974: 0.808205
975: 0.808402
976: 0.808598
977: 0.808793
978: 0.808989
979: 0.809184
980: 0.809378
981: 0.809572
982: 0.809766
983: 0.809959
984: 0.810152
985: 0.810345
986: 0.810537
987: 0.810729
988: 0.81092
989: 0.811111
990: 0.811302
991: 0.810484
992: 0.809668
993: 0.809859
994: 0.81005
995: 0.810241
996: 0.810431
997: 0.810621
998: 0.810811
999: 0.811
1000: 0.811189
1001: 0.811377
1002: 0.810568
1003: 0.810757
1004: 0.80995
1005: 0.810139
1006: 0.810328
1007: 0.810516
1008: 0.810704
1009: 0.810891
1010: 0.810089
1011: 0.809289
1012: 0.809477
1013: 0.809665
1014: 0.809852
1015: 0.810039
1016: 0.810226
1017: 0.810413
1018: 0.810599
1019: 0.810784
1020: 0.80999
1021: 0.810176
1022: 0.810362
1023: 0.80957
1024: 0.80878
1025: 0.807992
1026: 0.807205
1027: 0.807393
1028: 0.80758
1029: 0.807767
1030: 0.807953
1031: 0.80814
1032: 0.808325
1033: 0.807544
1034: 0.807729
1035: 0.807915
1036: 0.8081
1037: 0.808285
1038: 0.80847
1039: 0.808654
1040: 0.808838
1041: 0.809021
1042: 0.808245
1043: 0.807471
1044: 0.807656
1045: 0.806883
1046: 0.807068
1047: 0.807252
1048: 0.807436
1049: 0.807619
1050: 0.807802
1051: 0.807034
1052: 0.807217
1053: 0.806452
1054: 0.806635
1055: 0.805871
1056: 0.806055
1057: 0.806238
1058: 0.806421
1059: 0.80566
1060: 0.805844
1061: 0.805085
1062: 0.805268
1063: 0.805451
1064: 0.805634
1065: 0.805816
1066: 0.805998
1067: 0.80618
1068: 0.806361
1069: 0.806542
1070: 0.806723
1071: 0.806903
1072: 0.807083
1073: 0.807263
1074: 0.806512
1075: 0.806691
1076: 0.805942
1077: 0.806122
1078: 0.806302
1079: 0.806481
1080: 0.80666
1081: 0.806839
1082: 0.807018
1083: 0.807196
1084: 0.807373
1085: 0.80663
1086: 0.806808
1087: 0.806985
1088: 0.806244
1089: 0.806422
1090: 0.806599
1091: 0.806777
1092: 0.806953
1093: 0.80713
1094: 0.807306
1095: 0.807482
1096: 0.807657
1097: 0.807832
1098: 0.808007
1099: 0.808182
1100: 0.807448
1101: 0.807623
1102: 0.807797
1103: 0.807971
1104: 0.808145
1105: 0.808318
1106: 0.808491
1107: 0.808664
1108: 0.807935
1109: 0.808108
1110: 0.808281
1111: 0.808453
1112: 0.808625
1113: 0.807899
1114: 0.808072
1115: 0.808244
1116: 0.808415
1117: 0.808587
1118: 0.808758
1119: 0.808929
1120: 0.809099
1121: 0.809269
1122: 0.808549
1123: 0.808719
1124: 0.808889
1125: 0.808171
1126: 0.807453
1127: 0.807624
1128: 0.807795
1129: 0.807965
1130: 0.80725
1131: 0.806537
1132: 0.805825
1133: 0.805115
1134: 0.805286
1135: 0.805458
1136: 0.805629
1137: 0.8058
1138: 0.80597
1139: 0.80614
1140: 0.80631
1141: 0.80648
1142: 0.806649
1143: 0.805944
1144: 0.80524
1145: 0.804538
1146: 0.803836
1147: 0.803136
1148: 0.802437
1149: 0.801739
1150: 0.801043
1151: 0.801215
1152: 0.801388
1153: 0.80156
1154: 0.801732
1155: 0.801903
1156: 0.802074
1157: 0.801382
1158: 0.80069
1159: 0.8
1160: 0.799311
1161: 0.799484
1162: 0.799656
1163: 0.799828
1164: 0.8
1165: 0.800172
1166: 0.800343
1167: 0.799658
1168: 0.799829
1169: 0.8
1170: 0.800171
1171: 0.800341
1172: 0.799659
1173: 0.798978
1174: 0.799149
1175: 0.79932
1176: 0.79949
1177: 0.79966
1178: 0.79983
1179: 0.8
1180: 0.800169
1181: 0.800338
1182: 0.800507
1183: 0.800676
1184: 0.800844
1185: 0.801012
1186: 0.801179
1187: 0.801347
1188: 0.801514
1189: 0.801681
1190: 0.801847
1191: 0.802013
1192: 0.802179
1193: 0.802345
1194: 0.80251
1195: 0.802676
1196: 0.80284
1197: 0.803005
1198: 0.803169
1199: 0.803333
1200: 0.803497
1201: 0.803661
1202: 0.803824
1203: 0.803987
1204: 0.804149
1205: 0.804312
1206: 0.804474
1207: 0.804636
1208: 0.804797
1209: 0.804132
1210: 0.804294
1211: 0.804455
1212: 0.804617
1213: 0.804778
1214: 0.804938
1215: 0.804276
1216: 0.804437
1217: 0.804598
1218: 0.804758
1219: 0.804918
1220: 0.804259
1221: 0.804419
1222: 0.803761
1223: 0.803105
1224: 0.802449
1225: 0.80261
1226: 0.802771
1227: 0.802932
1228: 0.803092
1229: 0.803252
1230: 0.803412
1231: 0.803571
1232: 0.803731
1233: 0.80389
1234: 0.804049
1235: 0.804207
1236: 0.804365
1237: 0.804523
1238: 0.804681
1239: 0.804839
1240: 0.804996
1241: 0.805153
1242: 0.80531
1243: 0.805466
1244: 0.805622
1245: 0.805778
1246: 0.805934
1247: 0.805288
1248: 0.805444
1249: 0.8056
1250: 0.805755
1251: 0.805911
1252: 0.806065
1253: 0.80622
1254: 0.806375
1255: 0.806529
1256: 0.805887
1257: 0.805246
1258: 0.805401
1259: 0.805556
1260: 0.80571
1261: 0.805864
1262: 0.806017
1263: 0.806171
1264: 0.805534
1265: 0.804897
1266: 0.804262
1267: 0.803628
1268: 0.802994
1269: 0.80315
1270: 0.803304
1271: 0.803459
1272: 0.803614
1273: 0.803768
1274: 0.803922
1275: 0.804075
1276: 0.804229
1277: 0.804382
1278: 0.804535
1279: 0.804688
1280: 0.80484
1281: 0.804992
1282: 0.805144
1283: 0.805296
1284: 0.805447
1285: 0.804821
1286: 0.804196
1287: 0.804348
1288: 0.803724
1289: 0.803101
1290: 0.803253
1291: 0.803406
1292: 0.803558
1293: 0.803709
1294: 0.803089
1295: 0.802469
1296: 0.80185
1297: 0.802003
1298: 0.802156
1299: 0.802308
1300: 0.80246
1301: 0.802611
1302: 0.802763
1303: 0.802914
1304: 0.803065
1305: 0.803216
1306: 0.803366
1307: 0.803517
1308: 0.803667
1309: 0.803817
1310: 0.803966
1311: 0.804116
1312: 0.804265
1313: 0.804414
1314: 0.804563
1315: 0.804711
1316: 0.80486
1317: 0.805008
1318: 0.805155
1319: 0.805303
1320: 0.80545
1321: 0.805598
1322: 0.805745
1323: 0.805891
1324: 0.806038
1325: 0.806184
1326: 0.80633
1327: 0.806476
1328: 0.806622
1329: 0.806015
1330: 0.806161
1331: 0.806306
1332: 0.806452
1333: 0.806597
1334: 0.806742
1335: 0.806886
1336: 0.807031
1337: 0.806428
1338: 0.805825
1339: 0.805224
1340: 0.805369
1341: 0.804769
1342: 0.804914
1343: 0.80506
1344: 0.805204
1345: 0.805349
1346: 0.805494
1347: 0.805638
1348: 0.805782
1349: 0.805926
1350: 0.80607
1351: 0.806213
1352: 0.806356
1353: 0.806499
1354: 0.806642
1355: 0.806047
1356: 0.805453
1357: 0.805596
1358: 0.80574
1359: 0.805882
1360: 0.806025
1361: 0.806167
1362: 0.80631
1363: 0.806452
1364: 0.805861
1365: 0.805271
1366: 0.805413
1367: 0.805556
1368: 0.804967
1369: 0.80438
1370: 0.803793
1371: 0.803207
1372: 0.80335
1373: 0.803493
1374: 0.802909
1375: 0.803052
1376: 0.803195
1377: 0.803338
1378: 0.803481
1379: 0.803623
1380: 0.803765
1381: 0.803907
1382: 0.804049
1383: 0.804191
1384: 0.80361
1385: 0.80303
1386: 0.803172
1387: 0.803314
1388: 0.803456
1389: 0.802878
1390: 0.803019
1391: 0.803161
1392: 0.802584
1393: 0.802726
1394: 0.802867
1395: 0.803009
1396: 0.80315
1397: 0.80329
1398: 0.803431
1399: 0.803571
1400: 0.803712
1401: 0.803852
1402: 0.803991
1403: 0.804131
1404: 0.803559
1405: 0.803698
1406: 0.803838
1407: 0.803977
1408: 0.804116
1409: 0.804255
1410: 0.804394
1411: 0.804533
1412: 0.804671
1413: 0.804809
1414: 0.804947
1415: 0.805085
1416: 0.805222
1417: 0.80536
1418: 0.805497
1419: 0.805634
1420: 0.805771
1421: 0.805907
1422: 0.806044
1423: 0.80618
1424: 0.806316
1425: 0.806452
1426: 0.806587
1427: 0.806723
1428: 0.806858
1429: 0.806993
1430: 0.807128
1431: 0.807263
1432: 0.807397
1433: 0.806834
1434: 0.806272
1435: 0.806407
1436: 0.806541
1437: 0.806676
1438: 0.806115
1439: 0.80625
1440: 0.806384
1441: 0.806519
1442: 0.806653
1443: 0.806787
1444: 0.80692
1445: 0.806362
1446: 0.805805
1447: 0.805249
1448: 0.804693
1449: 0.804828
1450: 0.804962
1451: 0.805096
1452: 0.805231
1453: 0.805365
1454: 0.805498
1455: 0.805632
1456: 0.805765
1457: 0.805898
1458: 0.805346
1459: 0.804795
1460: 0.804244
1461: 0.804378
1462: 0.803828
1463: 0.803279
1464: 0.80273
1465: 0.802183
1466: 0.802318
1467: 0.802452
1468: 0.802587
1469: 0.802041
1470: 0.802175
1471: 0.80231
1472: 0.802444
1473: 0.802578
1474: 0.802712
1475: 0.802846
1476: 0.802979
1477: 0.803112
1478: 0.803245
1479: 0.803378
1480: 0.803511
1481: 0.802969
1482: 0.803102
1483: 0.803235
1484: 0.803367
1485: 0.803499
1486: 0.803631
1487: 0.803763
1488: 0.803895
1489: 0.804027
1490: 0.804158
1491: 0.803619
1492: 0.803081
1493: 0.803213
1494: 0.803344
1495: 0.803476
1496: 0.803607
1497: 0.803738
1498: 0.803869
1499: 0.804
1500: 0.804131
1501: 0.804261
1502: 0.804391
1503: 0.803856
1504: 0.803987
1505: 0.804117
1506: 0.804247
1507: 0.804377
1508: 0.804506
1509: 0.804636
1510: 0.804765
1511: 0.804894
1512: 0.805023
1513: 0.804491
1514: 0.80396
1515: 0.80409
1516: 0.804219
1517: 0.804348
1518: 0.804477
1519: 0.804605
1520: 0.804734
1521: 0.804862
1522: 0.80499
1523: 0.805118
1524: 0.805246
1525: 0.805374
1526: 0.805501
1527: 0.805628
1528: 0.805755
1529: 0.805882
1530: 0.806009
1531: 0.806136
1532: 0.806262
1533: 0.805737
1534: 0.805212
1535: 0.804688
1536: 0.804164
1537: 0.804291
1538: 0.804418
1539: 0.804545
1540: 0.804672
1541: 0.804799
1542: 0.804925
1543: 0.805052
1544: 0.805178
1545: 0.805304
1546: 0.80543
1547: 0.805556
1548: 0.805681
1549: 0.805806
1550: 0.805932
1551: 0.806057
1552: 0.805538
1553: 0.805663
1554: 0.805788
1555: 0.805913
1556: 0.805395
1557: 0.80552
1558: 0.805645
1559: 0.805769
1560: 0.805894
1561: 0.806018
1562: 0.806142
1563: 0.806266
1564: 0.805751
1565: 0.805236
1566: 0.805361
1567: 0.805485
1568: 0.805609
1569: 0.805732
1570: 0.805856
1571: 0.80598
1572: 0.805467
1573: 0.804956
1574: 0.804444
1575: 0.803934
1576: 0.804058
1577: 0.804183
1578: 0.804307
1579: 0.80443
1580: 0.804554
1581: 0.804678
1582: 0.804801
1583: 0.804924
1584: 0.805047
1585: 0.80517
1586: 0.805293
1587: 0.805416
1588: 0.805538
1589: 0.80566
1590: 0.805154
1591: 0.804648
1592: 0.804143
1593: 0.803639
1594: 0.803762
1595: 0.803258
1596: 0.802755
1597: 0.802879
1598: 0.803002
1599: 0.803125
1600: 0.803248
1601: 0.803371
1602: 0.803493
1603: 0.803616
1604: 0.803738
1605: 0.803861
1606: 0.803983
1607: 0.803483
1608: 0.803605
1609: 0.803727
1610: 0.803849
1611: 0.80397
1612: 0.804092
1613: 0.804213
1614: 0.804334
1615: 0.804455
1616: 0.804576
1617: 0.804697
1618: 0.804818
1619: 0.804938
1620: 0.805059
1621: 0.805179
1622: 0.805299
1623: 0.804803
1624: 0.804308
1625: 0.803813
1626: 0.803934
1627: 0.804054
1628: 0.804174
1629: 0.804294
1630: 0.804414
1631: 0.804534
1632: 0.804654
1633: 0.804774
1634: 0.804893
1635: 0.805012
1636: 0.805131
1637: 0.80525
1638: 0.805369
1639: 0.805488
1640: 0.805606
1641: 0.805725
1642: 0.805843
1643: 0.805961
1644: 0.806079
1645: 0.806197
1646: 0.806315
1647: 0.806432
1648: 0.806549
1649: 0.806667
1650: 0.806784
1651: 0.806901
1652: 0.806413
1653: 0.805925
1654: 0.806042
1655: 0.806159
1656: 0.806276
1657: 0.806393
1658: 0.80651
1659: 0.806627
1660: 0.806743
1661: 0.806859
1662: 0.806975
1663: 0.80649
1664: 0.806607
1665: 0.806723
1666: 0.806239
1667: 0.806355
1668: 0.806471
1669: 0.806587
1670: 0.806703
1671: 0.806818
1672: 0.806934
1673: 0.807049
1674: 0.807164
1675: 0.806683
1676: 0.806798
1677: 0.806913
1678: 0.807028
1679: 0.807143
1680: 0.807258
1681: 0.806778
1682: 0.806892
1683: 0.807007
1684: 0.807122
1685: 0.807236
1686: 0.80735
1687: 0.807464
1688: 0.807578
1689: 0.807101
1690: 0.807215
1691: 0.807329
1692: 0.807442
1693: 0.806966
1694: 0.80708
1695: 0.807193
1696: 0.807307
1697: 0.80742
1698: 0.807534
1699: 0.807647
1700: 0.80776
1701: 0.807873
1702: 0.807986
1703: 0.808099
1704: 0.808211
1705: 0.808324
1706: 0.808436
1707: 0.808548
1708: 0.80866
1709: 0.808772
1710: 0.808884
1711: 0.808995
1712: 0.809107
1713: 0.808635
1714: 0.808746
1715: 0.808858
1716: 0.808969
1717: 0.80908
1718: 0.809191
1719: 0.809302
1720: 0.809413
1721: 0.808943
1722: 0.808474
1723: 0.808585
1724: 0.808696
1725: 0.808806
1726: 0.808917
1727: 0.809028
1728: 0.809138
1729: 0.809249
1730: 0.809359
1731: 0.809469
1732: 0.809579
1733: 0.809689
1734: 0.809798
1735: 0.809908
1736: 0.810017
1737: 0.810127
1738: 0.810236
1739: 0.810345
1740: 0.810454
1741: 0.810563
1742: 0.810671
1743: 0.81078
1744: 0.810315
1745: 0.810424
1746: 0.810532
1747: 0.810641
1748: 0.810749
1749: 0.810286
1750: 0.809823
1751: 0.809361
1752: 0.808899
1753: 0.809008
1754: 0.809117
1755: 0.809226
1756: 0.808765
1757: 0.808874
1758: 0.808982
1759: 0.809091
1760: 0.809199
1761: 0.809308
1762: 0.809416
1763: 0.809524
1764: 0.809632
1765: 0.80974
1766: 0.809847
1767: 0.809955
1768: 0.810062
1769: 0.810169
1770: 0.810277
1771: 0.810384
1772: 0.810491
1773: 0.810598
1774: 0.810141
1775: 0.809685
1776: 0.809792
1777: 0.809899
1778: 0.810006
1779: 0.810112
1780: 0.810219
1781: 0.810325
1782: 0.810432
1783: 0.810538
1784: 0.810084
1785: 0.80963
1786: 0.809737
1787: 0.809843
1788: 0.80995
1789: 0.810056
1790: 0.810162
1791: 0.810268
1792: 0.810374
1793: 0.810479
1794: 0.810585
1795: 0.81069
1796: 0.810796
1797: 0.810901
1798: 0.811006
1799: 0.811111
1800: 0.811216
1801: 0.811321
1802: 0.810871
1803: 0.810421
1804: 0.809972
1805: 0.810078
1806: 0.810183
1807: 0.810288
1808: 0.810392
1809: 0.810497
1810: 0.810602
1811: 0.810706
1812: 0.810811
1813: 0.810915
1814: 0.811019
1815: 0.811123
1816: 0.811227
1817: 0.811331
1818: 0.811435
1819: 0.811538
1820: 0.811642
1821: 0.811745
1822: 0.811849
1823: 0.811952
1824: 0.812055
1825: 0.812158
1826: 0.812261
1827: 0.812363
1828: 0.812466
1829: 0.812568
1830: 0.812671
1831: 0.812773
1832: 0.812875
1833: 0.812977
1834: 0.813079
1835: 0.813181
1836: 0.813283
1837: 0.813384
1838: 0.813486
1839: 0.813587
1840: 0.813145
1841: 0.812704
1842: 0.812805
1843: 0.812907
1844: 0.813008
1845: 0.813109
1846: 0.813211
1847: 0.813312
1848: 0.813413
1849: 0.813514
1850: 0.813614
1851: 0.813715
1852: 0.813815
1853: 0.813376
1854: 0.812938
1855: 0.813039
1856: 0.813139
1857: 0.81324
1858: 0.812803
1859: 0.812903
1860: 0.813004
1861: 0.813104
1862: 0.813205
1863: 0.812768
1864: 0.812332
1865: 0.811897
1866: 0.811462
1867: 0.811563
1868: 0.811664
1869: 0.811765
1870: 0.811865
1871: 0.811966
1872: 0.812066
1873: 0.811633
1874: 0.8112
1875: 0.810768
1876: 0.810868
1877: 0.810437
1878: 0.810538
1879: 0.810638
1880: 0.810739
1881: 0.81084
1882: 0.81094
1883: 0.81104
1884: 0.811141
1885: 0.811241
1886: 0.811341
1887: 0.811441
1888: 0.81154
1889: 0.81164
1890: 0.81174
1891: 0.811839
1892: 0.811939
1893: 0.81151
1894: 0.811082
1895: 0.811181
1896: 0.811281
1897: 0.81138
1898: 0.81148
1899: 0.811579
1900: 0.811678
1901: 0.811777
1902: 0.811876
1903: 0.811975
1904: 0.812073
1905: 0.812172
1906: 0.812271
1907: 0.812369
1908: 0.812467
1909: 0.812565
1910: 0.812664
1911: 0.812762
1912: 0.812337
1913: 0.812435
1914: 0.812533
1915: 0.81263
1916: 0.812207
1917: 0.812304
1918: 0.812402
1919: 0.8125
1920: 0.812598
1921: 0.812695
1922: 0.812793
1923: 0.81289
1924: 0.812987
1925: 0.813084
1926: 0.813181
1927: 0.813278
1928: 0.813375
1929: 0.812953
1930: 0.81305
1931: 0.813147
1932: 0.813244
1933: 0.81334
1934: 0.81292
1935: 0.813017
1936: 0.813113
1937: 0.813209
1938: 0.813306
1939: 0.813402
1940: 0.813498
1941: 0.813594
1942: 0.81369
1943: 0.813786
1944: 0.813882
1945: 0.813977
1946: 0.814073
1947: 0.814168
1948: 0.814264
1949: 0.814359
1950: 0.814454
1951: 0.814549
1952: 0.814644
1953: 0.814739
1954: 0.814322
1955: 0.813906
1956: 0.81349
1957: 0.813585
1958: 0.81368
1959: 0.813776
1960: 0.81387
1961: 0.813965
1962: 0.81406
1963: 0.814155
1964: 0.81374
1965: 0.813835
1966: 0.81393
1967: 0.814024
1968: 0.814119
1969: 0.814213
1970: 0.814307
1971: 0.814402
1972: 0.814496
1973: 0.81459
1974: 0.814177
1975: 0.813765
1976: 0.813354
1977: 0.813448
1978: 0.813542
1979: 0.813636
1980: 0.81373
1981: 0.81332
1982: 0.813414
1983: 0.813508
1984: 0.813602
1985: 0.813696
1986: 0.81379
1987: 0.813883
1988: 0.813977
1989: 0.81407
1990: 0.814164
1991: 0.814257
1992: 0.81435
1993: 0.814443
1994: 0.814536
1995: 0.814629
1996: 0.814722
1997: 0.814815
1998: 0.814907
1999: 0.815
2000: 0.815092
2001: 0.815185
2002: 0.815277
2003: 0.81487
2004: 0.814464
2005: 0.814556
2006: 0.814649
2007: 0.814741
2008: 0.814833
2009: 0.814925
2010: 0.815017
2011: 0.814612
2012: 0.814208
2013: 0.813803
2014: 0.813896
2015: 0.813988
2016: 0.81408
2017: 0.814172
2018: 0.814264
2019: 0.814356
2020: 0.814448
2021: 0.81454
2022: 0.814632
2023: 0.814723
2024: 0.814815
2025: 0.814906
2026: 0.814998
2027: 0.815089
2028: 0.814687
2029: 0.814286
2030: 0.814377
2031: 0.814469
2032: 0.81456
2033: 0.814651
2034: 0.814742
2035: 0.814833
2036: 0.814924
2037: 0.815015
2038: 0.815105
2039: 0.815196
2040: 0.815287
2041: 0.815377
2042: 0.815467
2043: 0.815558
2044: 0.815648
2045: 0.815738
2046: 0.815828
2047: 0.815918
2048: 0.816008
2049: 0.816098
2050: 0.816187
2051: 0.816277
2052: 0.816366
2053: 0.816456
2054: 0.816545
2055: 0.816634
2056: 0.816723
2057: 0.816812
2058: 0.816901
2059: 0.81699
2060: 0.817079
2061: 0.817168
2062: 0.817256
2063: 0.817345
2064: 0.817433
2065: 0.817522
2066: 0.81761
2067: 0.817698
2068: 0.817786
2069: 0.817391
2070: 0.816997
2071: 0.816602
2072: 0.816208
2073: 0.816297
2074: 0.816386
2075: 0.816474
2076: 0.816562
2077: 0.816651
2078: 0.816739
2079: 0.816827
2080: 0.816915
2081: 0.817003
2082: 0.817091
2083: 0.817179
2084: 0.817266
2085: 0.817354
2086: 0.817441
2087: 0.817529
2088: 0.817616
2089: 0.817703
2090: 0.817791
2091: 0.817878
2092: 0.817965
2093: 0.818052
2094: 0.818138
2095: 0.818225
2096: 0.817835
2097: 0.817922
2098: 0.818009
2099: 0.818095
2100: 0.818182
2101: 0.818268
2102: 0.818355
2103: 0.818441
2104: 0.818052
2105: 0.817664
2106: 0.81775
2107: 0.817837
2108: 0.817923
2109: 0.818009
2110: 0.818096
2111: 0.818182
2112: 0.818268
2113: 0.818354
2114: 0.81844
2115: 0.818526
2116: 0.818611
2117: 0.818697
2118: 0.818782
2119: 0.818868
2120: 0.818953
2121: 0.819039
2122: 0.819124
2123: 0.819209
2124: 0.819294
2125: 0.819379
2126: 0.819464
2127: 0.819549
2128: 0.819634
2129: 0.819718
2130: 0.819803
2131: 0.819887
2132: 0.819972
2133: 0.820056
2134: 0.820141
2135: 0.820225
2136: 0.820309
2137: 0.820393
2138: 0.820477
2139: 0.820561
2140: 0.820177
2141: 0.819795
2142: 0.819879
2143: 0.819963
2144: 0.820047
2145: 0.82013
2146: 0.820214
2147: 0.820298
2148: 0.820382
2149: 0.820465
2150: 0.820549
2151: 0.820632
2152: 0.820715
2153: 0.820799
2154: 0.820882
2155: 0.820501
2156: 0.820121
2157: 0.820204
2158: 0.820287
2159: 0.819907
2160: 0.819991
2161: 0.820074
2162: 0.820157
2163: 0.819778
2164: 0.8194
2165: 0.819483
2166: 0.819566
2167: 0.819649
2168: 0.819272
2169: 0.818894
2170: 0.818517
2171: 0.8186
2172: 0.818684
2173: 0.818307
2174: 0.817931
2175: 0.817555
2176: 0.81718
2177: 0.816804
2178: 0.81643
2179: 0.816055
2180: 0.816139
2181: 0.816224
2182: 0.816308
2183: 0.816392
2184: 0.816476
2185: 0.81656
2186: 0.816644
2187: 0.816728
2188: 0.816811
2189: 0.816895
2190: 0.816979
2191: 0.817062
2192: 0.816689
2193: 0.816773
2194: 0.816856
2195: 0.81694
2196: 0.817023
2197: 0.817106
2198: 0.81719
2199: 0.817273
2200: 0.817356
2201: 0.817439
2202: 0.817522
2203: 0.817604
2204: 0.817687
2205: 0.81777
2206: 0.817852
2207: 0.817935
2208: 0.818017
2209: 0.8181
2210: 0.818182
2211: 0.818264
2212: 0.818346
2213: 0.818428
2214: 0.81851
2215: 0.818592
2216: 0.818223
2217: 0.818305
2218: 0.818387
2219: 0.818468
2220: 0.81855
2221: 0.818632
2222: 0.818713
2223: 0.818795
2224: 0.818876
2225: 0.818958
2226: 0.819039
2227: 0.81912
2228: 0.819201
2229: 0.819283
2230: 0.819364
2231: 0.819444
2232: 0.819525
2233: 0.819606
2234: 0.819687
2235: 0.81932
2236: 0.818954
2237: 0.819035
2238: 0.818669
2239: 0.818304
2240: 0.817938
2241: 0.817574
2242: 0.817209
2243: 0.816845
2244: 0.816927
2245: 0.817008
2246: 0.817089
2247: 0.817171
2248: 0.817252
2249: 0.817333
2250: 0.817414
2251: 0.817496
2252: 0.817577
2253: 0.817657
2254: 0.817738
2255: 0.817819
2256: 0.8179
2257: 0.817981
2258: 0.818061
2259: 0.818142
2260: 0.818222
2261: 0.818302
2262: 0.818383
2263: 0.818463
2264: 0.818543
2265: 0.818623
2266: 0.818703
2267: 0.818783
2268: 0.818863
2269: 0.818943
2270: 0.818582
2271: 0.818222
2272: 0.817862
2273: 0.817942
2274: 0.818022
2275: 0.818102
2276: 0.818182
2277: 0.818262
2278: 0.817903
2279: 0.817544
2280: 0.817624
2281: 0.817704
2282: 0.817346
2283: 0.816988
2284: 0.817068
2285: 0.817148
2286: 0.816791
2287: 0.816871
2288: 0.816951
2289: 0.816594
2290: 0.816674
2291: 0.816754
2292: 0.816398
2293: 0.816478
2294: 0.816558
2295: 0.816638
2296: 0.816717
2297: 0.816362
2298: 0.816007
2299: 0.815652
2300: 0.815298
2301: 0.814944
2302: 0.815024
2303: 0.815104
2304: 0.815184
2305: 0.815265
2306: 0.815345
2307: 0.815425
2308: 0.815505
2309: 0.815584
2310: 0.815664
2311: 0.815744
2312: 0.815824
2313: 0.815903
2314: 0.815983
2315: 0.816062
2316: 0.816142
2317: 0.816221
2318: 0.8163
2319: 0.816379
2320: 0.816458
2321: 0.816537
2322: 0.816616
2323: 0.816265
2324: 0.816344
2325: 0.816423
2326: 0.816502
2327: 0.816581
2328: 0.81666
2329: 0.816738
2330: 0.816388
2331: 0.816038
2332: 0.815688
2333: 0.815767
2334: 0.815846
2335: 0.815925
2336: 0.816003
2337: 0.816082
2338: 0.816161
2339: 0.816239
2340: 0.815891
2341: 0.815542
2342: 0.815194
2343: 0.814846
2344: 0.814499
2345: 0.814152
2346: 0.813805
2347: 0.813884
2348: 0.813963
2349: 0.814043
2350: 0.814122
2351: 0.813776
2352: 0.81343
2353: 0.813084
2354: 0.812739
2355: 0.812818
2356: 0.812898
2357: 0.812977
2358: 0.813056
2359: 0.813136
2360: 0.813215
2361: 0.813294
2362: 0.813373
2363: 0.813452
2364: 0.813531
2365: 0.813187
2366: 0.812843
2367: 0.8125
2368: 0.812579
2369: 0.812658
2370: 0.812737
2371: 0.812816
2372: 0.812895
2373: 0.812974
2374: 0.813053
2375: 0.813131
2376: 0.81321
2377: 0.813288
2378: 0.813367
2379: 0.813445
2380: 0.813524
2381: 0.813182
2382: 0.813261
2383: 0.813339
2384: 0.813417
2385: 0.813495
2386: 0.813574
2387: 0.813652
2388: 0.81373
2389: 0.813808
2390: 0.813885
2391: 0.813963
2392: 0.814041
2393: 0.814119
2394: 0.814196
2395: 0.814274
2396: 0.814351
2397: 0.814429
2398: 0.814506
2399: 0.814583
2400: 0.814661
2401: 0.814738
2402: 0.814815
2403: 0.814892
2404: 0.814969
2405: 0.815046
2406: 0.815123
2407: 0.815199
2408: 0.815276
2409: 0.815353
2410: 0.815429
2411: 0.815506
2412: 0.815582
2413: 0.815659
2414: 0.815321
2415: 0.815397
2416: 0.81506
2417: 0.814723
2418: 0.8148
2419: 0.814876
2420: 0.814952
2421: 0.815029
2422: 0.815105
2423: 0.815182
2424: 0.815258
2425: 0.815334
2426: 0.81541
2427: 0.815486
2428: 0.815562
2429: 0.815638
2430: 0.815714
2431: 0.815789
2432: 0.815865
2433: 0.815941
2434: 0.815606
2435: 0.815271
2436: 0.815347
2437: 0.815422
2438: 0.815498
2439: 0.815574
2440: 0.815649
2441: 0.815725
2442: 0.8158
2443: 0.815876
2444: 0.815951
2445: 0.816026
2446: 0.816101
2447: 0.816176
2448: 0.815843
2449: 0.815918
2450: 0.815993
2451: 0.816069
2452: 0.816143
2453: 0.816218
2454: 0.816293
2455: 0.816368
2456: 0.816036
2457: 0.815704
2458: 0.815372
2459: 0.815041
2460: 0.814709
2461: 0.814785
2462: 0.81486
2463: 0.814935
2464: 0.814604
2465: 0.814274
2466: 0.814349
2467: 0.814425
2468: 0.8145
2469: 0.814575
2470: 0.81465
2471: 0.814725
2472: 0.8148
2473: 0.814875
2474: 0.814949
2475: 0.815024
2476: 0.814695
2477: 0.814366
2478: 0.814441
2479: 0.814516
2480: 0.814591
2481: 0.814666
2482: 0.81474
2483: 0.814815
2484: 0.814889
2485: 0.814964
2486: 0.815038
2487: 0.814711
2488: 0.814383
2489: 0.814458
2490: 0.814131
2491: 0.813804
2492: 0.813879
2493: 0.813953
2494: 0.814028
2495: 0.813702
2496: 0.813376
2497: 0.81305
2498: 0.812725
2499: 0.8124
2500: 0.812075
2501: 0.81215
2502: 0.812225
2503: 0.8123
2504: 0.812375
2505: 0.812051
2506: 0.812126
2507: 0.812201
2508: 0.812276
2509: 0.811952
2510: 0.812027
2511: 0.812102
2512: 0.812177
2513: 0.812251
2514: 0.811928
2515: 0.812003
2516: 0.812078
2517: 0.812153
2518: 0.812227
2519: 0.812302
2520: 0.812376
2521: 0.81245
2522: 0.812525
2523: 0.812599
2524: 0.812277
2525: 0.811956
2526: 0.81203
2527: 0.812104
2528: 0.811783
2529: 0.811858
2530: 0.811932
2531: 0.812006
2532: 0.812081
2533: 0.812155
2534: 0.812229
2535: 0.812303
2536: 0.812377
2537: 0.812451
2538: 0.812525
2539: 0.812598
2540: 0.812672
2541: 0.812746
2542: 0.81282
2543: 0.812893
2544: 0.812574
2545: 0.812647
2546: 0.812721
2547: 0.812794
2548: 0.812868
2549: 0.812941
2550: 0.813015
2551: 0.813088
2552: 0.813161
2553: 0.813234
2554: 0.813307
2555: 0.812989
2556: 0.812671
2557: 0.812353
2558: 0.812427
2559: 0.8125
2560: 0.812573
2561: 0.812646
2562: 0.812719
2563: 0.812793
2564: 0.812865
2565: 0.812938
2566: 0.813011
2567: 0.813084
2568: 0.813157
2569: 0.81323
2570: 0.813302
2571: 0.812986
2572: 0.81267
2573: 0.812743
2574: 0.812816
2575: 0.8125
2576: 0.812573
2577: 0.812645
2578: 0.812718
2579: 0.812791
2580: 0.812476
2581: 0.812161
2582: 0.812234
2583: 0.812307
2584: 0.812379
2585: 0.812452
2586: 0.812524
2587: 0.812597
2588: 0.812669
2589: 0.812741
2590: 0.812814
2591: 0.812886
2592: 0.812958
2593: 0.812645
2594: 0.812717
2595: 0.812789
2596: 0.812861
2597: 0.812933
2598: 0.813005
2599: 0.813077
2600: 0.813149
2601: 0.813221
2602: 0.813292
2603: 0.813364
2604: 0.813436
2605: 0.813507
2606: 0.813579
2607: 0.81365
2608: 0.813722
2609: 0.81341
2610: 0.813481
2611: 0.813553
2612: 0.813624
2613: 0.813695
2614: 0.813767
2615: 0.813456
2616: 0.813145
2617: 0.813216
2618: 0.813288
2619: 0.812977
2620: 0.813048
2621: 0.81312
2622: 0.813191
2623: 0.813262
2624: 0.813333
2625: 0.813404
2626: 0.813475
2627: 0.813546
2628: 0.813617
2629: 0.813308
2630: 0.812999
2631: 0.81307
2632: 0.813141
2633: 0.813212
2634: 0.813283
2635: 0.813354
2636: 0.813424
2637: 0.813116
2638: 0.812808
2639: 0.8125
2640: 0.812192
2641: 0.812263
2642: 0.812334
2643: 0.812027
2644: 0.81172
2645: 0.811413
2646: 0.811485
2647: 0.811556
2648: 0.811627
2649: 0.811698
2650: 0.811769
2651: 0.811463
2652: 0.811157
2653: 0.811228
2654: 0.811299
2655: 0.81137
2656: 0.811065
2657: 0.81076
2658: 0.810455
2659: 0.81015
2660: 0.810222
2661: 0.810293
2662: 0.810364
2663: 0.810435
2664: 0.810131
2665: 0.810203
2666: 0.810274
2667: 0.810345
2668: 0.810416
2669: 0.810112
2670: 0.810183
2671: 0.810254
2672: 0.810325
2673: 0.810396
2674: 0.810467
2675: 0.810538
2676: 0.810609
2677: 0.81068
2678: 0.810377
2679: 0.810448
2680: 0.810145
2681: 0.810216
2682: 0.810287
2683: 0.810358
2684: 0.810428
2685: 0.810499
2686: 0.810569
2687: 0.81064
2688: 0.81071
2689: 0.810781
2690: 0.810851
2691: 0.810921
2692: 0.81062
2693: 0.81069
2694: 0.810761
2695: 0.810831
2696: 0.810901
2697: 0.810971
2698: 0.810671
2699: 0.81037
2700: 0.810441
2701: 0.810511
2702: 0.810581
2703: 0.810651
2704: 0.810351
2705: 0.810052
2706: 0.809752
2707: 0.809453
2708: 0.809155
2709: 0.808856
2710: 0.808558
2711: 0.808628
2712: 0.808699
2713: 0.808769
2714: 0.80884
2715: 0.80891
2716: 0.80898
2717: 0.808683
2718: 0.808385
2719: 0.808456
2720: 0.808526
2721: 0.808597
2722: 0.808667
2723: 0.808737
2724: 0.808807
2725: 0.808877
2726: 0.808948
2727: 0.809018
2728: 0.809088
2729: 0.809158
2730: 0.808861
2731: 0.808565
2732: 0.808269
2733: 0.808339
2734: 0.80841
2735: 0.80848
2736: 0.80855
2737: 0.808619
2738: 0.808689
2739: 0.808759
2740: 0.808829
2741: 0.808899
2742: 0.808968
2743: 0.809038
2744: 0.809107
2745: 0.809177
2746: 0.808882
2747: 0.808952
2748: 0.809021
2749: 0.809091
2750: 0.80916
2751: 0.80923
2752: 0.809299
2753: 0.809368
2754: 0.809074
2755: 0.808781
2756: 0.808487
2757: 0.808194
2758: 0.808264
2759: 0.808333
2760: 0.808041
2761: 0.80811
2762: 0.80818
2763: 0.808249
2764: 0.807957
2765: 0.807664
2766: 0.807734
2767: 0.807803
2768: 0.807873
2769: 0.807942
2770: 0.808012
2771: 0.808081
2772: 0.807789
2773: 0.807498
2774: 0.807568
2775: 0.807637
2776: 0.807706
2777: 0.807775
2778: 0.807845
2779: 0.807914
2780: 0.807983
2781: 0.808052
2782: 0.808121
2783: 0.80819
2784: 0.807899
2785: 0.807968
2786: 0.808037
2787: 0.808106
2788: 0.808175
2789: 0.808244
2790: 0.807954
2791: 0.807665
2792: 0.807376
2793: 0.807445
2794: 0.807513
2795: 0.807582
2796: 0.807651
2797: 0.80772
2798: 0.807788
2799: 0.807857
2800: 0.807569
2801: 0.807637
2802: 0.807706
2803: 0.807775
2804: 0.807843
2805: 0.807912
2806: 0.80798
2807: 0.808048
2808: 0.808117
2809: 0.808185
2810: 0.808253
2811: 0.808321
2812: 0.80839
2813: 0.808458
2814: 0.808526
2815: 0.808594
2816: 0.808662
2817: 0.80873
2818: 0.808797
2819: 0.808865
2820: 0.808933
2821: 0.809001
2822: 0.809068
2823: 0.809136
2824: 0.80885
2825: 0.808917
2826: 0.808985
2827: 0.809052
2828: 0.80912
2829: 0.809187
2830: 0.809255
2831: 0.809322
2832: 0.809389
2833: 0.809457
2834: 0.809524
2835: 0.809591
2836: 0.809658
2837: 0.809725
2838: 0.809792
2839: 0.809859
2840: 0.809926
2841: 0.809993
2842: 0.81006
2843: 0.810127
2844: 0.810193
2845: 0.809909
2846: 0.809624
2847: 0.809691
2848: 0.809758
2849: 0.809474
2850: 0.809541
2851: 0.809607
2852: 0.809674
2853: 0.809741
2854: 0.809807
2855: 0.809874
2856: 0.80959
2857: 0.809307
2858: 0.809374
2859: 0.809441
2860: 0.809507
2861: 0.809224
2862: 0.808942
2863: 0.808659
2864: 0.808377
2865: 0.808444
2866: 0.808511
2867: 0.808577
2868: 0.808644
2869: 0.808711
2870: 0.808429
2871: 0.808496
2872: 0.808562
2873: 0.808629
2874: 0.808696
2875: 0.808762
2876: 0.808829
2877: 0.808895
2878: 0.808961
2879: 0.809028
2880: 0.809094
2881: 0.80916
2882: 0.809227
2883: 0.809293
2884: 0.809359
2885: 0.809425
2886: 0.809144
2887: 0.809211
2888: 0.809277
2889: 0.809343
2890: 0.809409
2891: 0.809474
2892: 0.80954
2893: 0.809606
2894: 0.809672
2895: 0.809738
2896: 0.809803
2897: 0.809869
2898: 0.809934
2899: 0.81
2900: 0.810065
2901: 0.810131
2902: 0.810196
2903: 0.810262
2904: 0.810327
2905: 0.810392
2906: 0.810458
2907: 0.810523
2908: 0.810588
2909: 0.810653
2910: 0.810718
2911: 0.810783
2912: 0.810848
2913: 0.810913
2914: 0.810978
2915: 0.811043
2916: 0.811107
2917: 0.811172
2918: 0.810894
2919: 0.810616
2920: 0.810681
2921: 0.810746
2922: 0.810811
2923: 0.810876
2924: 0.81094
2925: 0.811005
2926: 0.811069
2927: 0.811134
2928: 0.811198
2929: 0.811263
2930: 0.811327
2931: 0.811392
2932: 0.811456
2933: 0.81152
2934: 0.811244
2935: 0.810967
2936: 0.811032
2937: 0.811096
2938: 0.81082
2939: 0.810884
2940: 0.810949
2941: 0.811013
2942: 0.811077
2943: 0.811141
2944: 0.811205
2945: 0.81127
2946: 0.811334
2947: 0.811398
2948: 0.811462
2949: 0.811525
2950: 0.811589
2951: 0.811314
2952: 0.811378
2953: 0.811442
2954: 0.811506
2955: 0.81157
2956: 0.811633
2957: 0.811697
2958: 0.811761
2959: 0.811486
2960: 0.81155
2961: 0.811614
2962: 0.81134
2963: 0.811404
2964: 0.811467
2965: 0.811194
2966: 0.811257
2967: 0.811321
2968: 0.811384
2969: 0.811448
2970: 0.811511
2971: 0.811575
2972: 0.811638
2973: 0.811701
2974: 0.811765
2975: 0.811828
2976: 0.811891
2977: 0.811954
2978: 0.811682
2979: 0.811409
2980: 0.811137
2981: 0.811201
2982: 0.811264
2983: 0.811327
2984: 0.81139
2985: 0.811453
2986: 0.811517
2987: 0.81158
2988: 0.811308
2989: 0.811037
2990: 0.810766
2991: 0.810829
2992: 0.810892
2993: 0.810955
2994: 0.811018
2995: 0.811081
2996: 0.811144
2997: 0.811207
2998: 0.81127
2999: 0.811
3000: 0.811063
3001: 0.811126
3002: 0.811189
3003: 0.811252
3004: 0.811314
3005: 0.811377
3006: 0.81144
3007: 0.811503
3008: 0.811565
3009: 0.811628
3010: 0.81169
3011: 0.811753
3012: 0.811815
3013: 0.811878
3014: 0.81194
3015: 0.811671
3016: 0.811734
3017: 0.811796
3018: 0.811858
3019: 0.811921
3020: 0.811983
3021: 0.812045
3022: 0.812107
3023: 0.812169
3024: 0.811901
3025: 0.811963
3026: 0.812025
3027: 0.812087
3028: 0.812149
3029: 0.811881
3030: 0.811943
3031: 0.812005
3032: 0.812067
3033: 0.812129
3034: 0.812191
3035: 0.812253
3036: 0.812315
3037: 0.812377
3038: 0.812438
3039: 0.8125
3040: 0.812562
3041: 0.812623
3042: 0.812356
3043: 0.812418
3044: 0.812479
3045: 0.812541
3046: 0.812603
3047: 0.812664
3048: 0.812725
3049: 0.812787
3050: 0.812848
3051: 0.81291
3052: 0.812971
3053: 0.813032
3054: 0.813093
3055: 0.812827
3056: 0.812561
3057: 0.812623
3058: 0.812684
3059: 0.812745
3060: 0.812806
3061: 0.812867
3062: 0.812929
3063: 0.81299
3064: 0.813051
3065: 0.813112
3066: 0.813172
3067: 0.813233
3068: 0.813294
3069: 0.813355
3070: 0.813416
3071: 0.813477
3072: 0.813212
3073: 0.813273
3074: 0.813333
3075: 0.813394
3076: 0.813455
3077: 0.81319
3078: 0.813251
3079: 0.813312
3080: 0.813372
3081: 0.813433
3082: 0.813493
3083: 0.813554
3084: 0.813614
3085: 0.813675
3086: 0.813735
3087: 0.813795
3088: 0.813856
3089: 0.813916
3090: 0.813976
3091: 0.814036
3092: 0.814096
3093: 0.814156
3094: 0.814216
3095: 0.814276
3096: 0.814336
3097: 0.814396
3098: 0.814456
3099: 0.814516
3100: 0.814576
3101: 0.814313
3102: 0.814051
3103: 0.814111
3104: 0.814171
3105: 0.814231
3106: 0.81429
3107: 0.81435
3108: 0.81441
3109: 0.814148
3110: 0.814208
3111: 0.814267
3112: 0.814327
3113: 0.814387
3114: 0.814446
3115: 0.814506
3116: 0.814565
3117: 0.814625
3118: 0.814684
3119: 0.814744
3120: 0.814803
3121: 0.814862
3122: 0.814922
3123: 0.814981
3124: 0.81504
3125: 0.815099
3126: 0.815158
3127: 0.815217
3128: 0.815276
3129: 0.815335
3130: 0.815075
3131: 0.814815
3132: 0.814874
3133: 0.814933
3134: 0.814992
3135: 0.815051
3136: 0.814791
3137: 0.81485
3138: 0.814909
3139: 0.814968
3140: 0.815027
3141: 0.815086
3142: 0.815145
3143: 0.815204
3144: 0.814944
3145: 0.814685
3146: 0.814426
3147: 0.814485
3148: 0.814544
3149: 0.814603
3150: 0.814662
3151: 0.814721
3152: 0.81478
3153: 0.814838
3154: 0.814897
3155: 0.814956
3156: 0.815014
3157: 0.815073
3158: 0.815131
3159: 0.814873
3160: 0.814932
3161: 0.814674
3162: 0.814417
3163: 0.814475
3164: 0.814534
3165: 0.814593
3166: 0.814651
3167: 0.81471
3168: 0.814768
3169: 0.814511
3170: 0.814254
3171: 0.813997
3172: 0.814056
3173: 0.814115
3174: 0.814173
3175: 0.814232
3176: 0.813975
3177: 0.813719
3178: 0.813463
3179: 0.813522
3180: 0.813581
3181: 0.813639
3182: 0.813698
3183: 0.813756
3184: 0.813815
3185: 0.813873
3186: 0.813618
3187: 0.813676
3188: 0.813735
3189: 0.813793
3190: 0.813851
3191: 0.81391
3192: 0.813968
3193: 0.814026
3194: 0.814085
3195: 0.814143
3196: 0.814201
3197: 0.814259
3198: 0.814317
3199: 0.814375
3200: 0.814433
3201: 0.814491
3202: 0.814549
3203: 0.814607
3204: 0.814665
3205: 0.814722
3206: 0.81478
3207: 0.814838
3208: 0.814896
3209: 0.814953
3210: 0.815011
3211: 0.814757
3212: 0.814504
3213: 0.814561
3214: 0.814619
3215: 0.814677
3216: 0.814734
3217: 0.814481
3218: 0.814228
3219: 0.813975
3220: 0.814033
3221: 0.814091
3222: 0.814148
3223: 0.814206
3224: 0.814264
3225: 0.814321
3226: 0.814379
3227: 0.814436
3228: 0.814494
3229: 0.814551
3230: 0.814608
3231: 0.814666
3232: 0.814723
3233: 0.81478
3234: 0.814838
3235: 0.814895
3236: 0.814952
3237: 0.815009
3238: 0.815066
3239: 0.815123
3240: 0.81518
3241: 0.815238
3242: 0.815294
3243: 0.815351
3244: 0.815408
3245: 0.815465
3246: 0.815522
3247: 0.815579
3248: 0.815636
3249: 0.815692
3250: 0.815749
3251: 0.815806
3252: 0.815862
3253: 0.815612
3254: 0.815668
3255: 0.815725
3256: 0.815474
3257: 0.815531
3258: 0.815588
3259: 0.815337
3260: 0.815394
3261: 0.815451
3262: 0.815201
3263: 0.814951
3264: 0.814701
3265: 0.814758
3266: 0.814815
3267: 0.814871
3268: 0.814622
3269: 0.814679
3270: 0.814736
3271: 0.814792
3272: 0.814849
3273: 0.814905
3274: 0.814656
3275: 0.814713
3276: 0.81477
3277: 0.814826
3278: 0.814883
3279: 0.814634
3280: 0.814386
3281: 0.814442
3282: 0.814499
3283: 0.814555
3284: 0.814612
3285: 0.814668
3286: 0.814725
3287: 0.814781
3288: 0.814837
3289: 0.814894
3290: 0.81495
3291: 0.815006
3292: 0.815062
3293: 0.815118
3294: 0.815175
3295: 0.815231
3296: 0.815287
3297: 0.815343
3298: 0.815399
3299: 0.815455
3300: 0.81551
3301: 0.815566
3302: 0.815622
3303: 0.815678
3304: 0.815431
3305: 0.815487
3306: 0.81524
3307: 0.814994
3308: 0.81505
3309: 0.815106
3310: 0.81486
3311: 0.814614
3312: 0.814669
3313: 0.814725
3314: 0.814781
3315: 0.814536
3316: 0.81429
3317: 0.814045
3318: 0.814101
3319: 0.814157
3320: 0.814213
3321: 0.814269
3322: 0.814023
3323: 0.813779
3324: 0.813534
3325: 0.813289
3326: 0.813345
3327: 0.813401
3328: 0.813457
3329: 0.813514
3330: 0.813569
3331: 0.813625
3332: 0.813681
3333: 0.813737
3334: 0.813793
3335: 0.813849
3336: 0.813905
3337: 0.813661
3338: 0.813717
3339: 0.813772
3340: 0.813828
3341: 0.813884
3342: 0.81394
3343: 0.813995
3344: 0.814051
3345: 0.813808
3346: 0.813863
3347: 0.813919
3348: 0.813676
3349: 0.813731
3350: 0.813489
3351: 0.813544
3352: 0.8136
3353: 0.813655
3354: 0.813711
3355: 0.813766
3356: 0.813822
3357: 0.813877
3358: 0.813933
3359: 0.81369
3360: 0.813448
3361: 0.813206
3362: 0.813262
3363: 0.813317
3364: 0.813373
3365: 0.813428
3366: 0.813484
3367: 0.813539
3368: 0.813298
3369: 0.813353
3370: 0.813408
3371: 0.813464
3372: 0.813519
3373: 0.813278
3374: 0.813333
3375: 0.813389
3376: 0.813148
3377: 0.813203
3378: 0.812962
3379: 0.813018
3380: 0.813073
3381: 0.813128
3382: 0.813184
3383: 0.813239
3384: 0.813294
3385: 0.813349
3386: 0.813404
3387: 0.813164
3388: 0.813219
3389: 0.813274
3390: 0.813329
3391: 0.813384
3392: 0.813439
3393: 0.8132
3394: 0.81296
3395: 0.813015
3396: 0.81307
3397: 0.813125
3398: 0.81318
3399: 0.813235
3400: 0.81329
3401: 0.813345
3402: 0.813106
3403: 0.812867
3404: 0.812628
3405: 0.81239
3406: 0.812445
3407: 0.8125
3408: 0.812262
3409: 0.812317
3410: 0.812372
3411: 0.812427
3412: 0.812482
3413: 0.812244
3414: 0.812006
3415: 0.812061
3416: 0.812116
3417: 0.812171
3418: 0.812226
3419: 0.812281
3420: 0.812336
3421: 0.81239
3422: 0.812445
3423: 0.8125
3424: 0.812555
3425: 0.812609
3426: 0.812664
3427: 0.812719
3428: 0.812773
3429: 0.812828
3430: 0.812883
3431: 0.812937
3432: 0.812992
3433: 0.813046
3434: 0.8131
3435: 0.813155
3436: 0.813209
3437: 0.813264
3438: 0.813318
3439: 0.813372
3440: 0.813426
3441: 0.813481
3442: 0.813535
3443: 0.813589
3444: 0.813643
3445: 0.813697
3446: 0.813751
3447: 0.813805
3448: 0.813859
3449: 0.813913
3450: 0.813677
3451: 0.813731
3452: 0.813785
3453: 0.81355
3454: 0.813603
3455: 0.813657
3456: 0.813711
3457: 0.813765
3458: 0.813819
3459: 0.813873
3460: 0.813927
3461: 0.81398
3462: 0.814034
3463: 0.814088
3464: 0.814141
3465: 0.814195
3466: 0.814249
3467: 0.814302
3468: 0.814356
3469: 0.814409
3470: 0.814463
3471: 0.814516
3472: 0.81457
3473: 0.814623
3474: 0.814676
3475: 0.81473
3476: 0.814783
3477: 0.814836
3478: 0.814889
3479: 0.814943
3480: 0.814996
3481: 0.815049
3482: 0.815102
3483: 0.815155
3484: 0.815208
3485: 0.815261
3486: 0.815314
3487: 0.815367
3488: 0.81542
3489: 0.815473
3490: 0.815526
3491: 0.815578
3492: 0.815631
3493: 0.815684
3494: 0.815451
3495: 0.815217
3496: 0.81527
3497: 0.815323
3498: 0.815376
3499: 0.815429
3500: 0.815481
3501: 0.815534
3502: 0.815587
3503: 0.815639
3504: 0.815692
3505: 0.815744
3506: 0.815797
3507: 0.815849
3508: 0.815617
3509: 0.815385
3510: 0.815152
3511: 0.81492
3512: 0.814688
3513: 0.814741
3514: 0.814794
3515: 0.814846
3516: 0.814899
3517: 0.814952
3518: 0.815004
3519: 0.815057
3520: 0.815109
3521: 0.815162
3522: 0.815214
3523: 0.815267
3524: 0.815319
3525: 0.815372
3526: 0.815424
3527: 0.815476
3528: 0.815528
3529: 0.815581
3530: 0.815633
3531: 0.815685
3532: 0.815737
3533: 0.815789
3534: 0.815842
3535: 0.815894
3536: 0.815946
3537: 0.815998
3538: 0.81605
3539: 0.816102
3540: 0.816154
3541: 0.816206
3542: 0.816257
3543: 0.816027
3544: 0.816079
3545: 0.815849
3546: 0.815901
3547: 0.815953
3548: 0.816005
3549: 0.816056
3550: 0.816108
3551: 0.81616
3552: 0.816212
3553: 0.816263
3554: 0.816315
3555: 0.816367
3556: 0.816418
3557: 0.81647
3558: 0.816521
3559: 0.816292
3560: 0.816344
3561: 0.816395
3562: 0.816447
3563: 0.816498
3564: 0.81655
3565: 0.816601
3566: 0.816653
3567: 0.816424
3568: 0.816195
3569: 0.816246
3570: 0.816298
3571: 0.816349
3572: 0.816121
3573: 0.815893
3574: 0.815944
3575: 0.815716
3576: 0.815488
3577: 0.815539
3578: 0.815591
3579: 0.815642
3580: 0.815694
3581: 0.815745
3582: 0.815518
3583: 0.815569
3584: 0.815621
3585: 0.815672
3586: 0.815723
3587: 0.815496
3588: 0.815548
3589: 0.815599
3590: 0.81565
3591: 0.815702
3592: 0.815753
3593: 0.815804
3594: 0.815855
3595: 0.815907
3596: 0.815958
3597: 0.816009
3598: 0.81606
3599: 0.816111
3600: 0.816162
3601: 0.816213
3602: 0.816264
3603: 0.816315
3604: 0.816366
3605: 0.816417
3606: 0.816468
3607: 0.816519
3608: 0.81657
3609: 0.81662
3610: 0.816671
3611: 0.816722
3612: 0.816773
3613: 0.816547
3614: 0.816321
3615: 0.816095
3616: 0.81587
3617: 0.815644
3618: 0.815695
3619: 0.815746
3620: 0.815797
3621: 0.815848
3622: 0.815622
3623: 0.815673
3624: 0.815724
3625: 0.815775
3626: 0.815826
3627: 0.815877
3628: 0.815927
3629: 0.815978
3630: 0.815753
3631: 0.815529
3632: 0.815579
3633: 0.81563
3634: 0.815406
3635: 0.815457
3636: 0.815507
3637: 0.815558
3638: 0.815609
3639: 0.815659
3640: 0.81571
3641: 0.815761
3642: 0.815811
3643: 0.815862
3644: 0.815912
3645: 0.815963
3646: 0.816013
3647: 0.816064
3648: 0.816114
3649: 0.816164
3650: 0.816215
3651: 0.816265
3652: 0.816315
3653: 0.816366
3654: 0.816416
3655: 0.816466
3656: 0.816243
3657: 0.816293
3658: 0.816343
3659: 0.816393
3660: 0.816444
3661: 0.816494
3662: 0.816544
3663: 0.816594
3664: 0.816644
3665: 0.816694
3666: 0.816744
3667: 0.816794
3668: 0.816844
3669: 0.816894
3670: 0.816944
3671: 0.816993
3672: 0.817043
3673: 0.816821
3674: 0.816599
3675: 0.816649
3676: 0.816698
3677: 0.816748
3678: 0.816798
3679: 0.816848
3680: 0.816898
3681: 0.816947
3682: 0.816725
3683: 0.816504
3684: 0.816554
3685: 0.816603
3686: 0.816653
3687: 0.816703
3688: 0.816753
3689: 0.816802
3690: 0.816852
3691: 0.816631
3692: 0.81668
3693: 0.81673
3694: 0.816779
3695: 0.816829
3696: 0.816879
3697: 0.816658
3698: 0.816437
3699: 0.816216
3700: 0.816266
3701: 0.816316
3702: 0.816365
3703: 0.816145
3704: 0.816194
3705: 0.815974
3706: 0.815754
3707: 0.815534
3708: 0.815584
3709: 0.815633
3710: 0.815683
3711: 0.815733
3712: 0.815782
3713: 0.815832
3714: 0.815882
3715: 0.815931
3716: 0.815981
3717: 0.815761
3718: 0.815811
3719: 0.81586
3720: 0.81591
3721: 0.815959
3722: 0.816009
3723: 0.816058
3724: 0.816107
3725: 0.816157
3726: 0.816206
3727: 0.816255
3728: 0.816305
3729: 0.816086
3730: 0.815867
3731: 0.815916
3732: 0.815698
3733: 0.815747
3734: 0.815797
3735: 0.815846
3736: 0.815895
3737: 0.815944
3738: 0.815726
3739: 0.815508
3740: 0.815557
3741: 0.815607
3742: 0.815656
3743: 0.815705
3744: 0.815754
3745: 0.815804
3746: 0.815853
3747: 0.815635
3748: 0.815684
3749: 0.815733
3750: 0.815782
3751: 0.815832
3752: 0.815881
3753: 0.81593
3754: 0.815979
3755: 0.816028
3756: 0.816077
3757: 0.816126
3758: 0.815908
3759: 0.815957
3760: 0.816006
3761: 0.816055
3762: 0.816104
3763: 0.816153
3764: 0.816202
3765: 0.816251
3766: 0.816299
3767: 0.816348
3768: 0.816397
3769: 0.816446
3770: 0.816494
3771: 0.816278
3772: 0.816327
3773: 0.816375
3774: 0.816424
3775: 0.816208
3776: 0.815992
3777: 0.81604
3778: 0.816089
3779: 0.816138
3780: 0.816186
3781: 0.816235
3782: 0.816283
3783: 0.816332
3784: 0.81638
3785: 0.816429
3786: 0.816477
3787: 0.816526
3788: 0.816574
3789: 0.816623
3790: 0.816407
3791: 0.816456
3792: 0.816504
3793: 0.816552
3794: 0.816601
3795: 0.816386
3796: 0.816434
3797: 0.816482
3798: 0.816531
3799: 0.816579
3800: 0.816627
3801: 0.816675
3802: 0.816724
3803: 0.816772
3804: 0.816557
3805: 0.816343
3806: 0.816128
3807: 0.815914
3808: 0.8157
3809: 0.815748
3810: 0.815796
3811: 0.815845
3812: 0.815893
3813: 0.815941
3814: 0.81599
3815: 0.816038
3816: 0.816086
3817: 0.815872
3818: 0.81592
3819: 0.815969
3820: 0.816017
3821: 0.816065
3822: 0.815851
3823: 0.8159
3824: 0.815948
3825: 0.815996
3826: 0.816044
3827: 0.816092
3828: 0.81614
3829: 0.815927
3830: 0.815975
3831: 0.816023
3832: 0.816071
3833: 0.816119
3834: 0.816167
3835: 0.816215
3836: 0.816263
3837: 0.816311
3838: 0.816358
3839: 0.816146
3840: 0.816194
3841: 0.816242
3842: 0.816289
3843: 0.816337
3844: 0.816385
3845: 0.816433
3846: 0.81648
3847: 0.816528
3848: 0.816316
3849: 0.816104
3850: 0.815892
3851: 0.81568
3852: 0.815728
3853: 0.815776
3854: 0.815564
3855: 0.815612
3856: 0.81566
3857: 0.815708
3858: 0.815755
3859: 0.815803
3860: 0.815592
3861: 0.81564
3862: 0.815428
3863: 0.815217
3864: 0.815006
3865: 0.815054
3866: 0.815102
3867: 0.81515
3868: 0.815198
3869: 0.815245
3870: 0.815293
3871: 0.815341
3872: 0.815389
3873: 0.815436
3874: 0.815226
3875: 0.815273
3876: 0.815063
3877: 0.815111
3878: 0.814901
3879: 0.814691
3880: 0.814738
3881: 0.814786
3882: 0.814834
3883: 0.814882
3884: 0.814929
3885: 0.814977
3886: 0.815024
3887: 0.814815
3888: 0.814862
3889: 0.81491
3890: 0.814958
3891: 0.815005
3892: 0.815053
3893: 0.8151
3894: 0.815148
3895: 0.815195
3896: 0.815242
3897: 0.81529
3898: 0.815081
3899: 0.814872
3900: 0.814919
3901: 0.814967
3902: 0.815014
3903: 0.815061
3904: 0.815109
3905: 0.815156
3906: 0.815203
3907: 0.814995
3908: 0.814786
3909: 0.814834
3910: 0.814881
3911: 0.814928
3912: 0.814976
3913: 0.815023
3914: 0.81507
3915: 0.815117
3916: 0.815165
3917: 0.815212
3918: 0.815259
3919: 0.815306
3920: 0.815353
3921: 0.8154
3922: 0.815447
3923: 0.815494
3924: 0.815541
3925: 0.815588
3926: 0.815381
3927: 0.815428
3928: 0.81522
3929: 0.815013
3930: 0.814805
3931: 0.814598
3932: 0.814391
3933: 0.814438
3934: 0.814485
3935: 0.814533
3936: 0.81458
3937: 0.814627
3938: 0.81442
3939: 0.814467
3940: 0.814514
3941: 0.814561
3942: 0.814608
3943: 0.814655
3944: 0.814702
3945: 0.814749
3946: 0.814543
3947: 0.81459
3948: 0.814637
3949: 0.81443
3950: 0.814224
3951: 0.814271
3952: 0.814318
3953: 0.814365
3954: 0.814412
3955: 0.814459
3956: 0.814253
3957: 0.8143
3958: 0.814347
3959: 0.814394
3960: 0.814441
3961: 0.814488
3962: 0.814282
3963: 0.814077
3964: 0.813871
3965: 0.813918
3966: 0.813965
3967: 0.814012
3968: 0.814059
3969: 0.814106
3970: 0.814153
3971: 0.814199
3972: 0.814246
3973: 0.814293
3974: 0.81434
3975: 0.814386
3976: 0.814433
3977: 0.81448
3978: 0.814275
3979: 0.814322
3980: 0.814368
3981: 0.814415
3982: 0.814461
3983: 0.814508
3984: 0.814555
3985: 0.814601
3986: 0.814648
3987: 0.814694
3988: 0.814741
3989: 0.814787
3990: 0.814583
3991: 0.814629
3992: 0.814676
3993: 0.814722
3994: 0.814768
3995: 0.814815
3996: 0.814861
3997: 0.814907
3998: 0.814954
3999: 0.815
4000: 0.815046
4001: 0.815092
4002: 0.815139
4003: 0.815185
4004: 0.814981
4005: 0.814778
4006: 0.814824
4007: 0.81487
4008: 0.814916
4009: 0.814963
4010: 0.815009
4011: 0.815055
4012: 0.814852
4013: 0.814649
4014: 0.814446
4015: 0.814243
4016: 0.814289
4017: 0.814335
4018: 0.814382
4019: 0.814428
4020: 0.814474
4021: 0.81452
4022: 0.814318
4023: 0.814115
4024: 0.813913
4025: 0.813711
4026: 0.813509
4027: 0.813307
4028: 0.813105
4029: 0.812903
4030: 0.812702
4031: 0.8125
4032: 0.812299
4033: 0.812345
4034: 0.812392
4035: 0.812438
4036: 0.812485
4037: 0.812531
4038: 0.812577
4039: 0.812624
4040: 0.81267
4041: 0.812716
4042: 0.812763
4043: 0.812809
4044: 0.812608
4045: 0.812407
4046: 0.812207
4047: 0.812253
4048: 0.812299
4049: 0.812346
4050: 0.812392
4051: 0.812438
4052: 0.812485
4053: 0.812284
4054: 0.812084
4055: 0.81213
4056: 0.812176
4057: 0.812223
4058: 0.812269
4059: 0.812315
4060: 0.812361
4061: 0.812408
4062: 0.812454
4063: 0.812254
4064: 0.8123
4065: 0.812346
4066: 0.812392
4067: 0.812439
4068: 0.812239
4069: 0.812039
4070: 0.812085
4071: 0.812132
4072: 0.812178
4073: 0.812224
4074: 0.81227
4075: 0.812071
4076: 0.811871
4077: 0.811672
4078: 0.811473
4079: 0.81152
4080: 0.811566
4081: 0.811612
4082: 0.811658
4083: 0.811704
4084: 0.811506
4085: 0.811307
4086: 0.811108
4087: 0.81091
4088: 0.810712
4089: 0.810513
4090: 0.81056
4091: 0.810606
4092: 0.810652
4093: 0.810699
4094: 0.810745
4095: 0.810791
4096: 0.810837
4097: 0.810883
4098: 0.810929
4099: 0.810976
4100: 0.811022
4101: 0.811068
4102: 0.811114
4103: 0.81116
4104: 0.811206
4105: 0.811252
4106: 0.811054
4107: 0.8111
4108: 0.811146
4109: 0.811192
4110: 0.811238
4111: 0.811284
4112: 0.81133
4113: 0.811376
4114: 0.811422
4115: 0.811467
4116: 0.811513
4117: 0.811559
4118: 0.811605
4119: 0.81165
4120: 0.811696
4121: 0.811742
4122: 0.811545
4123: 0.811591
4124: 0.811636
4125: 0.811682
4126: 0.811728
4127: 0.811773
4128: 0.811577
4129: 0.811622
4130: 0.811668
4131: 0.811713
4132: 0.811517
4133: 0.811321
4134: 0.811366
4135: 0.81117
4136: 0.811216
4137: 0.811261
4138: 0.811065
4139: 0.811111
4140: 0.811157
4141: 0.811202
4142: 0.811248
4143: 0.811293
4144: 0.811339
4145: 0.811384
4146: 0.81143
4147: 0.811475
4148: 0.811521
4149: 0.811566
4150: 0.811612
4151: 0.811657
4152: 0.811702
4153: 0.811748
4154: 0.811793
4155: 0.811838
4156: 0.811884
4157: 0.811929
4158: 0.811734
4159: 0.811779
4160: 0.811824
4161: 0.811869
4162: 0.811914
4163: 0.81196
4164: 0.811765
4165: 0.81181
4166: 0.811855
4167: 0.8119
4168: 0.811945
4169: 0.81199
4170: 0.812035
4171: 0.812081
4172: 0.812126
4173: 0.812171
4174: 0.811976
4175: 0.811782
4176: 0.811827
4177: 0.811872
4178: 0.811917
4179: 0.811962
4180: 0.812007
4181: 0.812052
4182: 0.812097
4183: 0.812141
4184: 0.812186
4185: 0.812231
4186: 0.812276
4187: 0.812321
4188: 0.812366
4189: 0.812411
4190: 0.812455
4191: 0.8125
4192: 0.812545
4193: 0.812589
4194: 0.812634
4195: 0.812679
4196: 0.812723
4197: 0.81253
4198: 0.812574
4199: 0.812619
4200: 0.812664
4201: 0.812708
4202: 0.812753
4203: 0.812797
4204: 0.812842
4205: 0.812886
4206: 0.812931
4207: 0.812975
4208: 0.812782
4209: 0.812589
4210: 0.812634
4211: 0.812678
4212: 0.812723
4213: 0.81253
4214: 0.812337
4215: 0.812381
4216: 0.812189
4217: 0.811996
4218: 0.811804
4219: 0.811611
4220: 0.811656
4221: 0.811701
4222: 0.811745
4223: 0.81179
4224: 0.811834
4225: 0.811879
4226: 0.811923
4227: 0.811968
4228: 0.812012
4229: 0.812057
4230: 0.812101
4231: 0.812146
4232: 0.81219
4233: 0.812234
4234: 0.812279
4235: 0.812323
4236: 0.812367
4237: 0.812412
4238: 0.812456
4239: 0.8125
4240: 0.812544
4241: 0.812588
4242: 0.812397
4243: 0.812441
4244: 0.812485
4245: 0.812529
4246: 0.812574
4247: 0.812618
4248: 0.812662
4249: 0.812706
4250: 0.81275
4251: 0.812794
4252: 0.812838
4253: 0.812882
4254: 0.812926
4255: 0.81297
4256: 0.813014
4257: 0.813058
4258: 0.813102
4259: 0.813146
4260: 0.813189
4261: 0.813233
4262: 0.813277
4263: 0.813321
4264: 0.813365
4265: 0.813408
4266: 0.813218
4267: 0.813027
4268: 0.812837
4269: 0.812881
4270: 0.812924
4271: 0.812968
4272: 0.813012
4273: 0.813056
4274: 0.813099
4275: 0.812909
4276: 0.812719
4277: 0.812763
4278: 0.812807
4279: 0.81285
4280: 0.812894
4281: 0.812938
4282: 0.812982
4283: 0.813025
4284: 0.813069
4285: 0.813112
4286: 0.813156
4287: 0.8132
4288: 0.813243
4289: 0.813287
4290: 0.81333
4291: 0.813374
4292: 0.813417
4293: 0.813461
4294: 0.813504
4295: 0.813315
4296: 0.813125
4297: 0.813169
4298: 0.813212
4299: 0.813256
4300: 0.813299
4301: 0.81311
4302: 0.813154
4303: 0.813197
4304: 0.81324
4305: 0.813284
4306: 0.813327
4307: 0.81337
4308: 0.813414
4309: 0.813457
4310: 0.8135
4311: 0.813544
4312: 0.813587
4313: 0.81363
4314: 0.813673
4315: 0.813716
4316: 0.81376
4317: 0.813803
4318: 0.813846
4319: 0.813889
4320: 0.813932
4321: 0.813975
4322: 0.813787
4323: 0.813599
4324: 0.81341
4325: 0.813222
4326: 0.813266
4327: 0.813309
4328: 0.813352
4329: 0.813395
4330: 0.813438
4331: 0.813481
4332: 0.813524
4333: 0.813567
4334: 0.81361
4335: 0.813653
4336: 0.813696
4337: 0.813739
4338: 0.813782
4339: 0.813825
4340: 0.813868
4341: 0.813911
4342: 0.813953
4343: 0.813996
4344: 0.814039
4345: 0.814082
4346: 0.814125
4347: 0.814167
4348: 0.81421
4349: 0.814023
4350: 0.813836
4351: 0.813879
4352: 0.813921
4353: 0.813964
4354: 0.813777
4355: 0.81359
4356: 0.813404
4357: 0.813447
4358: 0.813489
4359: 0.813532
4360: 0.813346
4361: 0.813159
4362: 0.813202
4363: 0.813245
4364: 0.813288
4365: 0.813101
4366: 0.813144
4367: 0.813187
4368: 0.81323
4369: 0.813043
4370: 0.812857
4371: 0.8129
4372: 0.812943
4373: 0.812757
4374: 0.812571
4375: 0.812386
4376: 0.812429
4377: 0.812243
4378: 0.812286
4379: 0.812329
4380: 0.812372
4381: 0.812414
4382: 0.812457
4383: 0.8125
4384: 0.812543
4385: 0.812585
4386: 0.812628
4387: 0.812671
4388: 0.812714
4389: 0.812756
4390: 0.812799
4391: 0.812842
4392: 0.812884
4393: 0.812927
4394: 0.812969
4395: 0.813012
4396: 0.813054
4397: 0.813097
4398: 0.813139
4399: 0.812955
4400: 0.812997
4401: 0.81304
4402: 0.813082
4403: 0.813124
4404: 0.813167
4405: 0.812982
4406: 0.813025
4407: 0.81284
4408: 0.812883
4409: 0.812925
4410: 0.812968
4411: 0.81301
4412: 0.813052
4413: 0.813095
4414: 0.813137
4415: 0.812953
4416: 0.812995
4417: 0.812811
4418: 0.812854
4419: 0.812896
4420: 0.812938
4421: 0.812981
4422: 0.813023
4423: 0.813065
4424: 0.813107
4425: 0.81315
4426: 0.813192
4427: 0.813234
4428: 0.813276
4429: 0.813318
4430: 0.81336
4431: 0.813403
4432: 0.813445
4433: 0.813487
4434: 0.813529
4435: 0.813571
4436: 0.813613
4437: 0.813655
4438: 0.813697
4439: 0.813739
4440: 0.813781
4441: 0.813823
4442: 0.813865
4443: 0.813906
4444: 0.813948
4445: 0.81399
4446: 0.814032
4447: 0.813849
4448: 0.813666
4449: 0.813708
4450: 0.81375
4451: 0.813792
4452: 0.813833
4453: 0.813875
4454: 0.813692
4455: 0.813734
4456: 0.813776
4457: 0.813818
4458: 0.81386
4459: 0.813901
4460: 0.813943
4461: 0.813985
4462: 0.813802
4463: 0.813844
4464: 0.813886
4465: 0.813927
4466: 0.813969
4467: 0.814011
4468: 0.814052
4469: 0.814094
4470: 0.814136
4471: 0.814177
4472: 0.814219
4473: 0.81426
4474: 0.814302
4475: 0.814343
4476: 0.814385
4477: 0.814426
4478: 0.814244
4479: 0.814063
4480: 0.814104
4481: 0.814145
4482: 0.814187
4483: 0.814228
4484: 0.81427
4485: 0.814311
4486: 0.814353
4487: 0.814394
4488: 0.814435
4489: 0.814477
4490: 0.814518
4491: 0.814559
4492: 0.8146
4493: 0.814419
4494: 0.814461
4495: 0.814502
4496: 0.814321
4497: 0.81414
4498: 0.814181
4499: 0.814222
4500: 0.814263
4501: 0.814305
4502: 0.814346
4503: 0.814387
4504: 0.814428
4505: 0.814248
4506: 0.814067
4507: 0.814108
4508: 0.814149
4509: 0.814191
4510: 0.814232
4511: 0.814273
4512: 0.814314
4513: 0.814355
4514: 0.814396
4515: 0.814438
4516: 0.814479
4517: 0.81452
4518: 0.814561
4519: 0.814602
4520: 0.814643
4521: 0.814684
4522: 0.814725
4523: 0.814545
4524: 0.814586
4525: 0.814627
4526: 0.814668
4527: 0.814708
4528: 0.814749
4529: 0.81457
4530: 0.81439
4531: 0.81421
4532: 0.81403
4533: 0.814071
4534: 0.814112
4535: 0.814153
4536: 0.814194
4537: 0.814235
4538: 0.814276
4539: 0.814097
4540: 0.813918
4541: 0.813959
4542: 0.814
4543: 0.81404
4544: 0.814081
4545: 0.813902
4546: 0.813723
4547: 0.813764
4548: 0.813805
4549: 0.813846
4550: 0.813887
4551: 0.813708
4552: 0.813749
4553: 0.81379
4554: 0.813831
4555: 0.813872
4556: 0.813913
4557: 0.813953
4558: 0.813994
4559: 0.814035
4560: 0.813857
4561: 0.813678
4562: 0.813719
4563: 0.81376
4564: 0.813801
4565: 0.813841
4566: 0.813882
4567: 0.813923
4568: 0.813964
4569: 0.814004
4570: 0.814045
4571: 0.814086
4572: 0.814126
4573: 0.814167
4574: 0.814208
4575: 0.814248
4576: 0.814289
4577: 0.814329
4578: 0.81437
4579: 0.81441
4580: 0.814451
4581: 0.814491
4582: 0.814532
4583: 0.814572
4584: 0.814613
4585: 0.814653
4586: 0.814694
4587: 0.814734
4588: 0.814774
4589: 0.814815
4590: 0.814855
4591: 0.814895
4592: 0.814936
4593: 0.814976
4594: 0.815016
4595: 0.815057
4596: 0.815097
4597: 0.81492
4598: 0.81496
4599: 0.815
4600: 0.81504
4601: 0.81508
4602: 0.815121
4603: 0.815161
4604: 0.815201
4605: 0.815241
4606: 0.815281
4607: 0.815321
4608: 0.815361
4609: 0.815401
4610: 0.815441
4611: 0.815481
4612: 0.815305
4613: 0.815345
4614: 0.815385
4615: 0.815425
4616: 0.815465
4617: 0.815505
4618: 0.815544
4619: 0.815584
4620: 0.815624
4621: 0.815664
4622: 0.815704
4623: 0.815744
4624: 0.815784
4625: 0.815824
4626: 0.815863
4627: 0.815903
4628: 0.815943
4629: 0.815983
4630: 0.816022
4631: 0.816062
4632: 0.816102
4633: 0.816142
4634: 0.816181
4635: 0.816005
4636: 0.815829
4637: 0.815869
4638: 0.815909
4639: 0.815948
4640: 0.815988
4641: 0.816028
4642: 0.815852
4643: 0.815891
4644: 0.815931
4645: 0.815971
4646: 0.815795
4647: 0.81562
4648: 0.815659
4649: 0.815699
4650: 0.815739
4651: 0.815778
4652: 0.815818
4653: 0.815857
4654: 0.815897
4655: 0.815936
4656: 0.815976
4657: 0.816015
4658: 0.816055
4659: 0.816094
4660: 0.815919
4661: 0.815744
4662: 0.815569
4663: 0.815395
4664: 0.815434
4665: 0.815474
4666: 0.815513
4667: 0.815338
4668: 0.815378
4669: 0.815418
4670: 0.815457
4671: 0.815497
4672: 0.815536
4673: 0.815576
4674: 0.815615
4675: 0.815654
4676: 0.81548
4677: 0.815519
4678: 0.815559
4679: 0.815598
4680: 0.815638
4681: 0.815463
4682: 0.815289
4683: 0.815329
4684: 0.815368
4685: 0.815194
4686: 0.815234
4687: 0.815273
4688: 0.815312
4689: 0.815352
4690: 0.815391
4691: 0.815431
4692: 0.81547
4693: 0.815296
4694: 0.815335
4695: 0.815375
4696: 0.815414
4697: 0.815453
4698: 0.815493
4699: 0.815532
4700: 0.815571
4701: 0.81561
4702: 0.81565
4703: 0.815689
4704: 0.815728
4705: 0.815767
4706: 0.815594
4707: 0.815421
4708: 0.815247
4709: 0.815074
4710: 0.815114
4711: 0.815153
4712: 0.815192
4713: 0.815231
4714: 0.81527
4715: 0.81531
4716: 0.815349
4717: 0.815388
4718: 0.815427
4719: 0.815466
4720: 0.815505
4721: 0.815544
4722: 0.815583
4723: 0.815622
4724: 0.815661
4725: 0.815489
4726: 0.815528
4727: 0.815567
4728: 0.815606
4729: 0.815433
4730: 0.815261
4731: 0.815089
4732: 0.815128
4733: 0.815167
4734: 0.815206
4735: 0.815245
4736: 0.815284
4737: 0.815323
4738: 0.815151
4739: 0.81519
4740: 0.815229
4741: 0.815268
4742: 0.815307
4743: 0.815135
4744: 0.815174
4745: 0.815213
4746: 0.815252
4747: 0.81508
4748: 0.815119
4749: 0.815158
4750: 0.815197
4751: 0.815236
4752: 0.815275
4753: 0.815313
4754: 0.815352
4755: 0.815391
4756: 0.81543
4757: 0.815469
4758: 0.815507
4759: 0.815546
4760: 0.815585
4761: 0.815624
4762: 0.815452
4763: 0.815281
4764: 0.81532
4765: 0.815359
4766: 0.815398
4767: 0.815436
4768: 0.815475
4769: 0.815514
4770: 0.815552
4771: 0.815591
4772: 0.81563
4773: 0.815668
4774: 0.815707
4775: 0.815745
4776: 0.815784
4777: 0.815823
4778: 0.815861
4779: 0.8159
4780: 0.815938
4781: 0.815977
4782: 0.816015
4783: 0.816054
4784: 0.816092
4785: 0.81613
4786: 0.816169
4787: 0.816207
4788: 0.816246
4789: 0.816284
4790: 0.816322
4791: 0.816152
4792: 0.815982
4793: 0.815811
4794: 0.815641
4795: 0.815471
4796: 0.81551
4797: 0.815548
4798: 0.815378
4799: 0.815417
4800: 0.815455
4801: 0.815494
4802: 0.815532
4803: 0.81557
4804: 0.815609
4805: 0.815647
4806: 0.815685
4807: 0.815724
4808: 0.815762
4809: 0.8158
4810: 0.815839
4811: 0.815877
4812: 0.815915
4813: 0.815953
4814: 0.815992
4815: 0.815822
4816: 0.81586
4817: 0.815899
4818: 0.815937
4819: 0.815975
4820: 0.816013
4821: 0.816051
4822: 0.81609
4823: 0.816128
4824: 0.816166
4825: 0.815997
4826: 0.815828
4827: 0.815866
4828: 0.815904
4829: 0.815942
4830: 0.815773
4831: 0.815811
4832: 0.815849
4833: 0.815887
4834: 0.815926
4835: 0.815964
4836: 0.816002
4837: 0.81604
4838: 0.816078
4839: 0.816116
4840: 0.816154
4841: 0.816192
4842: 0.81623
4843: 0.816268
4844: 0.816305
4845: 0.816343
4846: 0.816381
4847: 0.816419
4848: 0.816457
4849: 0.816495
4850: 0.816533
4851: 0.816364
4852: 0.816402
4853: 0.816234
4854: 0.816066
4855: 0.816104
4856: 0.816142
4857: 0.815974
4858: 0.815806
4859: 0.815844
4860: 0.815882
4861: 0.815714
4862: 0.815546
4863: 0.815378
4864: 0.815416
4865: 0.815454
4866: 0.815492
4867: 0.81553
4868: 0.815362
4869: 0.815195
4870: 0.815233
4871: 0.815271
4872: 0.815309
4873: 0.815347
4874: 0.815385
4875: 0.815422
4876: 0.81546
4877: 0.815498
4878: 0.815536
4879: 0.815574
4880: 0.815612
4881: 0.815444
4882: 0.815277
4883: 0.815111
4884: 0.815148
4885: 0.815186
4886: 0.815224
4887: 0.815262
4888: 0.8153
4889: 0.815337
4890: 0.815171
4891: 0.815209
4892: 0.815246
4893: 0.815284
4894: 0.815322
4895: 0.815359
4896: 0.815193
4897: 0.815231
4898: 0.815268
4899: 0.815306
4900: 0.815344
4901: 0.815177
4902: 0.815011
4903: 0.814845
4904: 0.814679
4905: 0.814717
4906: 0.814754
4907: 0.814792
4908: 0.81483
4909: 0.814664
4910: 0.814702
4911: 0.814739
4912: 0.814777
4913: 0.814815
4914: 0.814852
4915: 0.81489
4916: 0.814928
4917: 0.814965
4918: 0.815003
4919: 0.815041
4920: 0.815078
4921: 0.815116
4922: 0.815153
4923: 0.815191
4924: 0.815228
4925: 0.815266
4926: 0.8151
4927: 0.815138
4928: 0.815175
4929: 0.815213
4930: 0.81525
4931: 0.815288
4932: 0.815325
4933: 0.815363
4934: 0.8154
4935: 0.815438
4936: 0.815475
4937: 0.81531
4938: 0.815347
4939: 0.815385
4940: 0.815422
4941: 0.815459
4942: 0.815497
4943: 0.815534
4944: 0.815571
4945: 0.815609
4946: 0.815646
4947: 0.815683
4948: 0.81572
4949: 0.815758
4950: 0.815795
4951: 0.81563
4952: 0.815465
4953: 0.815301
4954: 0.815136
4955: 0.815174
4956: 0.815211
4957: 0.815248
4958: 0.815285
4959: 0.815323
4960: 0.81536
4961: 0.815397
4962: 0.815434
4963: 0.815471
4964: 0.815307
4965: 0.815143
4966: 0.814979
4967: 0.815016
4968: 0.815053
4969: 0.815091
4970: 0.815128
4971: 0.815165
4972: 0.815202
4973: 0.815239
4974: 0.815276
4975: 0.815314
4976: 0.815351
4977: 0.815388
4978: 0.815425
4979: 0.815462
4980: 0.815499
4981: 0.815536
4982: 0.815573
4983: 0.81561
4984: 0.815647
4985: 0.815684
4986: 0.815721
4987: 0.815758
4988: 0.815795
4989: 0.815832
4990: 0.815869
4991: 0.815905
4992: 0.815942
4993: 0.815979
4994: 0.816016
4995: 0.816053
4996: 0.81609
4997: 0.816126
4998: 0.816163
4999: 0.8162
5000: 0.816237
5001: 0.816273
5002: 0.81631
5003: 0.816347
5004: 0.816384
5005: 0.81642
5006: 0.816257
5007: 0.816094
5008: 0.816131
5009: 0.816168
5010: 0.816005
5011: 0.815842
5012: 0.815679
5013: 0.815716
5014: 0.815753
5015: 0.815789
5016: 0.815826
5017: 0.815863
5018: 0.8159
5019: 0.815936
5020: 0.815774
5021: 0.81581
5022: 0.815847
5023: 0.815884
5024: 0.81592
5025: 0.815957
5026: 0.815994
5027: 0.81603
5028: 0.816067
5029: 0.816103
5030: 0.81614
5031: 0.815978
5032: 0.815816
5033: 0.815852
5034: 0.815889
5035: 0.815727
5036: 0.815565
5037: 0.815403
5038: 0.81544
5039: 0.815476
5040: 0.815513
5041: 0.815549
5042: 0.815586
5043: 0.815623
5044: 0.815659
5045: 0.815696
5046: 0.815732
5047: 0.815769
5048: 0.815607
5049: 0.815644
5050: 0.81568
5051: 0.815717
5052: 0.815753
5053: 0.815789
5054: 0.815826
5055: 0.815665
5056: 0.815701
5057: 0.815737
5058: 0.815774
5059: 0.81581
5060: 0.815847
5061: 0.815883
5062: 0.815919
5063: 0.815956
5064: 0.815992
5065: 0.816028
5066: 0.816065
5067: 0.816101
5068: 0.816137
5069: 0.816174
5070: 0.816013
5071: 0.816049
5072: 0.816085
5073: 0.816121
5074: 0.816158
5075: 0.816194
5076: 0.81623
5077: 0.816266
5078: 0.816302
5079: 0.816339
5080: 0.816375
5081: 0.816411
5082: 0.816447
5083: 0.816483
5084: 0.816519
5085: 0.816555
5086: 0.816591
5087: 0.816627
5088: 0.816663
5089: 0.816699
5090: 0.816735
5091: 0.816575
5092: 0.816415
5093: 0.816451
5094: 0.816487
5095: 0.816523
5096: 0.816559
5097: 0.816399
5098: 0.816435
5099: 0.816471
5100: 0.816507
5101: 0.816543
5102: 0.816578
5103: 0.816614
5104: 0.81665
5105: 0.816686
5106: 0.816722
5107: 0.816758
5108: 0.816794
5109: 0.81683
5110: 0.816866
5111: 0.816901
5112: 0.816937
5113: 0.816973
5114: 0.817009
5115: 0.816849
5116: 0.816689
5117: 0.81653
5118: 0.81637
5119: 0.816406
5120: 0.816442
5121: 0.816478
5122: 0.816514
5123: 0.81655
5124: 0.816585
5125: 0.816621
5126: 0.816657
5127: 0.816693
5128: 0.816728
5129: 0.816764
5130: 0.8168
5131: 0.816836
5132: 0.816676
5133: 0.816517
5134: 0.816358
5135: 0.816394
5136: 0.81643
5137: 0.816466
5138: 0.816501
5139: 0.816537
5140: 0.816573
5141: 0.816608
5142: 0.816644
5143: 0.81668
5144: 0.816715
5145: 0.816751
5146: 0.816592
5147: 0.816628
5148: 0.816663
5149: 0.816699
5150: 0.816735
5151: 0.81677
5152: 0.816806
5153: 0.816647
5154: 0.816683
5155: 0.816718
5156: 0.816754
5157: 0.816596
5158: 0.816631
5159: 0.816667
5160: 0.816508
5161: 0.816544
5162: 0.816386
5163: 0.816228
5164: 0.816263
5165: 0.816299
5166: 0.816334
5167: 0.81637
5168: 0.816405
5169: 0.816441
5170: 0.816477
5171: 0.816512
5172: 0.816354
5173: 0.816196
5174: 0.816232
5175: 0.816267
5176: 0.816303
5177: 0.816145
5178: 0.816181
5179: 0.816216
5180: 0.816252
5181: 0.816287
5182: 0.81613
5183: 0.815972
5184: 0.816008
5185: 0.816043
5186: 0.816079
5187: 0.816114
5188: 0.81615
5189: 0.816185
5190: 0.81622
5191: 0.816256
5192: 0.816291
5193: 0.816327
5194: 0.816362
5195: 0.816397
5196: 0.816433
5197: 0.816468
5198: 0.816503
5199: 0.816538
5200: 0.816574
5201: 0.816609
5202: 0.816644
5203: 0.816679
5204: 0.816715
5205: 0.81675
5206: 0.816785
5207: 0.81682
5208: 0.816855
5209: 0.816891
5210: 0.816926
5211: 0.816961
5212: 0.816996
5213: 0.817031
5214: 0.816874
5215: 0.816718
5216: 0.816561
5217: 0.816405
5218: 0.81644
5219: 0.816475
5220: 0.81651
5221: 0.816545
5222: 0.816389
5223: 0.816424
5224: 0.816459
5225: 0.816494
5226: 0.81653
5227: 0.816565
5228: 0.816408
5229: 0.816252
5230: 0.816288
5231: 0.816323
5232: 0.816358
5233: 0.816393
5234: 0.816428
5235: 0.816463
5236: 0.816307
5237: 0.816151
5238: 0.816186
5239: 0.816221
5240: 0.816256
5241: 0.816291
5242: 0.816327
5243: 0.816171
5244: 0.816015
5245: 0.81605
5246: 0.816085
5247: 0.81612
5248: 0.816155
5249: 0.81619
5250: 0.816225
5251: 0.81626
5252: 0.816105
5253: 0.81595
5254: 0.815794
5255: 0.81583
5256: 0.815865
5257: 0.815709
5258: 0.815744
5259: 0.815779
5260: 0.815814
5261: 0.815849
5262: 0.815884
5263: 0.815919
5264: 0.815954
5265: 0.815989
5266: 0.816024
5267: 0.816059
5268: 0.816094
5269: 0.816129
5270: 0.816164
5271: 0.816199
5272: 0.816234
5273: 0.816268
5274: 0.816303
5275: 0.816338
5276: 0.816373
5277: 0.816408
5278: 0.816443
5279: 0.816477
5280: 0.816512
5281: 0.816547
5282: 0.816581
5283: 0.816427
5284: 0.816272
5285: 0.816307
5286: 0.816342
5287: 0.816377
5288: 0.816411
5289: 0.816446
5290: 0.816292
5291: 0.816327
5292: 0.816361
5293: 0.816396
5294: 0.816242
5295: 0.816088
5296: 0.816122
5297: 0.816157
5298: 0.816192
5299: 0.816226
5300: 0.816261
5301: 0.816296
5302: 0.816142
5303: 0.816176
5304: 0.816211
5305: 0.816246
5306: 0.81628
5307: 0.816315
5308: 0.81635
5309: 0.816384
5310: 0.81623
5311: 0.816077
5312: 0.815923
5313: 0.815958
5314: 0.815992
5315: 0.816027
5316: 0.816062
5317: 0.816096
5318: 0.816131
5319: 0.816165
5320: 0.816012
5321: 0.815859
5322: 0.815705
5323: 0.815552
5324: 0.815587
5325: 0.815621
5326: 0.815656
5327: 0.815691
5328: 0.815725
5329: 0.81576
5330: 0.815794
5331: 0.815829
5332: 0.815863
5333: 0.815898
5334: 0.815933
5335: 0.815967
5336: 0.816001
5337: 0.815849
5338: 0.815883
5339: 0.81573
5340: 0.815765
5341: 0.815799
5342: 0.815834
5343: 0.815868
5344: 0.815903
5345: 0.815937
5346: 0.815785
5347: 0.815819
5348: 0.815853
5349: 0.815701
5350: 0.815735
5351: 0.81577
5352: 0.815804
5353: 0.815652
5354: 0.815686
5355: 0.815721
5356: 0.815755
5357: 0.815789
5358: 0.815824
5359: 0.815858
5360: 0.815893
5361: 0.815927
5362: 0.815961
5363: 0.815809
5364: 0.815843
5365: 0.815878
5366: 0.815912
5367: 0.815946
5368: 0.815981
5369: 0.816015
5370: 0.816049
5371: 0.816083
5372: 0.815932
5373: 0.815966
5374: 0.815814
5375: 0.815662
5376: 0.815696
5377: 0.815731
5378: 0.815765
5379: 0.815799
5380: 0.815833
5381: 0.815868
5382: 0.815902
5383: 0.815936
5384: 0.81597
5385: 0.816004
5386: 0.816039
5387: 0.816073
5388: 0.816107
5389: 0.816141
5390: 0.816175
5391: 0.816209
5392: 0.816243
5393: 0.816092
5394: 0.816126
5395: 0.81616
5396: 0.816194
5397: 0.816228
5398: 0.816262
5399: 0.816296
5400: 0.81633
5401: 0.816364
5402: 0.816213
5403: 0.816247
5404: 0.816281
5405: 0.816315
5406: 0.816349
5407: 0.816383
5408: 0.816417
5409: 0.816451
5410: 0.816485
5411: 0.816519
5412: 0.816553
5413: 0.816587
5414: 0.81662
5415: 0.816654
5416: 0.816688
5417: 0.816722
5418: 0.816756
5419: 0.81679
5420: 0.816823
5421: 0.816857
5422: 0.816891
5423: 0.81674
5424: 0.816774
5425: 0.816808
5426: 0.816842
5427: 0.816875
5428: 0.816909
5429: 0.816943
5430: 0.816977
5431: 0.81701
5432: 0.817044
5433: 0.817078
5434: 0.817111
5435: 0.817145
5436: 0.817179
5437: 0.817212
5438: 0.817062
5439: 0.817096
5440: 0.817129
5441: 0.817163
5442: 0.817196
5443: 0.81723
5444: 0.81708
5445: 0.81693
5446: 0.81678
5447: 0.816814
5448: 0.816847
5449: 0.816881
5450: 0.816914
5451: 0.816948
5452: 0.816798
5453: 0.816832
5454: 0.816865
5455: 0.816899
5456: 0.816749
5457: 0.816783
5458: 0.816816
5459: 0.81685
5460: 0.8167
5461: 0.816734
5462: 0.816584
5463: 0.816618
5464: 0.816468
5465: 0.816502
5466: 0.816536
5467: 0.816569
5468: 0.816603
5469: 0.816636
5470: 0.81667
5471: 0.816703
5472: 0.816737
5473: 0.81677
5474: 0.816621
5475: 0.816654
5476: 0.816688
5477: 0.816721
5478: 0.816755
5479: 0.816788
5480: 0.816822
5481: 0.816855
5482: 0.816889
5483: 0.816922
5484: 0.816955
5485: 0.816989
5486: 0.817022
5487: 0.817055
5488: 0.817089
5489: 0.81694
5490: 0.816973
5491: 0.817007
5492: 0.81704
5493: 0.817073
5494: 0.817106
5495: 0.816958
5496: 0.816809
5497: 0.816842
5498: 0.816876
5499: 0.816909
5500: 0.816761
5501: 0.816612
5502: 0.816645
5503: 0.816679
5504: 0.816712
5505: 0.816564
5506: 0.816597
5507: 0.81663
5508: 0.816664
5509: 0.816697
5510: 0.81673
5511: 0.816763
5512: 0.816797
5513: 0.81683
5514: 0.816863
5515: 0.816896
5516: 0.816929
5517: 0.816963
5518: 0.816996
5519: 0.817029
5520: 0.817062
5521: 0.817095
5522: 0.817128
5523: 0.817161
5524: 0.817014
5525: 0.817047
5526: 0.81708
5527: 0.817113
5528: 0.817146
5529: 0.817179
5530: 0.817212
5531: 0.817245
5532: 0.817278
5533: 0.817311
5534: 0.817344
5535: 0.817377
5536: 0.81741
5537: 0.817443
5538: 0.817476
5539: 0.817509
5540: 0.817542
5541: 0.817575
5542: 0.817608
5543: 0.817641
5544: 0.817674
5545: 0.817706
5546: 0.817739
5547: 0.817772
5548: 0.817805
5549: 0.817838
5550: 0.817871
5551: 0.817903
5552: 0.817936
5553: 0.817969
5554: 0.818002
5555: 0.818035
5556: 0.818067
5557: 0.8181
5558: 0.818133
5559: 0.818165
5560: 0.818198
5561: 0.818231
5562: 0.818264
5563: 0.818296
5564: 0.818329
5565: 0.818361
5566: 0.818214
5567: 0.818068
5568: 0.8181
5569: 0.818133
5570: 0.818165
5571: 0.818019
5572: 0.817872
5573: 0.817905
5574: 0.817937
5575: 0.81797
5576: 0.818003
5577: 0.818035
5578: 0.818068
5579: 0.8181
5580: 0.818133
5581: 0.818166
5582: 0.818198
5583: 0.818231
5584: 0.818263
5585: 0.818296
5586: 0.818149
5587: 0.818182
5588: 0.818214
5589: 0.818068
5590: 0.817922
5591: 0.817775
5592: 0.817629
5593: 0.817483
5594: 0.817337
5595: 0.81737
5596: 0.817402
5597: 0.817435
5598: 0.817467
5599: 0.8175
5600: 0.817533
5601: 0.817565
5602: 0.817598
5603: 0.81763
5604: 0.817663
5605: 0.817695
5606: 0.817728
5607: 0.81776
5608: 0.817793
5609: 0.817825
5610: 0.817858
5611: 0.81789
5612: 0.817923
5613: 0.817955
5614: 0.817988
5615: 0.817842
5616: 0.817874
5617: 0.817907
5618: 0.817761
5619: 0.817616
5620: 0.81747
5621: 0.817325
5622: 0.817179
5623: 0.817212
5624: 0.817067
5625: 0.816921
5626: 0.816776
5627: 0.816809
5628: 0.816841
5629: 0.816874
5630: 0.816906
5631: 0.816761
5632: 0.816794
5633: 0.816649
5634: 0.816681
5635: 0.816714
5636: 0.816746
5637: 0.816779
5638: 0.816811
5639: 0.816844
5640: 0.816699
5641: 0.816554
5642: 0.816587
5643: 0.816619
5644: 0.816652
5645: 0.816684
5646: 0.816717
5647: 0.816749
5648: 0.816782
5649: 0.816814
5650: 0.816847
5651: 0.816879
5652: 0.816734
5653: 0.816767
5654: 0.816799
5655: 0.816655
5656: 0.816687
5657: 0.81672
5658: 0.816752
5659: 0.816784
5660: 0.816817
5661: 0.816849
5662: 0.816882
5663: 0.816914
5664: 0.816946
5665: 0.816978
5666: 0.817011
5667: 0.817043
5668: 0.817075
5669: 0.817108
5670: 0.81714
5671: 0.816996
5672: 0.817028
5673: 0.81706
5674: 0.816916
5675: 0.816772
5676: 0.816629
5677: 0.816661
5678: 0.816693
5679: 0.816725
5680: 0.816758
5681: 0.81679
5682: 0.816822
5683: 0.816854
5684: 0.816887
5685: 0.816919
5686: 0.816951
5687: 0.816983
5688: 0.817015
5689: 0.817047
5690: 0.81708
5691: 0.816936
5692: 0.816793
5693: 0.816649
5694: 0.816681
5695: 0.816713
5696: 0.816746
5697: 0.816602
5698: 0.816634
5699: 0.816667
5700: 0.816699
5701: 0.816731
5702: 0.816588
5703: 0.816445
5704: 0.816301
5705: 0.816334
5706: 0.816366
5707: 0.816398
5708: 0.81643
5709: 0.816462
5710: 0.816494
5711: 0.816352
5712: 0.816209
5713: 0.816066
5714: 0.816098
5715: 0.815955
5716: 0.815812
5717: 0.815845
5718: 0.815877
5719: 0.815909
5720: 0.815941
5721: 0.815973
5722: 0.816006
5723: 0.816038
5724: 0.81607
5725: 0.816102
5726: 0.816134
5727: 0.816166
5728: 0.816198
5729: 0.81623
5730: 0.816262
5731: 0.816294
5732: 0.816327
5733: 0.816359
5734: 0.816391
5735: 0.816423
5736: 0.816455
5737: 0.816312
5738: 0.816344
5739: 0.816376
5740: 0.816408
5741: 0.81644
5742: 0.816472
5743: 0.816504
5744: 0.816536
5745: 0.816568
5746: 0.8166
5747: 0.816632
5748: 0.816664
5749: 0.816696
5750: 0.816554
5751: 0.816586
5752: 0.816444
5753: 0.816302
5754: 0.816334
5755: 0.816366
5756: 0.816224
5757: 0.816256
5758: 0.816288
5759: 0.816319
5760: 0.816351
5761: 0.816383
5762: 0.816415
5763: 0.816273
5764: 0.816305
5765: 0.816337
5766: 0.816369
5767: 0.816401
5768: 0.816433
5769: 0.816464
5770: 0.816496
5771: 0.816528
5772: 0.81656
5773: 0.816592
5774: 0.81645
5775: 0.816309
5776: 0.816341
5777: 0.816199
5778: 0.816058
5779: 0.81609
5780: 0.816122
5781: 0.816154
5782: 0.816185
5783: 0.816217
5784: 0.816249
5785: 0.816281
5786: 0.81614
5787: 0.816171
5788: 0.816203
5789: 0.816235
5790: 0.816267
5791: 0.816298
5792: 0.816157
5793: 0.816189
5794: 0.816221
5795: 0.81608
5796: 0.816112
5797: 0.816143
5798: 0.816175
5799: 0.816207
5800: 0.816239
5801: 0.81627
5802: 0.816302
5803: 0.816334
5804: 0.816365
5805: 0.816397
5806: 0.816428
5807: 0.81646
5808: 0.816492
5809: 0.816523
5810: 0.816555
5811: 0.816586
5812: 0.816618
5813: 0.816649
5814: 0.816681
5815: 0.816713
5816: 0.816744
5817: 0.816776
5818: 0.816635
5819: 0.816667
5820: 0.816698
5821: 0.81673
5822: 0.816761
5823: 0.816793
5824: 0.816824
5825: 0.816855
5826: 0.816887
5827: 0.816918
5828: 0.81695
5829: 0.816981
5830: 0.817013
5831: 0.817044
5832: 0.817075
5833: 0.817107
5834: 0.817138
5835: 0.817169
5836: 0.817029
5837: 0.817061
5838: 0.817092
5839: 0.817123
5840: 0.817155
5841: 0.817186
5842: 0.817217
5843: 0.817248
5844: 0.81728
5845: 0.817311
5846: 0.817342
5847: 0.817373
5848: 0.817405
5849: 0.817436
5850: 0.817467
5851: 0.817498
5852: 0.817529
5853: 0.817561
5854: 0.817592
5855: 0.817623
5856: 0.817483
5857: 0.817515
5858: 0.817546
5859: 0.817577
5860: 0.817608
5861: 0.817639
5862: 0.81767
5863: 0.817701
5864: 0.817732
5865: 0.817763
5866: 0.817794
5867: 0.817825
5868: 0.817857
5869: 0.817888
5870: 0.817748
5871: 0.817779
5872: 0.81781
5873: 0.817841
5874: 0.817872
5875: 0.817903
5876: 0.817934
5877: 0.817965
5878: 0.817996
5879: 0.818027
5880: 0.818058
5881: 0.818089
5882: 0.81795
5883: 0.817981
5884: 0.818012
5885: 0.818043
5886: 0.818074
5887: 0.818105
5888: 0.818136
5889: 0.817997
5890: 0.818027
5891: 0.818058
5892: 0.818089
5893: 0.81812
5894: 0.818151
5895: 0.818182
5896: 0.818213
5897: 0.818074
5898: 0.817935
5899: 0.817797
5900: 0.817658
5901: 0.817689
5902: 0.81772
5903: 0.817581
5904: 0.817612
5905: 0.817643
5906: 0.817674
5907: 0.817536
5908: 0.817397
5909: 0.817428
5910: 0.817459
5911: 0.81749
5912: 0.817521
5913: 0.817552
5914: 0.817582
5915: 0.817613
5916: 0.817644
5917: 0.817506
5918: 0.817537
5919: 0.817568
5920: 0.817598
5921: 0.817629
5922: 0.81766
5923: 0.817691
5924: 0.817722
5925: 0.817752
5926: 0.817783
5927: 0.817814
5928: 0.817844
5929: 0.817707
5930: 0.817737
5931: 0.817768
5932: 0.817799
5933: 0.817661
5934: 0.817523
5935: 0.817385
5936: 0.817248
5937: 0.817279
5938: 0.817309
5939: 0.81734
5940: 0.817371
5941: 0.817402
5942: 0.817432
5943: 0.817463
5944: 0.817494
5945: 0.817356
5946: 0.817219
5947: 0.817081
5948: 0.817112
5949: 0.817143
5950: 0.817174
5951: 0.817204
5952: 0.817235
5953: 0.817098
5954: 0.817128
5955: 0.817159
5956: 0.81719
5957: 0.817221
5958: 0.817083
5959: 0.816946
5960: 0.816809
5961: 0.816672
5962: 0.816703
5963: 0.816734
5964: 0.816764
5965: 0.816795
5966: 0.816826
5967: 0.816857
5968: 0.816887
5969: 0.816918
5970: 0.816949
5971: 0.816979
5972: 0.81701
5973: 0.817041
5974: 0.817071
5975: 0.816934
5976: 0.816798
5977: 0.816661
5978: 0.816525
5979: 0.816555
5980: 0.816586
5981: 0.816617
5982: 0.816647
5983: 0.816678
5984: 0.816708
5985: 0.816739
5986: 0.816603
5987: 0.816633
5988: 0.816664
5989: 0.816694
5990: 0.816725
5991: 0.816589
5992: 0.816453
5993: 0.816316
5994: 0.81618
5995: 0.816211
5996: 0.816241
5997: 0.816272
5998: 0.816303
5999: 0.816333
6000: 0.816364
6001: 0.816395
6002: 0.816259
6003: 0.816123
6004: 0.816153
6005: 0.816184
6006: 0.816214
6007: 0.816245
6008: 0.816276
6009: 0.816306
6010: 0.816337
6011: 0.816367
6012: 0.816398
6013: 0.816428
6014: 0.816459
6015: 0.816489
6016: 0.81652
6017: 0.81655
6018: 0.816581
6019: 0.816611
6020: 0.816642
6021: 0.816672
6022: 0.816537
6023: 0.816401
6024: 0.816432
6025: 0.816462
6026: 0.816492
6027: 0.816523
6028: 0.816387
6029: 0.816252
6030: 0.816283
6031: 0.816313
6032: 0.816343
6033: 0.816374
6034: 0.816404
6035: 0.816269
6036: 0.816134
6037: 0.816164
6038: 0.816195
6039: 0.816225
6040: 0.816256
6041: 0.816286
6042: 0.816316
6043: 0.816347
6044: 0.816377
6045: 0.816408
6046: 0.816438
6047: 0.816468
6048: 0.816499
6049: 0.816529
6050: 0.816559
6051: 0.81659
6052: 0.81662
6053: 0.816485
6054: 0.81635
6055: 0.81638
6056: 0.816411
6057: 0.816441
6058: 0.816471
6059: 0.816502
6060: 0.816532
6061: 0.816562
6062: 0.816592
6063: 0.816623
6064: 0.816653
6065: 0.816518
6066: 0.816384
6067: 0.816249
6068: 0.816279
6069: 0.81631
6070: 0.81634
6071: 0.81637
6072: 0.8164
6073: 0.816431
6074: 0.816461
6075: 0.816491
6076: 0.816521
6077: 0.816551
6078: 0.816582
6079: 0.816612
6080: 0.816642
6081: 0.816672
6082: 0.816702
6083: 0.816732
6084: 0.816763
6085: 0.816793
6086: 0.816823
6087: 0.816853
6088: 0.816883
6089: 0.816749
6090: 0.816615
6091: 0.816645
6092: 0.816675
6093: 0.816705
6094: 0.816735
6095: 0.816765
6096: 0.816795
6097: 0.816825
6098: 0.816855
6099: 0.816885
6100: 0.816915
6101: 0.816945
6102: 0.816975
6103: 0.817005
6104: 0.817035
6105: 0.817065
6106: 0.816931
6107: 0.816961
6108: 0.816991
6109: 0.817021
6110: 0.817051
6111: 0.817081
6112: 0.817111
6113: 0.817141
6114: 0.817171
6115: 0.817201
6116: 0.817231
6117: 0.817261
6118: 0.81729
6119: 0.81732
6120: 0.81735
6121: 0.817217
6122: 0.817246
6123: 0.817276
6124: 0.817306
6125: 0.817336
6126: 0.817203
6127: 0.817232
6128: 0.817099
6129: 0.816966
6130: 0.816832
6131: 0.816862
6132: 0.816892
6133: 0.816922
6134: 0.816952
6135: 0.816819
6136: 0.816849
6137: 0.816878
6138: 0.816908
6139: 0.816775
6140: 0.816805
6141: 0.816835
6142: 0.816865
6143: 0.816895
6144: 0.816924
6145: 0.816954
6146: 0.816984
6147: 0.817014
6148: 0.817043
6149: 0.817073
6150: 0.817103
6151: 0.817133
6152: 0.817162
6153: 0.817192
6154: 0.817222
6155: 0.817251
6156: 0.817281
6157: 0.817311
6158: 0.81734
6159: 0.81737
6160: 0.8174
6161: 0.817429
6162: 0.817459
6163: 0.817489
6164: 0.817518
6165: 0.817548
6166: 0.817577
6167: 0.817607
6168: 0.817637
6169: 0.817666
6170: 0.817696
6171: 0.817725
6172: 0.817755
6173: 0.817784
6174: 0.817814
6175: 0.817843
6176: 0.817873
6177: 0.81774
6178: 0.81777
6179: 0.817799
6180: 0.817829
6181: 0.817858
6182: 0.817888
6183: 0.817917
6184: 0.817947
6185: 0.817976
6186: 0.818005
6187: 0.818035
6188: 0.818064
6189: 0.818094
6190: 0.817962
6191: 0.817829
6192: 0.817697
6193: 0.817727
6194: 0.817756
6195: 0.817786
6196: 0.817815
6197: 0.817844
6198: 0.817874
6199: 0.817903
6200: 0.817933
6201: 0.817962
6202: 0.817991
6203: 0.818021
6204: 0.81805
6205: 0.818079
6206: 0.818109
6207: 0.818138
6208: 0.818167
6209: 0.818196
6210: 0.818226
6211: 0.818255
6212: 0.818284
6213: 0.818313
6214: 0.818343
6215: 0.818372
6216: 0.81824
6217: 0.81827
6218: 0.818299
6219: 0.818328
6220: 0.818357
6221: 0.818386
6222: 0.818416
6223: 0.818284
6224: 0.818153
6225: 0.818182
6226: 0.818211
6227: 0.81824
6228: 0.818269
6229: 0.818299
6230: 0.818328
6231: 0.818196
6232: 0.818226
6233: 0.818255
6234: 0.818284
6235: 0.818313
6236: 0.818342
6237: 0.818371
6238: 0.8184
6239: 0.818429
6240: 0.818459
6241: 0.818488
6242: 0.818517
6243: 0.818546
6244: 0.818575
6245: 0.818604
6246: 0.818473
6247: 0.818342
6248: 0.818211
6249: 0.81824
6250: 0.818269
6251: 0.818138
6252: 0.818167
6253: 0.818036
6254: 0.817906
6255: 0.817775
6256: 0.817644
6257: 0.817673
6258: 0.817703
6259: 0.817732
6260: 0.817761
6261: 0.81779
6262: 0.817819
6263: 0.817848
6264: 0.817877
6265: 0.817747
6266: 0.817616
6267: 0.817645
6268: 0.817674
6269: 0.817703
6270: 0.817732
6271: 0.817761
6272: 0.817631
6273: 0.81766
6274: 0.817689
6275: 0.817718
6276: 0.817747
6277: 0.817776
6278: 0.817805
6279: 0.817675
6280: 0.817545
6281: 0.817415
6282: 0.817444
6283: 0.817473
6284: 0.817502
6285: 0.817531
6286: 0.81756
6287: 0.817589
6288: 0.817618
6289: 0.817647
6290: 0.817676
6291: 0.817705
6292: 0.817734
6293: 0.817763
6294: 0.817792
6295: 0.817821
6296: 0.81785
6297: 0.817879
6298: 0.817908
6299: 0.817937
6300: 0.817965
6301: 0.817836
6302: 0.817865
6303: 0.817893
6304: 0.817922
6305: 0.817951
6306: 0.81798
6307: 0.818009
6308: 0.818038
6309: 0.818067
6310: 0.818095
6311: 0.818124
6312: 0.818153
6313: 0.818182
6314: 0.818211
6315: 0.818081
6316: 0.817952
6317: 0.81798
6318: 0.818009
6319: 0.818038
6320: 0.818067
6321: 0.817937
6322: 0.817808
6323: 0.817837
6324: 0.817866
6325: 0.817736
6326: 0.817765
6327: 0.817794
6328: 0.817823
6329: 0.817852
6330: 0.81788
6331: 0.817909
6332: 0.817938
6333: 0.817967
6334: 0.817995
6335: 0.818024
6336: 0.817895
6337: 0.817924
6338: 0.817795
6339: 0.817666
6340: 0.817694
6341: 0.817723
6342: 0.817752
6343: 0.817781
6344: 0.817809
6345: 0.817838
6346: 0.817867
6347: 0.817895
6348: 0.817924
6349: 0.817953
6350: 0.817824
6351: 0.817695
6352: 0.817567
6353: 0.817438
6354: 0.817309
6355: 0.817338
6356: 0.817367
6357: 0.817395
6358: 0.817424
6359: 0.817296
6360: 0.817324
6361: 0.817353
6362: 0.817382
6363: 0.81741
6364: 0.817439
6365: 0.817468
6366: 0.817496
6367: 0.817525
6368: 0.817554
6369: 0.817582
6370: 0.817611
6371: 0.81764
6372: 0.817668
6373: 0.817697
6374: 0.817725
6375: 0.817754
6376: 0.817783
6377: 0.817811
6378: 0.81784
6379: 0.817868
6380: 0.817897
6381: 0.817925
6382: 0.817797
6383: 0.817826
6384: 0.817854
6385: 0.817883
6386: 0.817911
6387: 0.81794
6388: 0.817812
6389: 0.81784
6390: 0.817869
6391: 0.817897
6392: 0.817769
6393: 0.817642
6394: 0.81767
6395: 0.817699
6396: 0.817727
6397: 0.817756
6398: 0.817784
6399: 0.817813
6400: 0.817841
6401: 0.817869
6402: 0.817898
6403: 0.81777
6404: 0.817799
6405: 0.817671
6406: 0.817699
6407: 0.817572
6408: 0.817444
6409: 0.817473
6410: 0.817501
6411: 0.81753
6412: 0.817402
6413: 0.817275
6414: 0.817147
6415: 0.817176
6416: 0.817204
6417: 0.817233
6418: 0.817105
6419: 0.816978
6420: 0.817007
6421: 0.817035
6422: 0.816908
6423: 0.816936
6424: 0.816965
6425: 0.816993
6426: 0.817022
6427: 0.81705
6428: 0.817079
6429: 0.817107
6430: 0.817136
6431: 0.817164
6432: 0.817193
6433: 0.817221
6434: 0.817249
6435: 0.817278
6436: 0.817306
6437: 0.817179
6438: 0.817052
6439: 0.816925
6440: 0.816799
6441: 0.816827
6442: 0.816856
6443: 0.816884
6444: 0.816912
6445: 0.816941
6446: 0.816969
6447: 0.816998
6448: 0.817026
6449: 0.817054
6450: 0.817083
6451: 0.817111
6452: 0.817139
6453: 0.817013
6454: 0.817041
6455: 0.817069
6456: 0.817098
6457: 0.817126
6458: 0.817154
6459: 0.817183
6460: 0.817211
6461: 0.817239
6462: 0.817268
6463: 0.817296
6464: 0.817324
6465: 0.817352
6466: 0.817226
6467: 0.8171
6468: 0.817128
6469: 0.817156
6470: 0.817184
6471: 0.817213
6472: 0.817241
6473: 0.817269
6474: 0.817143
6475: 0.817017
6476: 0.816891
6477: 0.816919
6478: 0.816947
6479: 0.816821
6480: 0.816849
6481: 0.816878
6482: 0.816906
6483: 0.816934
6484: 0.816962
6485: 0.816836
6486: 0.81671
6487: 0.816739
6488: 0.816767
6489: 0.816795
6490: 0.816823
6491: 0.816852
6492: 0.816726
6493: 0.816754
6494: 0.816782
6495: 0.81681
6496: 0.816839
6497: 0.816867
6498: 0.816895
6499: 0.816923
6500: 0.816951
6501: 0.816979
6502: 0.817008
6503: 0.817036
6504: 0.817064
6505: 0.817092
6506: 0.81712
6507: 0.817148
6508: 0.817023
6509: 0.816897
6510: 0.816772
6511: 0.8168
6512: 0.816828
6513: 0.816856
6514: 0.816884
6515: 0.816912
6516: 0.81694
6517: 0.816968
6518: 0.816996
6519: 0.817025
6520: 0.817053
6521: 0.817081
6522: 0.817109
6523: 0.817137
6524: 0.817165
6525: 0.817193
6526: 0.817221
6527: 0.817249
6528: 0.817277
6529: 0.817152
6530: 0.81718
6531: 0.817208
6532: 0.817236
6533: 0.817264
6534: 0.817138
6535: 0.817166
6536: 0.817041
6537: 0.816916
6538: 0.816792
6539: 0.81682
6540: 0.816848
6541: 0.816723
6542: 0.816751
6543: 0.816779
6544: 0.816807
6545: 0.816835
6546: 0.81671
6547: 0.816585
6548: 0.816461
6549: 0.816336
6550: 0.816364
6551: 0.816392
6552: 0.81642
6553: 0.816448
6554: 0.816476
6555: 0.816504
6556: 0.816532
6557: 0.81656
6558: 0.816588
6559: 0.816616
6560: 0.816644
6561: 0.816672
6562: 0.8167
6563: 0.816728
6564: 0.816756
6565: 0.816783
6566: 0.816811
6567: 0.816839
6568: 0.816867
6569: 0.816895
6570: 0.816923
6571: 0.816951
6572: 0.816979
6573: 0.817006
6574: 0.817034
6575: 0.817062
6576: 0.81709
6577: 0.817118
6578: 0.817145
6579: 0.817173
6580: 0.817201
6581: 0.817077
6582: 0.817105
6583: 0.816981
6584: 0.816856
6585: 0.816732
6586: 0.81676
6587: 0.816788
6588: 0.816816
6589: 0.816844
6590: 0.816871
6591: 0.816899
6592: 0.816927
6593: 0.816955
6594: 0.816983
6595: 0.81701
6596: 0.817038
6597: 0.816914
6598: 0.816942
6599: 0.81697
6600: 0.816997
6601: 0.817025
6602: 0.817053
6603: 0.817081
6604: 0.817108
6605: 0.817136
6606: 0.817164
6607: 0.81704
6608: 0.817068
6609: 0.817095
6610: 0.817123
6611: 0.817151
6612: 0.817178
6613: 0.817206
6614: 0.817234
6615: 0.817261
6616: 0.817289
6617: 0.817316
6618: 0.817344
6619: 0.817372
6620: 0.817399
6621: 0.817427
6622: 0.817454
6623: 0.817482
6624: 0.817509
6625: 0.817537
6626: 0.817565
6627: 0.817592
6628: 0.817469
6629: 0.817345
6630: 0.817222
6631: 0.81725
6632: 0.817277
6633: 0.817305
6634: 0.817332
6635: 0.81736
6636: 0.817387
6637: 0.817415
6638: 0.817442
6639: 0.81747
6640: 0.817497
6641: 0.817525
6642: 0.817552
6643: 0.81758
6644: 0.817607
6645: 0.817635
6646: 0.817662
6647: 0.81769
6648: 0.817717
6649: 0.817744
6650: 0.817772
6651: 0.817799
6652: 0.817676
6653: 0.817553
6654: 0.817581
6655: 0.817608
6656: 0.817636
6657: 0.817513
6658: 0.81739
6659: 0.817417
6660: 0.817445
6661: 0.817472
6662: 0.8175
6663: 0.817527
6664: 0.817404
6665: 0.817282
6666: 0.817159
6667: 0.817187
6668: 0.817214
6669: 0.817091
6670: 0.816969
6671: 0.816847
6672: 0.816724
6673: 0.816602
6674: 0.816629
6675: 0.816657
6676: 0.816684
6677: 0.816712
6678: 0.816739
6679: 0.816766
6680: 0.816794
6681: 0.816821
6682: 0.816699
6683: 0.816577
6684: 0.816455
6685: 0.816333
6686: 0.816211
6687: 0.816089
6688: 0.816116
6689: 0.816143
6690: 0.816171
6691: 0.816198
6692: 0.816076
6693: 0.816104
6694: 0.816131
6695: 0.816159
6696: 0.816186
6697: 0.816214
6698: 0.816241
6699: 0.816269
6700: 0.816296
6701: 0.816323
6702: 0.816351
6703: 0.816378
6704: 0.816406
6705: 0.816433
6706: 0.81646
6707: 0.816488
6708: 0.816366
6709: 0.816393
6710: 0.816421
6711: 0.816448
6712: 0.816475
6713: 0.816354
6714: 0.816381
6715: 0.816409
6716: 0.816436
6717: 0.816463
6718: 0.816491
6719: 0.816369
6720: 0.816248
6721: 0.816275
6722: 0.816154
6723: 0.816181
6724: 0.816208
6725: 0.816236
6726: 0.816263
6727: 0.816141
6728: 0.816169
6729: 0.816196
6730: 0.816223
6731: 0.816102
6732: 0.815981
6733: 0.81586
6734: 0.815739
6735: 0.815766
6736: 0.815793
6737: 0.815821
6738: 0.815848
6739: 0.815875
6740: 0.815903
6741: 0.81593
6742: 0.815957
6743: 0.815985
6744: 0.816012
6745: 0.816039
6746: 0.816066
6747: 0.816094
6748: 0.816121
6749: 0.816148
6750: 0.816027
6751: 0.816055
6752: 0.816082
6753: 0.816109
6754: 0.816136
6755: 0.816163
6756: 0.816191
6757: 0.816218
6758: 0.816245
6759: 0.816272
6760: 0.816299
6761: 0.816327
6762: 0.816354
6763: 0.816381
6764: 0.816408
6765: 0.816435
6766: 0.816462
6767: 0.816489
6768: 0.816516
6769: 0.816396
6770: 0.816275
6771: 0.816302
6772: 0.81633
6773: 0.816357
6774: 0.816384
6775: 0.816411
6776: 0.816438
6777: 0.816465
6778: 0.816492
6779: 0.816519
6780: 0.816399
6781: 0.816278
6782: 0.816158
6783: 0.816185
6784: 0.816212
6785: 0.816239
6786: 0.816266
6787: 0.816293
6788: 0.816321
6789: 0.816348
6790: 0.816375
6791: 0.816402
6792: 0.816429
6793: 0.816456
6794: 0.816483
6795: 0.81651
6796: 0.816537
6797: 0.816564
6798: 0.816591
6799: 0.816618
6800: 0.816498
6801: 0.816378
6802: 0.816258
6803: 0.816285
6804: 0.816312
6805: 0.816339
6806: 0.816366
6807: 0.816246
6808: 0.816126
6809: 0.816153
6810: 0.81618
6811: 0.816207
6812: 0.816234
6813: 0.816261
6814: 0.816288
6815: 0.816315
6816: 0.816341
6817: 0.816368
6818: 0.816395
6819: 0.816422
6820: 0.816449
6821: 0.816476
6822: 0.816503
6823: 0.81653
6824: 0.816557
6825: 0.816584
6826: 0.816611
6827: 0.816491
6828: 0.816371
6829: 0.816398
6830: 0.816425
6831: 0.816452
6832: 0.816479
6833: 0.816506
6834: 0.816386
6835: 0.816267
6836: 0.816294
6837: 0.816321
6838: 0.816201
6839: 0.816228
6840: 0.816255
6841: 0.816282
6842: 0.816309
6843: 0.816335
6844: 0.816362
6845: 0.816389
6846: 0.816416
6847: 0.816443
6848: 0.81647
6849: 0.816496
6850: 0.816377
6851: 0.816404
6852: 0.816431
6853: 0.816458
6854: 0.816484
6855: 0.816365
6856: 0.816246
6857: 0.816273
6858: 0.816154
6859: 0.816035
6860: 0.815916
6861: 0.815943
6862: 0.81597
6863: 0.815997
6864: 0.816023
6865: 0.81605
6866: 0.816077
6867: 0.816104
6868: 0.81613
6869: 0.816157
6870: 0.816038
6871: 0.81592
6872: 0.815801
6873: 0.815828
6874: 0.815855
6875: 0.815881
6876: 0.815908
6877: 0.815935
6878: 0.815962
6879: 0.815988
6880: 0.816015
6881: 0.815897
6882: 0.815923
6883: 0.815805
6884: 0.815686
6885: 0.815568
6886: 0.815595
6887: 0.815621
6888: 0.815648
6889: 0.815675
6890: 0.815702
6891: 0.815728
6892: 0.815755
6893: 0.815782
6894: 0.815809
6895: 0.81569
6896: 0.815572
6897: 0.815454
6898: 0.815481
6899: 0.815507
6900: 0.815534
6901: 0.815561
6902: 0.815587
6903: 0.815614
6904: 0.815641
6905: 0.815668
6906: 0.815694
6907: 0.815721
6908: 0.815748
6909: 0.815774
6910: 0.815801
6911: 0.815828
6912: 0.815854
6913: 0.815736
6914: 0.815763
6915: 0.815789
6916: 0.815672
6917: 0.815698
6918: 0.815725
6919: 0.815751
6920: 0.815778
6921: 0.815805
6922: 0.815831
6923: 0.815858
6924: 0.815884
6925: 0.815767
6926: 0.815793
6927: 0.81582
6928: 0.815846
6929: 0.815873
6930: 0.8159
6931: 0.815926
6932: 0.815953
6933: 0.815979
6934: 0.816006
6935: 0.816032
6936: 0.816059
6937: 0.816085
6938: 0.816112
6939: 0.816138
6940: 0.816165
6941: 0.816191
6942: 0.816218
6943: 0.816244
6944: 0.816271
6945: 0.816153
6946: 0.81618
6947: 0.816206
6948: 0.816089
6949: 0.815971
6950: 0.815998
6951: 0.816024
6952: 0.815907
6953: 0.815933
6954: 0.81596
6955: 0.815986
6956: 0.816013
6957: 0.816039
6958: 0.816066
6959: 0.816092
6960: 0.816118
6961: 0.816145
6962: 0.816028
6963: 0.816054
6964: 0.81608
6965: 0.815963
6966: 0.81599
6967: 0.816016
6968: 0.816042
6969: 0.816069
6970: 0.816095
6971: 0.816122
6972: 0.816148
6973: 0.816031
6974: 0.816057
6975: 0.816084
6976: 0.81611
6977: 0.816136
6978: 0.816163
6979: 0.816046
6980: 0.816072
6981: 0.816099
6982: 0.816125
6983: 0.816151
6984: 0.816178
6985: 0.816204
6986: 0.81623
6987: 0.816256
6988: 0.816283
6989: 0.816309
6990: 0.816335
6991: 0.816362
6992: 0.816388
6993: 0.816414
6994: 0.81644
6995: 0.816467
6996: 0.816493
6997: 0.816519
6998: 0.816545
6999: 0.816571
7000: 0.816598
7001: 0.816624
7002: 0.81665
7003: 0.816676
7004: 0.816702
7005: 0.816729
7006: 0.816755
7007: 0.816781
7008: 0.816807
7009: 0.816833
7010: 0.816859
7011: 0.816743
7012: 0.816769
7013: 0.816795
7014: 0.816821
7015: 0.816847
7016: 0.816873
7017: 0.816899
7018: 0.816925
7019: 0.816952
7020: 0.816835
7021: 0.816719
7022: 0.816603
7023: 0.816486
7024: 0.816512
7025: 0.816539
7026: 0.816565
7027: 0.816591
7028: 0.816617
7029: 0.816643
7030: 0.816669
7031: 0.816695
7032: 0.816721
7033: 0.816747
7034: 0.816773
7035: 0.816799
7036: 0.816825
7037: 0.816851
7038: 0.816877
7039: 0.816761
7040: 0.816645
7041: 0.816529
7042: 0.816555
7043: 0.816581
7044: 0.816608
7045: 0.816634
7046: 0.816518
7047: 0.816402
7048: 0.816428
7049: 0.816454
7050: 0.816338
7051: 0.816364
7052: 0.81639
7053: 0.816416
7054: 0.816442
7055: 0.816468
7056: 0.816494
7057: 0.816379
7058: 0.816405
7059: 0.816431
7060: 0.816457
7061: 0.816483
7062: 0.816509
7063: 0.816535
7064: 0.816561
7065: 0.816586
7066: 0.816612
7067: 0.816638
7068: 0.816664
7069: 0.81669
7070: 0.816716
7071: 0.816742
7072: 0.816768
7073: 0.816794
7074: 0.81682
7075: 0.816846
7076: 0.816872
7077: 0.816897
7078: 0.816782
7079: 0.816808
7080: 0.816834
7081: 0.81686
7082: 0.816886
7083: 0.816911
7084: 0.816937
7085: 0.816963
7086: 0.816989
7087: 0.817015
7088: 0.81704
7089: 0.817066
7090: 0.817092
7091: 0.817118
7092: 0.817003
7093: 0.817028
7094: 0.817054
7095: 0.81708
7096: 0.817106
7097: 0.817132
7098: 0.817157
7099: 0.817183
7100: 0.817068
7101: 0.817094
7102: 0.81712
7103: 0.817145
7104: 0.817171
7105: 0.817197
7106: 0.817222
7107: 0.817248
7108: 0.817133
7109: 0.817159
7110: 0.817044
7111: 0.816929
7112: 0.816814
7113: 0.816699
7114: 0.816585
7115: 0.81661
7116: 0.816636
7117: 0.816662
7118: 0.816688
7119: 0.816713
7120: 0.816739
7121: 0.816765
7122: 0.816791
7123: 0.816816
7124: 0.816842
7125: 0.816868
7126: 0.816894
7127: 0.816919
7128: 0.816945
7129: 0.81683
7130: 0.816856
7131: 0.816882
7132: 0.816767
7133: 0.816653
7134: 0.816678
7135: 0.816704
7136: 0.81673
7137: 0.816755
7138: 0.816781
7139: 0.816667
7140: 0.816552
7141: 0.816578
7142: 0.816604
7143: 0.816629
7144: 0.816655
7145: 0.816681
7146: 0.816706
7147: 0.816732
7148: 0.816758
7149: 0.816783
7150: 0.816809
7151: 0.816834
7152: 0.81686
7153: 0.816886
7154: 0.816771
7155: 0.816797
7156: 0.816683
7157: 0.816709
7158: 0.816734
7159: 0.81676
7160: 0.816785
7161: 0.816811
7162: 0.816837
7163: 0.816862
7164: 0.816888
7165: 0.816913
7166: 0.816799
7167: 0.816685
7168: 0.816571
7169: 0.816457
7170: 0.816483
7171: 0.816509
7172: 0.816534
7173: 0.81656
7174: 0.816585
7175: 0.816472
7176: 0.816497
7177: 0.816523
7178: 0.816548
7179: 0.816574
7180: 0.816599
7181: 0.816625
7182: 0.81665
7183: 0.816676
7184: 0.816701
7185: 0.816727
7186: 0.816752
7187: 0.816778
7188: 0.816803
7189: 0.81669
7190: 0.816576
7191: 0.816463
7192: 0.816349
7193: 0.816375
7194: 0.8164
7195: 0.816426
7196: 0.816451
7197: 0.816477
7198: 0.816363
7199: 0.816389
7200: 0.816414
7201: 0.81644
7202: 0.816465
7203: 0.816491
7204: 0.816516
7205: 0.816542
7206: 0.816567
7207: 0.816593
7208: 0.816618
7209: 0.816505
7210: 0.816392
7211: 0.816417
7212: 0.816443
7213: 0.816468
7214: 0.816493
7215: 0.816519
7216: 0.816544
7217: 0.81657
7218: 0.816457
7219: 0.816343
7220: 0.816369
7221: 0.816394
7222: 0.816281
7223: 0.816307
7224: 0.816332
7225: 0.816358
7226: 0.816383
7227: 0.816408
7228: 0.816295
7229: 0.816183
7230: 0.81607
7231: 0.816095
7232: 0.816121
7233: 0.816146
7234: 0.816171
7235: 0.816197
7236: 0.816222
7237: 0.816248
7238: 0.816273
7239: 0.816298
7240: 0.816324
7241: 0.816349
7242: 0.816374
7243: 0.816262
7244: 0.816287
7245: 0.816312
7246: 0.816338
7247: 0.816363
7248: 0.816388
7249: 0.816414
7250: 0.816301
7251: 0.816327
7252: 0.816352
7253: 0.816377
7254: 0.816402
7255: 0.81629
7256: 0.816315
7257: 0.816341
7258: 0.816366
7259: 0.816391
7260: 0.816416
7261: 0.816442
7262: 0.816467
7263: 0.816492
7264: 0.816518
7265: 0.816543
7266: 0.816568
7267: 0.816593
7268: 0.816619
7269: 0.816644
7270: 0.816669
7271: 0.816694
7272: 0.816719
7273: 0.816745
7274: 0.81677
7275: 0.816795
7276: 0.81682
7277: 0.816845
7278: 0.81687
7279: 0.816896
7280: 0.816921
7281: 0.816946
7282: 0.816971
7283: 0.816996
7284: 0.817021
7285: 0.817046
7286: 0.817071
7287: 0.817097
7288: 0.817122
7289: 0.817147
7290: 0.817172
7291: 0.817197
7292: 0.817222
7293: 0.817247
7294: 0.817272
7295: 0.81716
7296: 0.817048
7297: 0.817073
7298: 0.816961
7299: 0.816986
7300: 0.817011
7301: 0.816899
7302: 0.816788
7303: 0.816676
7304: 0.816701
7305: 0.816726
7306: 0.816751
7307: 0.816776
7308: 0.816801
7309: 0.816826
7310: 0.816851
7311: 0.81674
7312: 0.816765
7313: 0.81679
7314: 0.816815
7315: 0.81684
7316: 0.816865
7317: 0.81689
7318: 0.816915
7319: 0.81694
7320: 0.816965
7321: 0.81699
7322: 0.817015
7323: 0.81704
7324: 0.817065
7325: 0.81709
7326: 0.817115
7327: 0.81714
7328: 0.817028
7329: 0.817053
7330: 0.817078
7331: 0.817103
7332: 0.817128
7333: 0.817017
7334: 0.817042
7335: 0.817067
7336: 0.817091
7337: 0.817116
7338: 0.817005
7339: 0.816894
7340: 0.816782
7341: 0.816807
7342: 0.816832
7343: 0.816857
7344: 0.816882
7345: 0.816907
7346: 0.816932
7347: 0.816957
7348: 0.816982
7349: 0.817007
7350: 0.816896
7351: 0.816921
7352: 0.816945
7353: 0.81697
7354: 0.816995
7355: 0.81702
7356: 0.817045
7357: 0.81707
7358: 0.817095
7359: 0.81712
7360: 0.817009
7361: 0.816898
7362: 0.816787
7363: 0.816812
7364: 0.816836
7365: 0.816861
7366: 0.816886
7367: 0.816911
7368: 0.816936
7369: 0.816961
7370: 0.816985
7371: 0.81701
7372: 0.817035
7373: 0.816924
7374: 0.816814
7375: 0.816838
7376: 0.816863
7377: 0.816753
7378: 0.816777
7379: 0.816802
7380: 0.816827
7381: 0.816852
7382: 0.816741
7383: 0.816631
7384: 0.816655
7385: 0.81668
7386: 0.816705
7387: 0.81673
7388: 0.816755
7389: 0.816779
7390: 0.816804
7391: 0.816829
7392: 0.816854
7393: 0.816743
7394: 0.816768
7395: 0.816793
7396: 0.816818
7397: 0.816842
7398: 0.816732
7399: 0.816757
7400: 0.816782
7401: 0.816806
7402: 0.816831
7403: 0.816856
7404: 0.81688
7405: 0.816905
7406: 0.81693
7407: 0.816955
7408: 0.816979
7409: 0.817004
7410: 0.816894
7411: 0.816784
7412: 0.816808
7413: 0.816833
7414: 0.816858
7415: 0.816748
7416: 0.816637
7417: 0.816527
7418: 0.816417
7419: 0.816442
7420: 0.816332
7421: 0.816222
7422: 0.816112
7423: 0.816137
7424: 0.816162
7425: 0.816186
7426: 0.816211
7427: 0.816236
7428: 0.816261
7429: 0.816285
7430: 0.81631
7431: 0.816335
7432: 0.816359
7433: 0.81625
7434: 0.81614
7435: 0.816165
7436: 0.816189
7437: 0.816214
7438: 0.816239
7439: 0.816263
7440: 0.816288
7441: 0.816313
7442: 0.816337
7443: 0.816362
7444: 0.816387
7445: 0.816411
7446: 0.816436
7447: 0.816461
7448: 0.816485
7449: 0.81651
7450: 0.816535
7451: 0.816559
7452: 0.816584
7453: 0.816609
7454: 0.816633
7455: 0.816658
7456: 0.816548
7457: 0.816573
7458: 0.816463
7459: 0.816488
7460: 0.816513
7461: 0.816537
7462: 0.816562
7463: 0.816586
7464: 0.816477
7465: 0.816368
7466: 0.816392
7467: 0.816417
7468: 0.816441
7469: 0.816466
7470: 0.81649
7471: 0.816515
7472: 0.816406
7473: 0.816296
7474: 0.816187
7475: 0.816078
7476: 0.816103
7477: 0.816127
7478: 0.816152
7479: 0.816176
7480: 0.816201
7481: 0.816092
7482: 0.816117
7483: 0.816141
7484: 0.816166
7485: 0.81619
7486: 0.816215
7487: 0.816239
7488: 0.81613
7489: 0.816021
7490: 0.815912
7491: 0.815804
7492: 0.815828
7493: 0.815853
7494: 0.815877
7495: 0.815768
7496: 0.815793
7497: 0.815818
7498: 0.815842
7499: 0.815867
7500: 0.815891
7501: 0.815916
7502: 0.81594
7503: 0.815965
7504: 0.815989
7505: 0.816014
7506: 0.816038
7507: 0.816063
7508: 0.816087
7509: 0.815979
7510: 0.81587
7511: 0.815895
7512: 0.815919
7513: 0.815944
7514: 0.815835
7515: 0.815859
7516: 0.815884
7517: 0.815775
7518: 0.8158
7519: 0.815824
7520: 0.815849
7521: 0.815873
7522: 0.815898
7523: 0.815922
7524: 0.815947
7525: 0.815971
7526: 0.815996
7527: 0.81602
7528: 0.816045
7529: 0.816069
7530: 0.815961
7531: 0.815852
7532: 0.815877
7533: 0.815901
7534: 0.815926
7535: 0.815817
7536: 0.815842
7537: 0.815866
7538: 0.815891
7539: 0.815915
7540: 0.815807
7541: 0.815831
7542: 0.815856
7543: 0.81588
7544: 0.815905
7545: 0.815929
7546: 0.815953
7547: 0.815978
7548: 0.816002
7549: 0.815894
7550: 0.815918
7551: 0.81581
7552: 0.815702
7553: 0.815727
7554: 0.815751
7555: 0.815776
7556: 0.8158
7557: 0.815824
7558: 0.815849
7559: 0.815873
7560: 0.815897
7561: 0.815922
7562: 0.815946
7563: 0.81597
7564: 0.815995
7565: 0.816019
7566: 0.816043
7567: 0.815936
7568: 0.81596
7569: 0.815984
7570: 0.816008
7571: 0.816033
7572: 0.816057
7573: 0.816081
7574: 0.816106
7575: 0.81613
7576: 0.816154
7577: 0.816178
7578: 0.816071
7579: 0.816095
7580: 0.816119
7581: 0.816143
7582: 0.816168
7583: 0.816192
7584: 0.816084
7585: 0.816109
7586: 0.816133
7587: 0.816157
7588: 0.816181
7589: 0.816206
7590: 0.816098
7591: 0.816122
7592: 0.816146
7593: 0.816171
7594: 0.816195
7595: 0.816219
7596: 0.816112
7597: 0.816136
7598: 0.81616
7599: 0.816184
7600: 0.816208
7601: 0.816233
7602: 0.816257
7603: 0.816281
7604: 0.816305
7605: 0.816329
7606: 0.816353
7607: 0.816246
7608: 0.816139
7609: 0.816163
7610: 0.816187
7611: 0.816211
7612: 0.816235
7613: 0.816128
7614: 0.816021
7615: 0.815914
7616: 0.815807
7617: 0.815831
7618: 0.815855
7619: 0.815879
7620: 0.815903
7621: 0.815928
7622: 0.815821
7623: 0.815714
7624: 0.815738
7625: 0.815762
7626: 0.815786
7627: 0.81581
7628: 0.815834
7629: 0.815858
7630: 0.815883
7631: 0.815907
7632: 0.815931
7633: 0.815955
7634: 0.815979
7635: 0.816003
7636: 0.816027
7637: 0.816051
7638: 0.816075
7639: 0.816099
7640: 0.816124
7641: 0.816148
7642: 0.816172
7643: 0.816196
7644: 0.81622
7645: 0.816244
7646: 0.816268
7647: 0.816292
7648: 0.816316
7649: 0.81634
7650: 0.816364
7651: 0.816388
7652: 0.816412
7653: 0.816436
7654: 0.81646
7655: 0.816353
7656: 0.816377
7657: 0.816401
7658: 0.816425
7659: 0.816319
7660: 0.816212
7661: 0.816105
7662: 0.816129
7663: 0.816153
7664: 0.816177
7665: 0.816201
7666: 0.816225
7667: 0.816119
7668: 0.816013
7669: 0.816037
7670: 0.81606
7671: 0.816084
7672: 0.816108
7673: 0.816132
7674: 0.816156
7675: 0.81605
7676: 0.815944
7677: 0.815968
7678: 0.815992
7679: 0.816016
7680: 0.81604
7681: 0.816064
7682: 0.815957
7683: 0.815851
7684: 0.815875
7685: 0.815899
7686: 0.815923
7687: 0.815947
7688: 0.815971
7689: 0.815995
7690: 0.816019
7691: 0.816043
7692: 0.815937
7693: 0.81596
7694: 0.815984
7695: 0.816008
7696: 0.815902
7697: 0.815926
7698: 0.81595
7699: 0.815844
7700: 0.815868
7701: 0.815892
7702: 0.815916
7703: 0.81594
7704: 0.815964
7705: 0.815988
7706: 0.816011
7707: 0.815906
7708: 0.8158
7709: 0.815694
7710: 0.815718
7711: 0.815742
7712: 0.815766
7713: 0.815789
7714: 0.815813
7715: 0.815837
7716: 0.815732
7717: 0.815626
7718: 0.81565
7719: 0.815674
7720: 0.815697
7721: 0.815721
7722: 0.815745
7723: 0.81564
7724: 0.815663
7725: 0.815687
7726: 0.815711
7727: 0.815735
7728: 0.815759
7729: 0.815653
7730: 0.815677
7731: 0.815701
7732: 0.815725
7733: 0.815619
7734: 0.815514
7735: 0.815408
7736: 0.815432
7737: 0.815456
7738: 0.81548
7739: 0.815504
7740: 0.815528
7741: 0.815552
7742: 0.815575
7743: 0.81547
7744: 0.815365
7745: 0.815389
7746: 0.815412
7747: 0.815436
7748: 0.81546
7749: 0.815484
7750: 0.815508
7751: 0.815531
7752: 0.815555
7753: 0.815579
7754: 0.815603
7755: 0.815627
7756: 0.81565
7757: 0.815674
7758: 0.815698
7759: 0.815722
7760: 0.815617
7761: 0.81564
7762: 0.815664
7763: 0.815688
7764: 0.815712
7765: 0.815735
7766: 0.815759
7767: 0.815654
7768: 0.815678
7769: 0.815701
7770: 0.815725
7771: 0.815749
7772: 0.815773
7773: 0.815796
7774: 0.81582
7775: 0.815844
7776: 0.815867
7777: 0.815891
7778: 0.815915
7779: 0.815938
7780: 0.815962
7781: 0.815986
7782: 0.816009
7783: 0.816033
7784: 0.816057
7785: 0.81608
7786: 0.816104
7787: 0.816127
7788: 0.816151
7789: 0.816175
7790: 0.816198
7791: 0.816222
7792: 0.816245
7793: 0.816269
7794: 0.816164
7795: 0.816188
7796: 0.816083
7797: 0.815978
7798: 0.816002
7799: 0.816026
7800: 0.816049
7801: 0.816073
7802: 0.815968
7803: 0.815864
7804: 0.815759
7805: 0.815783
7806: 0.815806
7807: 0.81583
7808: 0.815854
7809: 0.815877
7810: 0.815901
7811: 0.815924
7812: 0.815948
7813: 0.815971
7814: 0.815995
7815: 0.816018
7816: 0.816042
7817: 0.816065
7818: 0.816089
7819: 0.816113
7820: 0.816136
7821: 0.81616
7822: 0.816183
7823: 0.816207
7824: 0.81623
7825: 0.816126
7826: 0.816021
7827: 0.816045
7828: 0.816068
7829: 0.816092
7830: 0.816115
7831: 0.816139
7832: 0.816162
7833: 0.816186
7834: 0.816209
7835: 0.816233
7836: 0.816256
7837: 0.81628
7838: 0.816303
7839: 0.816327
7840: 0.81635
7841: 0.816373
7842: 0.816397
7843: 0.81642
7844: 0.816444
7845: 0.816467
7846: 0.81649
7847: 0.816514
7848: 0.816537
7849: 0.816561
7850: 0.816584
7851: 0.816607
7852: 0.816631
7853: 0.816654
7854: 0.81655
7855: 0.816446
7856: 0.816469
7857: 0.816493
7858: 0.816516
7859: 0.816412
7860: 0.816436
7861: 0.816459
7862: 0.816482
7863: 0.816506
7864: 0.816529
7865: 0.816552
7866: 0.816576
7867: 0.816599
7868: 0.816622
7869: 0.816645
7870: 0.816669
7871: 0.816692
7872: 0.816588
7873: 0.816485
7874: 0.816508
7875: 0.816531
7876: 0.816555
7877: 0.816578
7878: 0.816601
7879: 0.816624
7880: 0.816648
7881: 0.816671
7882: 0.816694
7883: 0.816717
7884: 0.816741
7885: 0.816637
7886: 0.81666
7887: 0.816684
7888: 0.816707
7889: 0.81673
7890: 0.816753
7891: 0.816776
7892: 0.816673
7893: 0.81657
7894: 0.816466
7895: 0.816363
7896: 0.816386
7897: 0.816409
7898: 0.816432
7899: 0.816456
7900: 0.816479
7901: 0.816502
7902: 0.816525
7903: 0.816422
7904: 0.816445
7905: 0.816469
7906: 0.816492
7907: 0.816515
7908: 0.816538
7909: 0.816561
7910: 0.816585
7911: 0.816608
7912: 0.816631
7913: 0.816654
7914: 0.816677
7915: 0.8167
7916: 0.816724
7917: 0.816747
7918: 0.81677
7919: 0.816793
7920: 0.81669
7921: 0.816713
7922: 0.816736
7923: 0.816759
7924: 0.816782
7925: 0.816805
7926: 0.816829
7927: 0.816852
7928: 0.816875
7929: 0.816898
7930: 0.816795
7931: 0.816818
7932: 0.816841
7933: 0.816864
7934: 0.816887
7935: 0.81691
7936: 0.816807
7937: 0.81683
7938: 0.816854
7939: 0.816751
7940: 0.816648
7941: 0.816671
7942: 0.816694
7943: 0.816717
7944: 0.81674
7945: 0.816637
7946: 0.81666
7947: 0.816683
7948: 0.816707
7949: 0.816604
7950: 0.816627
7951: 0.81665
7952: 0.816673
7953: 0.816696
7954: 0.816719
7955: 0.816616
7956: 0.816514
7957: 0.816537
7958: 0.81656
7959: 0.816583
7960: 0.816606
7961: 0.816503
7962: 0.816526
7963: 0.816549
7964: 0.816573
7965: 0.816596
7966: 0.816619
7967: 0.816642
7968: 0.816665
7969: 0.816562
7970: 0.81646
7971: 0.816483
7972: 0.816506
7973: 0.816529
7974: 0.816552
7975: 0.816575
7976: 0.816598
7977: 0.816621
7978: 0.816644
7979: 0.816667
7980: 0.81669
7981: 0.816713
7982: 0.816736
7983: 0.816633
7984: 0.816656
7985: 0.816679
7986: 0.816702
7987: 0.816725
7988: 0.816748
7989: 0.816771
7990: 0.816794
7991: 0.816817
7992: 0.81684
7993: 0.816863
7994: 0.816886
7995: 0.816908
7996: 0.816931
7997: 0.816829
7998: 0.816852
7999: 0.816875
8000: 0.816898
8001: 0.816796
8002: 0.816819
8003: 0.816842
8004: 0.816864
8005: 0.816887
8006: 0.81691
8007: 0.816933
8008: 0.816956
8009: 0.816979
8010: 0.817002
8011: 0.8169
8012: 0.816923
8013: 0.816945
8014: 0.816968
8015: 0.816866
8016: 0.816764
8017: 0.816663
8018: 0.816685
8019: 0.816708
8020: 0.816731
8021: 0.816754
8022: 0.816652
8023: 0.81655
8024: 0.816573
8025: 0.816596
8026: 0.816619
8027: 0.816642
8028: 0.816665
8029: 0.816687
8030: 0.81671
8031: 0.816733
8032: 0.816756
8033: 0.816654
8034: 0.816677
8035: 0.8167
8036: 0.816723
8037: 0.816745
8038: 0.816644
8039: 0.816667
8040: 0.816689
8041: 0.816712
8042: 0.816735
8043: 0.816758
8044: 0.816781
8045: 0.816803
8046: 0.816702
8047: 0.8166
8048: 0.816623
8049: 0.816646
8050: 0.816669
8051: 0.816692
8052: 0.816714
8053: 0.816737
8054: 0.81676
8055: 0.816783
8056: 0.816805
8057: 0.816704
8058: 0.816727
8059: 0.816749
8060: 0.816772
8061: 0.816795
8062: 0.816818
8063: 0.81684
8064: 0.816863
8065: 0.816886
8066: 0.816908
8067: 0.816931
8068: 0.816954
8069: 0.816976
8070: 0.816999
8071: 0.817022
8072: 0.817044
8073: 0.817067
8074: 0.81709
8075: 0.817112
8076: 0.817135
8077: 0.817158
8078: 0.81718
8079: 0.817203
8080: 0.817226
8081: 0.817248
8082: 0.817271
8083: 0.817293
8084: 0.817316
8085: 0.817339
8086: 0.817238
8087: 0.817136
8088: 0.817035
8089: 0.817058
8090: 0.817081
8091: 0.817103
8092: 0.817126
8093: 0.817149
8094: 0.817048
8095: 0.81707
8096: 0.817093
8097: 0.816992
8098: 0.817014
8099: 0.817037
8100: 0.81706
8101: 0.817082
8102: 0.817105
8103: 0.817127
8104: 0.81715
8105: 0.817172
8106: 0.817195
8107: 0.817218
8108: 0.81724
8109: 0.817263
8110: 0.817285
8111: 0.817308
8112: 0.81733
8113: 0.817353
8114: 0.817375
8115: 0.817398
8116: 0.81742
8117: 0.817443
8118: 0.817465
8119: 0.817488
8120: 0.81751
8121: 0.817533
8122: 0.817555
8123: 0.817578
8124: 0.8176
8125: 0.817499
8126: 0.817399
8127: 0.817421
8128: 0.817321
8129: 0.81722
8130: 0.81712
8131: 0.817019
8132: 0.817042
8133: 0.817064
8134: 0.817087
8135: 0.817109
8136: 0.817132
8137: 0.817031
8138: 0.816931
8139: 0.816953
8140: 0.816976
8141: 0.816998
8142: 0.817021
8143: 0.817043
8144: 0.817066
8145: 0.817088
8146: 0.817111
8147: 0.817133
8148: 0.817033
8149: 0.817055
8150: 0.817078
8151: 0.8171
8152: 0.817123
8153: 0.817145
8154: 0.817045
8155: 0.816945
8156: 0.816967
8157: 0.816867
8158: 0.816889
8159: 0.816912
8160: 0.816934
8161: 0.816957
8162: 0.816979
8163: 0.817001
8164: 0.816901
8165: 0.816924
8166: 0.816946
8167: 0.816969
8168: 0.816991
8169: 0.817013
8170: 0.817036
8171: 0.817058
8172: 0.817081
8173: 0.817103
8174: 0.817125
8175: 0.817148
8176: 0.81717
8177: 0.817192
8178: 0.817215
8179: 0.817237
8180: 0.81726
8181: 0.817282
8182: 0.817182
8183: 0.817204
8184: 0.817104
8185: 0.817005
8186: 0.817027
8187: 0.817049
8188: 0.817072
8189: 0.817094
8190: 0.817116
8191: 0.817139
8192: 0.817161
8193: 0.817183
8194: 0.817206
8195: 0.817228
8196: 0.81725
8197: 0.817273
8198: 0.817295
8199: 0.817317
8200: 0.817339
8201: 0.817362
8202: 0.817384
8203: 0.817406
8204: 0.817428
8205: 0.817451
8206: 0.817473
8207: 0.817495
8208: 0.817517
8209: 0.81754
8210: 0.817562
8211: 0.817584
8212: 0.817606
8213: 0.817628
8214: 0.817529
8215: 0.817551
8216: 0.817573
8217: 0.817474
8218: 0.817496
8219: 0.817518
8220: 0.817419
8221: 0.817441
8222: 0.817463
8223: 0.817485
8224: 0.817508
8225: 0.817408
8226: 0.81743
8227: 0.817453
8228: 0.817475
8229: 0.817497
8230: 0.817519
8231: 0.817541
8232: 0.817442
8233: 0.817464
8234: 0.817486
8235: 0.817508
8236: 0.817531
8237: 0.817553
8238: 0.817575
8239: 0.817597
8240: 0.817619
8241: 0.817641
8242: 0.817663
8243: 0.817686
8244: 0.817708
8245: 0.81773
8246: 0.817631
8247: 0.817653
8248: 0.817675
8249: 0.817576
8250: 0.817598
8251: 0.81762
8252: 0.817642
8253: 0.817664
8254: 0.817686
8255: 0.817708
8256: 0.81773
8257: 0.817752
8258: 0.817775
8259: 0.817797
8260: 0.817819
8261: 0.817841
8262: 0.817863
8263: 0.817885
8264: 0.817907
8265: 0.817929
8266: 0.81783
8267: 0.817731
8268: 0.817632
8269: 0.817654
8270: 0.817676
8271: 0.817698
8272: 0.81772
8273: 0.817742
8274: 0.817764
8275: 0.817786
8276: 0.817808
8277: 0.81771
8278: 0.817732
8279: 0.817754
8280: 0.817776
8281: 0.817798
8282: 0.81782
8283: 0.817842
8284: 0.817864
8285: 0.817765
8286: 0.817787
8287: 0.817809
8288: 0.81771
8289: 0.817732
8290: 0.817754
8291: 0.817776
8292: 0.817678
8293: 0.817579
8294: 0.817601
8295: 0.817623
8296: 0.817645
8297: 0.817667
8298: 0.817568
8299: 0.81759
8300: 0.817612
8301: 0.817634
8302: 0.817656
8303: 0.817678
8304: 0.8177
8305: 0.817722
8306: 0.817744
8307: 0.817766
8308: 0.817788
8309: 0.81781
8310: 0.817832
8311: 0.817854
8312: 0.817876
8313: 0.817898
8314: 0.817919
8315: 0.817821
8316: 0.817723
8317: 0.817745
8318: 0.817767
8319: 0.817668
8320: 0.81757
8321: 0.817592
8322: 0.817614
8323: 0.817636
8324: 0.817658
8325: 0.81768
8326: 0.817701
8327: 0.817723
8328: 0.817625
8329: 0.817647
8330: 0.817669
8331: 0.817691
8332: 0.817713
8333: 0.817735
8334: 0.817756
8335: 0.817778
8336: 0.8178
8337: 0.817822
8338: 0.817844
8339: 0.817866
8340: 0.817888
8341: 0.817909
8342: 0.817931
8343: 0.817953
8344: 0.817975
8345: 0.817997
8346: 0.818018
8347: 0.81804
8348: 0.818062
8349: 0.818084
8350: 0.818106
8351: 0.818127
8352: 0.818149
8353: 0.818171
8354: 0.818193
8355: 0.818214
8356: 0.818236
8357: 0.818258
8358: 0.81816
8359: 0.818182
8360: 0.818204
8361: 0.818225
8362: 0.818127
8363: 0.81803
8364: 0.817932
8365: 0.817834
8366: 0.817856
8367: 0.817878
8368: 0.817899
8369: 0.817921
8370: 0.817943
8371: 0.817965
8372: 0.817986
8373: 0.818008
8374: 0.81803
8375: 0.818052
8376: 0.818073
8377: 0.818095
8378: 0.818117
8379: 0.818138
8380: 0.81816
8381: 0.818182
8382: 0.818204
8383: 0.818225
8384: 0.818247
8385: 0.818269
8386: 0.81829
8387: 0.818312
8388: 0.818334
8389: 0.818355
8390: 0.818377
8391: 0.818398
8392: 0.81842
8393: 0.818442
8394: 0.818463
8395: 0.818485
8396: 0.818507
8397: 0.818528
8398: 0.81855
8399: 0.818571
8400: 0.818474
8401: 0.818377
8402: 0.818398
8403: 0.81842
8404: 0.818441
8405: 0.818463
8406: 0.818366
8407: 0.818268
8408: 0.818171
8409: 0.818074
8410: 0.818095
8411: 0.818117
8412: 0.818139
8413: 0.818041
8414: 0.817944
8415: 0.817966
8416: 0.817987
8417: 0.818009
8418: 0.818031
8419: 0.818052
8420: 0.818074
8421: 0.818095
8422: 0.818117
8423: 0.81802
8424: 0.817923
8425: 0.817826
8426: 0.817729
8427: 0.81775
8428: 0.817772
8429: 0.817794
8430: 0.817815
8431: 0.817837
8432: 0.817858
8433: 0.81788
8434: 0.817902
8435: 0.817923
8436: 0.817826
8437: 0.817729
8438: 0.817632
8439: 0.817536
8440: 0.817557
8441: 0.817579
8442: 0.817482
8443: 0.817504
8444: 0.817525
8445: 0.817547
8446: 0.817568
8447: 0.817472
8448: 0.817493
8449: 0.817515
8450: 0.817536
8451: 0.81744
8452: 0.817343
8453: 0.817365
8454: 0.817386
8455: 0.817408
8456: 0.817429
8457: 0.817451
8458: 0.817473
8459: 0.817376
8460: 0.817279
8461: 0.817301
8462: 0.817322
8463: 0.817344
8464: 0.817366
8465: 0.817387
8466: 0.817409
8467: 0.81743
8468: 0.817452
8469: 0.817473
8470: 0.817495
8471: 0.817517
8472: 0.817538
8473: 0.817442
8474: 0.817463
8475: 0.817485
8476: 0.817506
8477: 0.817528
8478: 0.817549
8479: 0.817571
8480: 0.817592
8481: 0.817496
8482: 0.817517
8483: 0.817539
8484: 0.817443
8485: 0.817464
8486: 0.817486
8487: 0.817389
8488: 0.817293
8489: 0.817197
8490: 0.817218
8491: 0.81724
8492: 0.817261
8493: 0.817283
8494: 0.817304
8495: 0.817208
8496: 0.81723
8497: 0.817251
8498: 0.817273
8499: 0.817294
8500: 0.817316
8501: 0.817337
8502: 0.817359
8503: 0.81738
8504: 0.817402
8505: 0.817423
8506: 0.817444
8507: 0.817348
8508: 0.817252
8509: 0.817156
8510: 0.817178
8511: 0.817199
8512: 0.817221
8513: 0.817242
8514: 0.817264
8515: 0.817285
8516: 0.817307
8517: 0.817328
8518: 0.817349
8519: 0.817371
8520: 0.817392
8521: 0.817414
8522: 0.817435
8523: 0.817457
8524: 0.817478
8525: 0.817499
8526: 0.817404
8527: 0.817425
8528: 0.817329
8529: 0.817351
8530: 0.817372
8531: 0.817393
8532: 0.817415
8533: 0.817436
8534: 0.817458
8535: 0.817479
8536: 0.8175
8537: 0.817522
8538: 0.817543
8539: 0.817447
8540: 0.817469
8541: 0.81749
8542: 0.817511
8543: 0.817533
8544: 0.817437
8545: 0.817341
8546: 0.817363
8547: 0.817384
8548: 0.817406
8549: 0.817427
8550: 0.817448
8551: 0.81747
8552: 0.817491
8553: 0.817512
8554: 0.817534
8555: 0.817555
8556: 0.817576
8557: 0.817598
8558: 0.817619
8559: 0.81764
8560: 0.817661
8561: 0.817566
8562: 0.817587
8563: 0.817609
8564: 0.81763
8565: 0.817651
8566: 0.817672
8567: 0.817577
8568: 0.817482
8569: 0.817386
8570: 0.817408
8571: 0.817429
8572: 0.81745
8573: 0.817471
8574: 0.817493
8575: 0.817514
8576: 0.817535
8577: 0.817557
8578: 0.817578
8579: 0.817483
8580: 0.817387
8581: 0.817409
8582: 0.817313
8583: 0.817335
8584: 0.817356
8585: 0.817377
8586: 0.817398
8587: 0.81742
8588: 0.817324
8589: 0.817346
8590: 0.817367
8591: 0.817272
8592: 0.817293
8593: 0.817314
8594: 0.817336
8595: 0.817357
8596: 0.817262
8597: 0.817167
8598: 0.817072
8599: 0.817093
8600: 0.817114
8601: 0.817136
8602: 0.817157
8603: 0.817178
8604: 0.817199
8605: 0.817221
8606: 0.817242
8607: 0.817263
8608: 0.817284
8609: 0.817305
8610: 0.817327
8611: 0.817348
8612: 0.817369
8613: 0.81739
8614: 0.817411
8615: 0.817433
8616: 0.817454
8617: 0.817475
8618: 0.817496
8619: 0.817517
8620: 0.817539
8621: 0.81756
8622: 0.817581
8623: 0.817602
8624: 0.817623
8625: 0.817644
8626: 0.817665
8627: 0.817571
8628: 0.817476
8629: 0.817497
8630: 0.817518
8631: 0.817539
8632: 0.817561
8633: 0.817582
8634: 0.817603
8635: 0.817624
8636: 0.817645
8637: 0.817666
8638: 0.817687
8639: 0.817708
8640: 0.817729
8641: 0.817635
8642: 0.817656
8643: 0.817677
8644: 0.817698
8645: 0.817719
8646: 0.81774
8647: 0.817646
8648: 0.817551
8649: 0.817457
8650: 0.817478
8651: 0.817499
8652: 0.81752
8653: 0.817541
8654: 0.817562
8655: 0.817583
8656: 0.817604
8657: 0.817625
8658: 0.817646
8659: 0.817667
8660: 0.817573
8661: 0.817594
8662: 0.817615
8663: 0.817636
8664: 0.817657
8665: 0.817678
8666: 0.817584
8667: 0.817605
8668: 0.817511
8669: 0.817416
8670: 0.817322
8671: 0.817228
8672: 0.817134
8673: 0.817155
8674: 0.817176
8675: 0.817197
8676: 0.817218
8677: 0.817239
8678: 0.81726
8679: 0.817281
8680: 0.817302
8681: 0.817323
8682: 0.817344
8683: 0.817365
8684: 0.817386
8685: 0.817407
8686: 0.817428
8687: 0.817449
8688: 0.81747
8689: 0.817491
8690: 0.817512
8691: 0.817533
8692: 0.817554
8693: 0.817575
8694: 0.817596
8695: 0.817617
8696: 0.817638
8697: 0.817659
8698: 0.81768
8699: 0.817701
8700: 0.817722
8701: 0.817743
8702: 0.817764
8703: 0.817785
8704: 0.817806
8705: 0.817827
8706: 0.817848
8707: 0.817869
8708: 0.81789
8709: 0.81791
8710: 0.817817
8711: 0.817723
8712: 0.817744
8713: 0.817765
8714: 0.817785
8715: 0.817806
8716: 0.817827
8717: 0.817733
8718: 0.81764
8719: 0.817661
8720: 0.817681
8721: 0.817588
8722: 0.817494
8723: 0.8174
8724: 0.817421
8725: 0.817328
8726: 0.817234
8727: 0.81714
8728: 0.817047
8729: 0.816953
8730: 0.816859
8731: 0.81688
8732: 0.816901
8733: 0.816922
8734: 0.816943
8735: 0.816964
8736: 0.816985
8737: 0.817006
8738: 0.816913
8739: 0.816819
8740: 0.81684
8741: 0.816861
8742: 0.816882
8743: 0.816789
8744: 0.816695
8745: 0.816716
8746: 0.816737
8747: 0.816758
8748: 0.816779
8749: 0.8168
8750: 0.816821
8751: 0.816842
8752: 0.816749
8753: 0.816769
8754: 0.81679
8755: 0.816811
8756: 0.816832
8757: 0.816853
8758: 0.816874
8759: 0.816895
8760: 0.816916
8761: 0.816937
8762: 0.816958
8763: 0.816979
8764: 0.816999
8765: 0.81702
8766: 0.817041
8767: 0.817062
8768: 0.817083
8769: 0.81699
8770: 0.817011
8771: 0.816917
8772: 0.816938
8773: 0.816959
8774: 0.816866
8775: 0.816887
8776: 0.816908
8777: 0.816929
8778: 0.81695
8779: 0.81697
8780: 0.816991
8781: 0.817012
8782: 0.817033
8783: 0.817054
8784: 0.816961
8785: 0.816982
8786: 0.817002
8787: 0.816909
8788: 0.81693
8789: 0.816951
8790: 0.816972
8791: 0.816879
8792: 0.816786
8793: 0.816807
8794: 0.816828
8795: 0.816849
8796: 0.816869
8797: 0.81689
8798: 0.816911
8799: 0.816932
8800: 0.816953
8801: 0.816973
8802: 0.816881
8803: 0.816788
8804: 0.816695
8805: 0.816716
8806: 0.816737
8807: 0.816757
8808: 0.816778
8809: 0.816799
8810: 0.816706
8811: 0.816614
8812: 0.816635
8813: 0.816655
8814: 0.816676
8815: 0.816697
8816: 0.816718
8817: 0.816738
8818: 0.816759
8819: 0.81678
8820: 0.816687
8821: 0.816708
8822: 0.816729
8823: 0.81675
8824: 0.816771
8825: 0.816791
8826: 0.816812
8827: 0.816833
8828: 0.816854
8829: 0.816874
8830: 0.816895
8831: 0.816803
8832: 0.816823
8833: 0.816731
8834: 0.816752
8835: 0.816772
8836: 0.816793
8837: 0.816814
8838: 0.816834
8839: 0.816855
8840: 0.816876
8841: 0.816897
8842: 0.816917
8843: 0.816938
8844: 0.816959
8845: 0.816979
8846: 0.817
8847: 0.817021
8848: 0.817041
8849: 0.817062
8850: 0.817083
8851: 0.817103
8852: 0.817011
8853: 0.816919
8854: 0.81694
8855: 0.81696
8856: 0.816981
8857: 0.817002
8858: 0.817022
8859: 0.817043
8860: 0.817064
8861: 0.816971
8862: 0.816992
8863: 0.817013
8864: 0.817033
8865: 0.817054
8866: 0.816962
8867: 0.81687
8868: 0.81689
8869: 0.816798
8870: 0.816706
8871: 0.816727
8872: 0.816747
8873: 0.816768
8874: 0.816789
8875: 0.816809
8876: 0.816717
8877: 0.816625
8878: 0.816533
8879: 0.816554
8880: 0.816575
8881: 0.816595
8882: 0.816616
8883: 0.816637
8884: 0.816657
8885: 0.816678
8886: 0.816699
8887: 0.816719
8888: 0.81674
8889: 0.81676
8890: 0.816669
8891: 0.816689
8892: 0.81671
8893: 0.81673
8894: 0.816751
8895: 0.816772
8896: 0.816792
8897: 0.816813
8898: 0.816833
8899: 0.816854
8900: 0.816875
8901: 0.816895
8902: 0.816916
8903: 0.816936
8904: 0.816957
8905: 0.816977
8906: 0.816998
8907: 0.817018
8908: 0.817039
8909: 0.817059
8910: 0.81708
8911: 0.817101
8912: 0.817121
8913: 0.817142
8914: 0.817162
8915: 0.817183
8916: 0.817203
8917: 0.817224
8918: 0.817244
8919: 0.817265
8920: 0.817285
8921: 0.817306
8922: 0.817326
8923: 0.817346
8924: 0.817367
8925: 0.817387
8926: 0.817408
8927: 0.817428
8928: 0.817449
8929: 0.817469
8930: 0.81749
8931: 0.81751
8932: 0.817531
8933: 0.817551
8934: 0.817571
8935: 0.817592
8936: 0.8175
8937: 0.817409
8938: 0.817317
8939: 0.817338
8940: 0.817358
8941: 0.817379
8942: 0.817399
8943: 0.817419
8944: 0.81744
8945: 0.81746
8946: 0.817481
8947: 0.817501
8948: 0.81741
8949: 0.817318
8950: 0.817339
8951: 0.817359
8952: 0.81738
8953: 0.8174
8954: 0.81742
8955: 0.817441
8956: 0.817461
8957: 0.817482
8958: 0.817502
8959: 0.817522
8960: 0.817543
8961: 0.817451
8962: 0.817472
8963: 0.817492
8964: 0.817513
8965: 0.817533
8966: 0.817553
8967: 0.817462
8968: 0.817371
8969: 0.817391
8970: 0.817412
8971: 0.817432
8972: 0.817452
8973: 0.817361
8974: 0.81727
8975: 0.817179
8976: 0.8172
8977: 0.81722
8978: 0.81724
8979: 0.817261
8980: 0.817281
8981: 0.81719
8982: 0.81721
8983: 0.817231
8984: 0.817251
8985: 0.817271
8986: 0.817292
8987: 0.817312
8988: 0.817332
8989: 0.817353
8990: 0.817373
8991: 0.817393
8992: 0.817414
8993: 0.817434
8994: 0.817454
8995: 0.817474
8996: 0.817495
8997: 0.817515
8998: 0.817535
8999: 0.817556
9000: 0.817576
9001: 0.817596
9002: 0.817616
9003: 0.817637
9004: 0.817657
9005: 0.817566
9006: 0.817475
9007: 0.817496
9008: 0.817516
9009: 0.817425
9010: 0.817445
9011: 0.817466
9012: 0.817486
9013: 0.817506
9014: 0.817526
9015: 0.817547
9016: 0.817567
9017: 0.817587
9018: 0.817607
9019: 0.817517
9020: 0.817426
9021: 0.817446
9022: 0.817466
9023: 0.817487
9024: 0.817507
9025: 0.817527
9026: 0.817547
9027: 0.817568
9028: 0.817588
9029: 0.817608
9030: 0.817628
9031: 0.817648
9032: 0.817558
9033: 0.817578
9034: 0.817598
9035: 0.817618
9036: 0.817639
9037: 0.817659
9038: 0.817679
9039: 0.817699
9040: 0.817719
9041: 0.817739
9042: 0.81776
9043: 0.817669
9044: 0.817689
9045: 0.817709
9046: 0.81773
9047: 0.81775
9048: 0.81777
9049: 0.81779
9050: 0.81781
9051: 0.81783
9052: 0.81785
9053: 0.817871
9054: 0.817891
9055: 0.817911
9056: 0.817931
9057: 0.817951
9058: 0.817861
9059: 0.81777
9060: 0.81768
9061: 0.8177
9062: 0.81772
9063: 0.817741
9064: 0.81765
9065: 0.81756
9066: 0.81747
9067: 0.81749
9068: 0.81751
9069: 0.81753
9070: 0.81755
9071: 0.817571
9072: 0.817591
9073: 0.817501
9074: 0.81741
9075: 0.81732
9076: 0.817341
9077: 0.817361
9078: 0.817381
9079: 0.817401
9080: 0.817311
9081: 0.817331
9082: 0.817351
9083: 0.817371
9084: 0.817391
9085: 0.817411
9086: 0.817431
9087: 0.817342
9088: 0.817252
9089: 0.817162
9090: 0.817072
9091: 0.816982
9092: 0.817002
9093: 0.817022
9094: 0.817042
9095: 0.817062
9096: 0.817083
9097: 0.816993
9098: 0.817013
9099: 0.817033
9100: 0.817053
9101: 0.817073
9102: 0.817093
9103: 0.817113
9104: 0.817133
9105: 0.817154
9106: 0.817174
9107: 0.817194
9108: 0.817214
9109: 0.817234
9110: 0.817254
9111: 0.817274
9112: 0.817294
9113: 0.817314
9114: 0.817334
9115: 0.817354
9116: 0.817374
9117: 0.817394
9118: 0.817414
9119: 0.817434
9120: 0.817454
9121: 0.817474
9122: 0.817494
9123: 0.817514
9124: 0.817425
9125: 0.817445
9126: 0.817465
9127: 0.817485
9128: 0.817505
9129: 0.817525
9130: 0.817545
9131: 0.817565
9132: 0.817585
9133: 0.817605
9134: 0.817625
9135: 0.817644
9136: 0.817664
9137: 0.817684
9138: 0.817704
9139: 0.817724
9140: 0.817744
9141: 0.817764
9142: 0.817784
9143: 0.817804
9144: 0.817824
9145: 0.817844
9146: 0.817864
9147: 0.817884
9148: 0.817904
9149: 0.817923
9150: 0.817834
9151: 0.817854
9152: 0.817874
9153: 0.817894
9154: 0.817914
9155: 0.817934
9156: 0.817844
9157: 0.817864
9158: 0.817884
9159: 0.817904
9160: 0.817924
9161: 0.817944
9162: 0.817964
9163: 0.817983
9164: 0.818003
9165: 0.818023
9166: 0.818043
9167: 0.818063
9168: 0.818083
9169: 0.818103
9170: 0.818013
9171: 0.818033
9172: 0.818053
9173: 0.818073
9174: 0.818093
9175: 0.818112
9176: 0.818132
9177: 0.818152
9178: 0.818172
9179: 0.818083
9180: 0.818103
9181: 0.818122
9182: 0.818142
9183: 0.818162
9184: 0.818182
9185: 0.818202
9186: 0.818221
9187: 0.818241
9188: 0.818261
9189: 0.818281
9190: 0.818301
9191: 0.81832
9192: 0.81834
9193: 0.81836
9194: 0.81838
9195: 0.818399
9196: 0.818419
9197: 0.818439
9198: 0.818459
9199: 0.818478
9200: 0.818498
9201: 0.818518
9202: 0.818537
9203: 0.818557
9204: 0.818577
9205: 0.818597
9206: 0.818616
9207: 0.818636
9208: 0.818656
9209: 0.818675
9210: 0.818695
9211: 0.818606
9212: 0.818626
9213: 0.818646
9214: 0.818665
9215: 0.818685
9216: 0.818705
9217: 0.818724
9218: 0.818744
9219: 0.818764
9220: 0.818783
9221: 0.818803
9222: 0.818823
9223: 0.818842
9224: 0.818862
9225: 0.818881
9226: 0.818901
9227: 0.818812
9228: 0.818724
9229: 0.818743
9230: 0.818763
9231: 0.818782
9232: 0.818802
9233: 0.818822
9234: 0.818841
9235: 0.818861
9236: 0.818881
9237: 0.8189
9238: 0.81892
9239: 0.818939
9240: 0.818959
9241: 0.818979
9242: 0.818998
9243: 0.81891
9244: 0.818929
9245: 0.818841
9246: 0.818752
9247: 0.818663
9248: 0.818575
9249: 0.818595
9250: 0.818614
9251: 0.818634
9252: 0.818653
9253: 0.818673
9254: 0.818693
9255: 0.818712
9256: 0.818624
9257: 0.818535
9258: 0.818447
9259: 0.818467
9260: 0.818486
9261: 0.818506
9262: 0.818525
9263: 0.818545
9264: 0.818564
9265: 0.818584
9266: 0.818604
9267: 0.818623
9268: 0.818643
9269: 0.818662
9270: 0.818682
9271: 0.818701
9272: 0.818721
9273: 0.818741
9274: 0.81876
9275: 0.81878
9276: 0.818799
9277: 0.818819
9278: 0.81873
9279: 0.818642
9280: 0.818554
9281: 0.818466
9282: 0.818485
9283: 0.818505
9284: 0.818525
9285: 0.818544
9286: 0.818564
9287: 0.818583
9288: 0.818603
9289: 0.818622
9290: 0.818642
9291: 0.818661
9292: 0.818681
9293: 0.8187
9294: 0.81872
9295: 0.818739
9296: 0.818651
9297: 0.818671
9298: 0.81869
9299: 0.818602
9300: 0.818622
9301: 0.818641
9302: 0.818661
9303: 0.818573
9304: 0.818592
9305: 0.818612
9306: 0.818631
9307: 0.818651
9308: 0.81867
9309: 0.81869
9310: 0.818709
9311: 0.818621
9312: 0.818641
9313: 0.81866
9314: 0.81868
9315: 0.818699
9316: 0.818718
9317: 0.818738
9318: 0.818757
9319: 0.818777
9320: 0.818796
9321: 0.818816
9322: 0.818835
9323: 0.818747
9324: 0.818767
9325: 0.818786
9326: 0.818698
9327: 0.818718
9328: 0.818737
9329: 0.818757
9330: 0.818669
9331: 0.818581
9332: 0.818601
9333: 0.81862
9334: 0.81864
9335: 0.818659
9336: 0.818678
9337: 0.818698
9338: 0.818717
9339: 0.818737
9340: 0.818756
9341: 0.818775
9342: 0.818795
9343: 0.818814
9344: 0.818727
9345: 0.818639
9346: 0.818658
9347: 0.818678
9348: 0.818697
9349: 0.818717
9350: 0.818736
9351: 0.818755
9352: 0.818775
9353: 0.818794
9354: 0.818813
9355: 0.818833
9356: 0.818852
9357: 0.818765
9358: 0.818677
9359: 0.818697
9360: 0.818716
9361: 0.818735
9362: 0.818648
9363: 0.818667
9364: 0.818687
9365: 0.818706
9366: 0.818619
9367: 0.818638
9368: 0.818657
9369: 0.818677
9370: 0.818696
9371: 0.818715
9372: 0.818735
9373: 0.818754
9374: 0.818773
9375: 0.818793
9376: 0.818812
9377: 0.818831
9378: 0.818851
9379: 0.81887
9380: 0.818889
9381: 0.818909
9382: 0.818928
9383: 0.818947
9384: 0.818966
9385: 0.818986
9386: 0.819005
9387: 0.819024
9388: 0.819044
9389: 0.819063
9390: 0.819082
9391: 0.819101
9392: 0.819121
9393: 0.819033
9394: 0.819053
9395: 0.819072
9396: 0.819091
9397: 0.819004
9398: 0.819023
9399: 0.819043
9400: 0.819062
9401: 0.819081
9402: 0.818994
9403: 0.819013
9404: 0.819032
9405: 0.818945
9406: 0.818965
9407: 0.818984
9408: 0.818897
9409: 0.81881
9410: 0.818829
9411: 0.818848
9412: 0.818868
9413: 0.818781
9414: 0.818694
9415: 0.818607
9416: 0.818626
9417: 0.818645
9418: 0.818664
9419: 0.818684
9420: 0.818703
9421: 0.818722
9422: 0.818635
9423: 0.818654
9424: 0.818674
9425: 0.818693
9426: 0.818606
9427: 0.818625
9428: 0.818645
9429: 0.818664
9430: 0.818683
9431: 0.818702
9432: 0.818722
9433: 0.818741
9434: 0.81876
9435: 0.818779
9436: 0.818798
9437: 0.818818
9438: 0.818837
9439: 0.818856
9440: 0.818875
9441: 0.818894
9442: 0.818913
9443: 0.818933
9444: 0.818846
9445: 0.818759
9446: 0.818778
9447: 0.818798
9448: 0.818817
9449: 0.818836
9450: 0.818855
9451: 0.818874
9452: 0.818893
9453: 0.818913
9454: 0.818932
9455: 0.818951
9456: 0.81897
9457: 0.818883
9458: 0.818797
9459: 0.81871
9460: 0.818624
9461: 0.818643
9462: 0.818662
9463: 0.818576
9464: 0.818595
9465: 0.818614
9466: 0.818633
9467: 0.818547
9468: 0.818566
9469: 0.818585
9470: 0.818604
9471: 0.818623
9472: 0.818537
9473: 0.81845
9474: 0.81847
9475: 0.818489
9476: 0.818508
9477: 0.818527
9478: 0.818546
9479: 0.818565
9480: 0.818585
9481: 0.818604
9482: 0.818623
9483: 0.818642
9484: 0.818661
9485: 0.81868
9486: 0.818699
9487: 0.818718
9488: 0.818737
9489: 0.818757
9490: 0.818776
9491: 0.818795
9492: 0.818814
9493: 0.818833
9494: 0.818852
9495: 0.818871
9496: 0.81889
9497: 0.818909
9498: 0.818928
9499: 0.818947
9500: 0.818966
9501: 0.818985
9502: 0.819005
9503: 0.819024
9504: 0.819043
9505: 0.819062
9506: 0.819081
9507: 0.8191
9508: 0.819119
9509: 0.819138
9510: 0.819157
9511: 0.819176
9512: 0.819195
9513: 0.819214
9514: 0.819233
9515: 0.819252
9516: 0.819271
9517: 0.81929
9518: 0.819309
9519: 0.819328
9520: 0.819347
9521: 0.819366
9522: 0.81928
9523: 0.819299
9524: 0.819318
9525: 0.819232
9526: 0.819146
9527: 0.81906
9528: 0.818974
9529: 0.818888
9530: 0.818907
9531: 0.818821
9532: 0.818735
9533: 0.818754
9534: 0.818773
9535: 0.818687
9536: 0.818601
9537: 0.818515
9538: 0.81843
9539: 0.818449
9540: 0.818468
9541: 0.818487
9542: 0.818506
9543: 0.81842
9544: 0.818334
9545: 0.818353
9546: 0.818372
9547: 0.818287
9548: 0.818201
9549: 0.818115
9550: 0.818134
9551: 0.818153
9552: 0.818172
9553: 0.818191
9554: 0.81821
9555: 0.818229
9556: 0.818248
9557: 0.818267
9558: 0.818182
9559: 0.818096
9560: 0.818011
9561: 0.817925
9562: 0.817944
9563: 0.817963
9564: 0.817982
9565: 0.818001
9566: 0.81802
9567: 0.818039
9568: 0.817954
9569: 0.817973
9570: 0.817992
9571: 0.818011
9572: 0.81803
9573: 0.818049
9574: 0.818068
9575: 0.817982
9576: 0.817897
9577: 0.817812
9578: 0.817726
9579: 0.817745
9580: 0.817764
9581: 0.817783
9582: 0.817802
9583: 0.817821
9584: 0.81784
9585: 0.817859
9586: 0.817878
9587: 0.817897
9588: 0.817916
9589: 0.817831
9590: 0.81785
9591: 0.817869
9592: 0.817888
9593: 0.817907
9594: 0.817822
9595: 0.817841
9596: 0.817756
9597: 0.817775
9598: 0.817794
9599: 0.817813
9600: 0.817831
9601: 0.81785
9602: 0.817869
9603: 0.817888
9604: 0.817907
9605: 0.817926
9606: 0.817945
9607: 0.81786
9608: 0.817879
9609: 0.817898
9610: 0.817917
9611: 0.817936
9612: 0.817955
9613: 0.817974
9614: 0.817993
9615: 0.818012
9616: 0.818031
9617: 0.818049
9618: 0.818068
9619: 0.818087
9620: 0.818106
9621: 0.818125
9622: 0.818144
9623: 0.818163
9624: 0.818078
9625: 0.818097
9626: 0.818116
9627: 0.818135
9628: 0.818153
9629: 0.818172
9630: 0.818191
9631: 0.81821
9632: 0.818229
9633: 0.818144
9634: 0.818163
9635: 0.818182
9636: 0.818201
9637: 0.81822
9638: 0.818238
9639: 0.818257
9640: 0.818276
9641: 0.818295
9642: 0.818314
9643: 0.818333
9644: 0.818351
9645: 0.81837
9646: 0.818389
9647: 0.818408
9648: 0.818427
9649: 0.818342
9650: 0.818257
9651: 0.818172
9652: 0.818191
9653: 0.81821
9654: 0.818229
9655: 0.818248
9656: 0.818267
9657: 0.818285
9658: 0.818304
9659: 0.818323
9660: 0.818238
9661: 0.818154
9662: 0.818172
9663: 0.818191
9664: 0.818107
9665: 0.818125
9666: 0.818144
9667: 0.818163
9668: 0.818182
9669: 0.818201
9670: 0.818219
9671: 0.818238
9672: 0.818257
9673: 0.818172
9674: 0.818191
9675: 0.81821
9676: 0.818229
9677: 0.818248
9678: 0.818266
9679: 0.818182
9680: 0.818097
9681: 0.818013
9682: 0.817928
9683: 0.817844
9684: 0.817863
9685: 0.817881
9686: 0.817797
9687: 0.817816
9688: 0.817835
9689: 0.817853
9690: 0.817872
9691: 0.817891
9692: 0.81791
9693: 0.817929
9694: 0.817844
9695: 0.81776
9696: 0.817779
9697: 0.817797
9698: 0.817713
9699: 0.817732
9700: 0.817751
9701: 0.81777
9702: 0.817788
9703: 0.817807
9704: 0.817826
9705: 0.817845
9706: 0.817863
9707: 0.817882
9708: 0.817901
9709: 0.81792
9710: 0.817938
9711: 0.817854
9712: 0.81777
9713: 0.817789
9714: 0.817808
9715: 0.817826
9716: 0.817845
9717: 0.817864
9718: 0.817882
9719: 0.817901
9720: 0.81792
9721: 0.817939
9722: 0.817957
9723: 0.817976
9724: 0.817995
9725: 0.818014
9726: 0.818032
9727: 0.818051
9728: 0.81807
9729: 0.818088
9730: 0.818107
9731: 0.818126
9732: 0.818042
9733: 0.81806
9734: 0.818079
9735: 0.818098
9736: 0.818116
9737: 0.818135
9738: 0.818154
9739: 0.81807
9740: 0.818088
9741: 0.818107
9742: 0.818126
9743: 0.818144
9744: 0.818163
9745: 0.818182
9746: 0.8182
9747: 0.818219
9748: 0.818238
9749: 0.818256
9750: 0.818172
9751: 0.818191
9752: 0.81821
9753: 0.818126
9754: 0.818145
9755: 0.818163
9756: 0.818182
9757: 0.8182
9758: 0.818219
9759: 0.818238
9760: 0.818256
9761: 0.818173
9762: 0.818089
9763: 0.818107
9764: 0.818126
9765: 0.818145
9766: 0.818163
9767: 0.818182
9768: 0.8182
9769: 0.818219
9770: 0.818135
9771: 0.818052
9772: 0.81807
9773: 0.818089
9774: 0.818107
9775: 0.818126
9776: 0.818145
9777: 0.818163
9778: 0.81808
9779: 0.817996
9780: 0.818015
9781: 0.818033
9782: 0.818052
9783: 0.81807
9784: 0.818089
9785: 0.818108
9786: 0.818126
9787: 0.818145
9788: 0.818163
9789: 0.818182
9790: 0.8182
9791: 0.818117
9792: 0.818135
9793: 0.818154
9794: 0.818173
9795: 0.818191
9796: 0.81821
9797: 0.818228
9798: 0.818247
9799: 0.818265
9800: 0.818284
9801: 0.818302
9802: 0.818321
9803: 0.818339
9804: 0.818358
9805: 0.818377
9806: 0.818395
9807: 0.818414
9808: 0.818432
9809: 0.818349
9810: 0.818367
9811: 0.818386
9812: 0.818404
9813: 0.818423
9814: 0.818441
9815: 0.81846
9816: 0.818478
9817: 0.818497
9818: 0.818515
9819: 0.818432
9820: 0.818348
9821: 0.818265
9822: 0.818284
9823: 0.818302
9824: 0.818321
9825: 0.818237
9826: 0.818256
9827: 0.818274
9828: 0.818293
9829: 0.818311
9830: 0.81833
9831: 0.818348
9832: 0.818367
9833: 0.818385
9834: 0.818302
9835: 0.818219
9836: 0.818237
9837: 0.818256
9838: 0.818274
9839: 0.818293
9840: 0.818311
9841: 0.81833
9842: 0.818348
9843: 0.818367
9844: 0.818385
9845: 0.818403
9846: 0.81832
9847: 0.818339
9848: 0.818357
9849: 0.818274
9850: 0.818191
9851: 0.81821
9852: 0.818126
9853: 0.818043
9854: 0.81796
9855: 0.817877
9856: 0.817896
9857: 0.817914
9858: 0.817933
9859: 0.817951
9860: 0.81797
9861: 0.817988
9862: 0.818007
9863: 0.818025
9864: 0.818044
9865: 0.818062
9866: 0.81808
9867: 0.818099
9868: 0.818117
9869: 0.818136
9870: 0.818154
9871: 0.818173
9872: 0.81809
9873: 0.818108
9874: 0.818127
9875: 0.818145
9876: 0.818163
9877: 0.818182
9878: 0.8182
9879: 0.818219
9880: 0.818237
9881: 0.818255
9882: 0.818274
9883: 0.818292
9884: 0.818311
9885: 0.818329
9886: 0.818347
9887: 0.818366
9888: 0.818283
9889: 0.8182
9890: 0.818219
9891: 0.818237
9892: 0.818255
9893: 0.818274
9894: 0.818292
9895: 0.81831
9896: 0.818329
9897: 0.818347
9898: 0.818365
9899: 0.818384
9900: 0.818402
9901: 0.818421
9902: 0.818338
9903: 0.818255
9904: 0.818274
9905: 0.818292
9906: 0.81831
9907: 0.818329
9908: 0.818347
9909: 0.818365
9910: 0.818384
9911: 0.818402
9912: 0.818319
9913: 0.818237
9914: 0.818255
9915: 0.818273
9916: 0.818292
9917: 0.81831
9918: 0.818328
9919: 0.818347
9920: 0.818365
9921: 0.818383
9922: 0.818301
9923: 0.818319
9924: 0.818338
9925: 0.818356
9926: 0.818374
9927: 0.818392
9928: 0.818411
9929: 0.818429
9930: 0.818447
9931: 0.818466
9932: 0.818383
9933: 0.818401
9934: 0.81842
9935: 0.818438
9936: 0.818456
9937: 0.818475
9938: 0.818392
9939: 0.81831
9940: 0.818328
9941: 0.818346
9942: 0.818365
9943: 0.818383
9944: 0.818401
9945: 0.818419
9946: 0.818438
9947: 0.818456
9948: 0.818474
9949: 0.818492
9950: 0.818511
9951: 0.818529
9952: 0.818547
9953: 0.818565
9954: 0.818584
9955: 0.818602
9956: 0.81852
9957: 0.818538
9958: 0.818556
9959: 0.818574
9960: 0.818593
9961: 0.818611
9962: 0.818629
9963: 0.818647
9964: 0.818665
9965: 0.818684
9966: 0.818702
9967: 0.81872
9968: 0.818738
9969: 0.818756
9970: 0.818774
9971: 0.818793
9972: 0.818811
9973: 0.818729
9974: 0.818647
9975: 0.818565
9976: 0.818483
9977: 0.818501
9978: 0.818519
9979: 0.818437
9980: 0.818455
9981: 0.818373
9982: 0.818291
9983: 0.818309
9984: 0.818327
9985: 0.818246
9986: 0.818164
9987: 0.818182
9988: 0.8182
9989: 0.818118
9990: 0.818036
9991: 0.817954
9992: 0.817973
9993: 0.817991
9994: 0.818009
9995: 0.818027
9996: 0.818045
9997: 0.817964
9998: 0.817982
9999: 0.818
10000: 0.818018
10001: 0.818036
10002: 0.818055
10003: 0.818073
10004: 0.818091
10005: 0.818109
10006: 0.818027
10007: 0.818046
10008: 0.818064
10009: 0.818082
10010: 0.818
10011: 0.818018
10012: 0.818037
10013: 0.818055
10014: 0.818073
10015: 0.818091
10016: 0.818109
10017: 0.818127
10018: 0.818146
10019: 0.818164
10020: 0.818182
10021: 0.8182
10022: 0.818218
10023: 0.818236
10024: 0.818155
10025: 0.818073
10026: 0.817991
10027: 0.81791
10028: 0.817828
10029: 0.817846
10030: 0.817865
10031: 0.817883
10032: 0.817901
10033: 0.817919
10034: 0.817937
10035: 0.817955
10036: 0.817973
10037: 0.817992
10038: 0.81801
10039: 0.818028
10040: 0.818046
10041: 0.818064
10042: 0.818082
10043: 0.8181
10044: 0.818118
10045: 0.818137
10046: 0.818055
10047: 0.817974
10048: 0.817992
10049: 0.81801
10050: 0.818028
10051: 0.817947
10052: 0.817865
10053: 0.817883
10054: 0.817902
10055: 0.81792
10056: 0.817938
10057: 0.817956
10058: 0.817875
10059: 0.817793
10060: 0.817811
10061: 0.817829
10062: 0.817848
10063: 0.817866
10064: 0.817884
10065: 0.817902
10066: 0.81792
10067: 0.817938
10068: 0.817956
10069: 0.817974
10070: 0.817992
10071: 0.81801
10072: 0.817929
10073: 0.817947
10074: 0.817965
10075: 0.817983
10076: 0.818001
10077: 0.818019
10078: 0.818038
10079: 0.818056
10080: 0.818074
10081: 0.817992
10082: 0.818011
10083: 0.818029
10084: 0.818047
10085: 0.818065
10086: 0.818083
10087: 0.818101
10088: 0.818119
10089: 0.818038
10090: 0.818056
10091: 0.818074
10092: 0.818092
10093: 0.81811
10094: 0.818029
10095: 0.818047
10096: 0.818065
10097: 0.818083
10098: 0.818101
10099: 0.818119
10100: 0.818137
10101: 0.818155
10102: 0.818173
10103: 0.818191
10104: 0.818209
10105: 0.818227
10106: 0.818245
10107: 0.818263
10108: 0.818281
10109: 0.818299
10110: 0.818317
10111: 0.818236
10112: 0.818254
10113: 0.818272
10114: 0.81829
10115: 0.818308
10116: 0.818326
10117: 0.818344
10118: 0.818361
10119: 0.818379
10120: 0.818299
10121: 0.818218
10122: 0.818137
10123: 0.818155
10124: 0.818173
10125: 0.818191
10126: 0.818209
10127: 0.818227
10128: 0.818245
10129: 0.818263
10130: 0.818182
10131: 0.8182
10132: 0.818218
10133: 0.818236
10134: 0.818254
10135: 0.818272
10136: 0.818289
10137: 0.818307
10138: 0.818325
10139: 0.818343
10140: 0.818361
10141: 0.818379
10142: 0.818397
10143: 0.818415
10144: 0.818334
10145: 0.818253
10146: 0.818271
10147: 0.818289
10148: 0.818307
10149: 0.818325
10150: 0.818343
10151: 0.818361
10152: 0.818379
10153: 0.818397
10154: 0.818415
10155: 0.818334
10156: 0.818253
10157: 0.818173
10158: 0.818092
10159: 0.81811
10160: 0.818128
10161: 0.818146
10162: 0.818164
10163: 0.818182
10164: 0.8182
10165: 0.818218
10166: 0.818235
10167: 0.818253
10168: 0.818173
10169: 0.818191
10170: 0.818209
10171: 0.818227
10172: 0.818244
10173: 0.818262
10174: 0.81828
10175: 0.818298
10176: 0.818316
10177: 0.818334
10178: 0.818253
10179: 0.818173
10180: 0.818191
10181: 0.818209
10182: 0.818128
10183: 0.818146
10184: 0.818164
10185: 0.818182
10186: 0.8182
10187: 0.818218
10188: 0.818235
10189: 0.818253
10190: 0.818271
10191: 0.818289
10192: 0.818307
10193: 0.818325
10194: 0.818342
10195: 0.81836
10196: 0.81828
10197: 0.8182
10198: 0.818217
10199: 0.818235
10200: 0.818253
10201: 0.818271
10202: 0.818289
10203: 0.818307
10204: 0.818324
10205: 0.818342
10206: 0.81836
10207: 0.818378
10208: 0.818396
10209: 0.818413
10210: 0.818431
10211: 0.818351
10212: 0.818369
10213: 0.818387
10214: 0.818404
10215: 0.818422
10216: 0.81844
10217: 0.818458
10218: 0.818475
10219: 0.818493
10220: 0.818511
10221: 0.818529
10222: 0.818546
10223: 0.818564
10224: 0.818582
10225: 0.8186
10226: 0.81852
10227: 0.81844
10228: 0.818457
10229: 0.818475
10230: 0.818395
10231: 0.818413
10232: 0.818431
10233: 0.818351
10234: 0.818368
10235: 0.818386
10236: 0.818404
10237: 0.818422
10238: 0.818439
10239: 0.818457
10240: 0.818475
10241: 0.818492
10242: 0.81851
10243: 0.818528
10244: 0.818546
10245: 0.818563
10246: 0.818581
10247: 0.818599
10248: 0.818616
10249: 0.818634
10250: 0.818652
10251: 0.81867
10252: 0.818687
10253: 0.818705
10254: 0.818625
10255: 0.818545
10256: 0.818465
10257: 0.818483
10258: 0.818501
10259: 0.818421
10260: 0.818341
10261: 0.818359
10262: 0.818377
10263: 0.818394
10264: 0.818315
10265: 0.818235
10266: 0.818155
10267: 0.818173
10268: 0.818191
10269: 0.818208
10270: 0.818226
10271: 0.818244
10272: 0.818261
10273: 0.818279
10274: 0.818297
10275: 0.818315
10276: 0.818332
10277: 0.81835
10278: 0.81827
10279: 0.818191
10280: 0.818208
10281: 0.818226
10282: 0.818244
10283: 0.818261
10284: 0.818279
10285: 0.818297
10286: 0.818314
10287: 0.818332
10288: 0.81835
10289: 0.818367
10290: 0.818288
10291: 0.818305
10292: 0.818323
10293: 0.818341
10294: 0.818358
10295: 0.818376
10296: 0.818394
10297: 0.818411
10298: 0.818429
10299: 0.818447
10300: 0.818464
10301: 0.818482
10302: 0.818499
10303: 0.818517
10304: 0.818535
10305: 0.818552
10306: 0.81857
10307: 0.818588
10308: 0.818605
10309: 0.818623
10310: 0.81864
10311: 0.818658
10312: 0.818675
10313: 0.818596
10314: 0.818517
10315: 0.818437
10316: 0.818358
10317: 0.818279
10318: 0.818296
10319: 0.818314
10320: 0.818332
10321: 0.818349
10322: 0.818367
10323: 0.818384
10324: 0.818305
10325: 0.818323
10326: 0.81834
10327: 0.818358
10328: 0.818375
10329: 0.818393
10330: 0.818411
10331: 0.818428
10332: 0.818446
10333: 0.818463
10334: 0.818481
10335: 0.818498
10336: 0.818516
10337: 0.818534
10338: 0.818551
10339: 0.818569
10340: 0.818586
10341: 0.818604
10342: 0.818621
10343: 0.818639
10344: 0.818656
10345: 0.818674
10346: 0.818691
10347: 0.818709
10348: 0.818726
10349: 0.818744
10350: 0.818761
10351: 0.818779
10352: 0.818796
10353: 0.818814
10354: 0.818831
10355: 0.818849
10356: 0.818866
10357: 0.818884
10358: 0.818901
10359: 0.818822
10360: 0.81884
10361: 0.818857
10362: 0.818875
10363: 0.818892
10364: 0.818813
10365: 0.818734
10366: 0.818655
10367: 0.818576
10368: 0.818594
10369: 0.818611
10370: 0.818532
10371: 0.818454
10372: 0.818471
10373: 0.818489
10374: 0.818506
10375: 0.818524
10376: 0.818541
10377: 0.818558
10378: 0.818576
10379: 0.818593
10380: 0.818611
10381: 0.818628
10382: 0.81855
10383: 0.818567
10384: 0.818584
10385: 0.818602
10386: 0.818523
10387: 0.818541
10388: 0.818558
10389: 0.818576
10390: 0.818593
10391: 0.81861
10392: 0.818628
10393: 0.818645
10394: 0.818567
10395: 0.818488
10396: 0.818505
10397: 0.818523
10398: 0.81854
10399: 0.818558
10400: 0.818575
10401: 0.818496
10402: 0.818514
10403: 0.818435
10404: 0.818357
10405: 0.818374
10406: 0.818391
10407: 0.818409
10408: 0.81833
10409: 0.818348
10410: 0.818365
10411: 0.818383
10412: 0.8184
10413: 0.818418
10414: 0.818339
10415: 0.81826
10416: 0.818278
10417: 0.818295
10418: 0.818313
10419: 0.81833
10420: 0.818252
10421: 0.818269
10422: 0.818286
10423: 0.818208
10424: 0.818129
10425: 0.818147
10426: 0.818164
10427: 0.818086
10428: 0.818007
10429: 0.818025
10430: 0.818042
10431: 0.81806
10432: 0.818077
10433: 0.818095
10434: 0.818112
10435: 0.81813
10436: 0.818147
10437: 0.818164
10438: 0.818086
10439: 0.818103
10440: 0.818121
10441: 0.818043
10442: 0.81806
10443: 0.817982
10444: 0.817999
10445: 0.818016
10446: 0.818034
10447: 0.818051
10448: 0.817973
10449: 0.81799
10450: 0.818008
10451: 0.818025
10452: 0.818043
10453: 0.817964
10454: 0.817982
10455: 0.817999
10456: 0.818017
10457: 0.818034
10458: 0.818051
10459: 0.818069
10460: 0.818086
10461: 0.818104
10462: 0.818121
10463: 0.818138
10464: 0.818156
10465: 0.818173
10466: 0.818191
10467: 0.818208
10468: 0.818225
10469: 0.818243
10470: 0.81826
10471: 0.818277
10472: 0.818295
10473: 0.818312
10474: 0.818329
10475: 0.818347
10476: 0.818364
10477: 0.818381
10478: 0.818399
10479: 0.818321
10480: 0.818338
10481: 0.818355
10482: 0.818277
10483: 0.818295
10484: 0.818312
10485: 0.818329
10486: 0.818347
10487: 0.818364
10488: 0.818381
10489: 0.818398
10490: 0.818416
10491: 0.818433
10492: 0.81845
10493: 0.818372
10494: 0.81839
10495: 0.818407
10496: 0.818424
10497: 0.818442
10498: 0.818459
10499: 0.818476
10500: 0.818398
10501: 0.818416
10502: 0.818433
10503: 0.81845
10504: 0.818467
10505: 0.818485
10506: 0.818502
10507: 0.818519
10508: 0.818536
10509: 0.818459
10510: 0.818381
10511: 0.818398
10512: 0.818415
10513: 0.818433
10514: 0.81845
10515: 0.818467
10516: 0.818484
10517: 0.818502
10518: 0.818519
10519: 0.818536
10520: 0.818458
10521: 0.818476
10522: 0.818493
10523: 0.81851
10524: 0.818527
10525: 0.818545
10526: 0.818562
10527: 0.818579
10528: 0.818596
10529: 0.818613
10530: 0.818631
10531: 0.818553
10532: 0.81857
10533: 0.818587
10534: 0.818605
10535: 0.818622
10536: 0.818639
10537: 0.818656
10538: 0.818673
10539: 0.818691
10540: 0.818708
10541: 0.81863
10542: 0.818647
10543: 0.818665
10544: 0.818682
10545: 0.818699
10546: 0.818716
10547: 0.818733
10548: 0.818751
10549: 0.818768
10550: 0.818785
10551: 0.818802
10552: 0.818819
10553: 0.818836
10554: 0.818854
10555: 0.818871
10556: 0.818888
10557: 0.818905
10558: 0.818828
10559: 0.818845
10560: 0.818862
10561: 0.818879
10562: 0.818896
10563: 0.818913
10564: 0.81893
10565: 0.818853
10566: 0.81887
10567: 0.818887
10568: 0.818904
10569: 0.818827
10570: 0.818749
10571: 0.818767
10572: 0.818784
10573: 0.818801
10574: 0.818818
10575: 0.818835
10576: 0.818852
10577: 0.818775
10578: 0.818792
10579: 0.818809
10580: 0.818826
10581: 0.818843
10582: 0.81886
10583: 0.818783
10584: 0.8188
10585: 0.818817
10586: 0.818834
10587: 0.818852
10588: 0.818869
10589: 0.818886
10590: 0.818903
10591: 0.81892
10592: 0.818937
10593: 0.81886
10594: 0.818877
10595: 0.818894
10596: 0.818911
10597: 0.818928
10598: 0.818945
10599: 0.818962
10600: 0.818979
10601: 0.818996
10602: 0.818919
10603: 0.818842
10604: 0.818765
10605: 0.818782
10606: 0.818799
10607: 0.818816
10608: 0.818833
10609: 0.81885
10610: 0.818867
10611: 0.818884
10612: 0.818807
10613: 0.818824
10614: 0.818841
10615: 0.818858
10616: 0.818875
10617: 0.818892
10618: 0.81891
10619: 0.818927
10620: 0.818944
10621: 0.818867
10622: 0.818789
10623: 0.818806
10624: 0.818824
10625: 0.818841
10626: 0.818858
10627: 0.818781
10628: 0.818798
10629: 0.818815
10630: 0.818832
10631: 0.818849
10632: 0.818866
10633: 0.818883
10634: 0.8189
10635: 0.818917
10636: 0.818934
10637: 0.818951
10638: 0.818968
10639: 0.818985
10640: 0.819002
10641: 0.819019
10642: 0.819036
10643: 0.819053
10644: 0.81907
10645: 0.819087
10646: 0.819104
10647: 0.819121
10648: 0.819044
10649: 0.818967
10650: 0.81889
10651: 0.818813
10652: 0.81883
10653: 0.818847
10654: 0.818864
10655: 0.818881
10656: 0.818898
10657: 0.818915
10658: 0.818932
10659: 0.818949
10660: 0.818966
10661: 0.818983
10662: 0.819
10663: 0.819017
10664: 0.819034
10665: 0.819051
10666: 0.818974
10667: 0.818898
10668: 0.818915
10669: 0.818932
10670: 0.818949
10671: 0.818966
10672: 0.818889
10673: 0.818906
10674: 0.818923
10675: 0.818846
10676: 0.818769
10677: 0.818786
10678: 0.818803
10679: 0.81882
10680: 0.818837
10681: 0.818854
10682: 0.818871
10683: 0.818888
10684: 0.818905
10685: 0.818922
10686: 0.818939
10687: 0.818956
10688: 0.818973
10689: 0.81899
10690: 0.819007
10691: 0.819024
10692: 0.81904
10693: 0.819057
10694: 0.819074
10695: 0.819091
10696: 0.819108
10697: 0.819125
10698: 0.819142
10699: 0.819159
10700: 0.819176
10701: 0.819193
10702: 0.819116
10703: 0.81904
10704: 0.819057
10705: 0.81898
10706: 0.818997
10707: 0.819014
10708: 0.819031
10709: 0.819048
10710: 0.819065
10711: 0.819081
10712: 0.819098
10713: 0.819115
10714: 0.819132
10715: 0.819149
10716: 0.819166
10717: 0.819183
10718: 0.8192
10719: 0.819216
10720: 0.819233
10721: 0.81925
10722: 0.819267
10723: 0.819284
10724: 0.819301
10725: 0.819318
10726: 0.819334
10727: 0.819351
10728: 0.819368
10729: 0.819385
10730: 0.819402
10731: 0.819419
10732: 0.819435
10733: 0.819452
10734: 0.819469
10735: 0.819486
10736: 0.819503
10737: 0.819519
10738: 0.819536
10739: 0.819553
10740: 0.81957
10741: 0.819587
10742: 0.819603
10743: 0.81962
10744: 0.819637
10745: 0.819654
10746: 0.819671
10747: 0.819687
10748: 0.819704
10749: 0.819628
10750: 0.819645
10751: 0.819661
10752: 0.819678
10753: 0.819695
10754: 0.819619
10755: 0.819636
10756: 0.819652
10757: 0.819669
10758: 0.819686
10759: 0.819703
10760: 0.819719
10761: 0.819736
10762: 0.819753
10763: 0.819677
10764: 0.819693
10765: 0.81971
10766: 0.819727
10767: 0.819744
10768: 0.81976
10769: 0.819777
10770: 0.819794
10771: 0.819811
10772: 0.819735
10773: 0.819658
10774: 0.819675
10775: 0.819692
10776: 0.819709
10777: 0.819633
10778: 0.819557
10779: 0.819481
10780: 0.819497
10781: 0.819514
10782: 0.819531
10783: 0.819547
10784: 0.819564
10785: 0.819581
10786: 0.819598
10787: 0.819522
10788: 0.819446
10789: 0.81937
10790: 0.819387
10791: 0.819403
10792: 0.81942
10793: 0.819437
10794: 0.819453
10795: 0.81947
10796: 0.819487
10797: 0.819504
10798: 0.81952
10799: 0.819537
10800: 0.819461
10801: 0.819478
10802: 0.819495
10803: 0.819511
10804: 0.819528
10805: 0.819545
10806: 0.819561
10807: 0.819578
10808: 0.819595
10809: 0.819611
10810: 0.819628
10811: 0.819645
10812: 0.819662
10813: 0.819678
10814: 0.819695
10815: 0.819712
10816: 0.819728
10817: 0.819745
10818: 0.819762
10819: 0.819778
10820: 0.819795
10821: 0.819811
10822: 0.819828
10823: 0.819845
10824: 0.819861
10825: 0.819878
10826: 0.819895
10827: 0.819911
10828: 0.819836
10829: 0.819852
10830: 0.819869
10831: 0.819886
10832: 0.819902
10833: 0.819919
10834: 0.819843
10835: 0.81986
10836: 0.819876
10837: 0.819893
10838: 0.81991
10839: 0.819926
10840: 0.819851
10841: 0.819867
10842: 0.819884
10843: 0.8199
10844: 0.819917
10845: 0.819934
10846: 0.81995
10847: 0.819967
10848: 0.819983
10849: 0.82
10850: 0.820017
10851: 0.820033
10852: 0.82005
10853: 0.820066
10854: 0.819991
10855: 0.819915
10856: 0.819932
10857: 0.819948
10858: 0.819965
10859: 0.819982
10860: 0.819998
10861: 0.820015
10862: 0.820031
10863: 0.819956
10864: 0.819972
10865: 0.819989
10866: 0.820006
10867: 0.820022
10868: 0.820039
10869: 0.820055
10870: 0.820072
10871: 0.820088
10872: 0.820013
10873: 0.820029
10874: 0.820046
10875: 0.819971
10876: 0.819987
10877: 0.820004
10878: 0.82002
10879: 0.819945
10880: 0.819869
10881: 0.819886
10882: 0.819903
10883: 0.819919
10884: 0.819844
10885: 0.819769
10886: 0.819785
10887: 0.819802
10888: 0.819818
10889: 0.819835
10890: 0.819851
10891: 0.819868
10892: 0.819884
10893: 0.819901
10894: 0.819917
10895: 0.819934
10896: 0.81995
10897: 0.819967
10898: 0.819983
10899: 0.82
10900: 0.820017
10901: 0.820033
10902: 0.82005
10903: 0.820066
10904: 0.820083
10905: 0.820099
10906: 0.820116
10907: 0.820132
10908: 0.820149
10909: 0.820165
10910: 0.820181
10911: 0.820198
10912: 0.820214
10913: 0.820231
10914: 0.820247
10915: 0.820264
10916: 0.82028
10917: 0.820297
10918: 0.820313
10919: 0.82033
10920: 0.820255
10921: 0.820179
10922: 0.820104
10923: 0.820121
10924: 0.820046
10925: 0.820062
10926: 0.820079
10927: 0.820095
10928: 0.820112
10929: 0.820128
10930: 0.820145
10931: 0.820161
10932: 0.820177
10933: 0.820194
10934: 0.82021
10935: 0.820135
10936: 0.82006
10937: 0.820077
10938: 0.820002
10939: 0.820018
10940: 0.820035
10941: 0.820051
10942: 0.820068
10943: 0.820084
10944: 0.820101
10945: 0.820117
10946: 0.820042
10947: 0.819967
10948: 0.819984
10949: 0.82
10950: 0.820016
10951: 0.820033
10952: 0.820049
10953: 0.820066
10954: 0.820082
10955: 0.820099
10956: 0.820115
10957: 0.820131
10958: 0.820148
10959: 0.820164
10960: 0.820181
10961: 0.820197
10962: 0.820213
10963: 0.82023
10964: 0.820246
10965: 0.820171
10966: 0.820188
10967: 0.820204
10968: 0.820221
10969: 0.820237
10970: 0.820253
10971: 0.82027
10972: 0.820286
10973: 0.820303
10974: 0.820319
10975: 0.820335
10976: 0.820352
10977: 0.820368
10978: 0.820384
10979: 0.820401
10980: 0.820417
10981: 0.820433
10982: 0.82045
10983: 0.820466
10984: 0.820482
10985: 0.820499
10986: 0.820424
10987: 0.820349
10988: 0.820275
10989: 0.820291
10990: 0.820308
10991: 0.820324
10992: 0.82034
10993: 0.820357
10994: 0.820373
10995: 0.820298
10996: 0.820315
10997: 0.820331
10998: 0.820347
10999: 0.820364
11000: 0.82038
11001: 0.820305
11002: 0.820231
11003: 0.820156
11004: 0.820173
11005: 0.820189
11006: 0.820205
11007: 0.820131
11008: 0.820147
11009: 0.820163
11010: 0.82018
11011: 0.820196
11012: 0.820212
11013: 0.820229
11014: 0.820245
11015: 0.820261
11016: 0.820278
11017: 0.820294
11018: 0.82031
11019: 0.820327
11020: 0.820343
11021: 0.820359
11022: 0.820376
11023: 0.820392
11024: 0.820408
11025: 0.820334
11026: 0.82035
11027: 0.820366
11028: 0.820383
11029: 0.820399
11030: 0.820415
11031: 0.820431
11032: 0.820448
11033: 0.820464
11034: 0.82048
11035: 0.820497
11036: 0.820422
11037: 0.820348
11038: 0.820274
11039: 0.820199
11040: 0.820216
11041: 0.820232
11042: 0.820248
11043: 0.820174
11044: 0.82019
11045: 0.820206
11046: 0.820223
11047: 0.820239
11048: 0.820255
11049: 0.820271
11050: 0.820288
11051: 0.820304
11052: 0.82032
11053: 0.820337
11054: 0.820353
11055: 0.820369
11056: 0.820295
11057: 0.820221
11058: 0.820237
11059: 0.820253
11060: 0.820179
11061: 0.820105
11062: 0.820031
11063: 0.820047
11064: 0.820063
11065: 0.82008
11066: 0.820096
11067: 0.820112
11068: 0.820038
11069: 0.820054
11070: 0.82007
11071: 0.820087
11072: 0.820103
11073: 0.820119
11074: 0.820135
11075: 0.820152
11076: 0.820168
11077: 0.820184
11078: 0.8202
11079: 0.820217
11080: 0.820233
11081: 0.820249
11082: 0.820265
11083: 0.820281
11084: 0.820298
11085: 0.820314
11086: 0.82033
11087: 0.820346
11088: 0.820363
11089: 0.820379
11090: 0.820395
11091: 0.820411
11092: 0.820427
11093: 0.820443
11094: 0.82046
11095: 0.820476
11096: 0.820402
11097: 0.820418
11098: 0.820344
11099: 0.82027
11100: 0.820286
11101: 0.820303
11102: 0.820319
11103: 0.820335
11104: 0.820351
11105: 0.820367
11106: 0.820384
11107: 0.8204
11108: 0.820326
11109: 0.820252
11110: 0.820178
11111: 0.820194
11112: 0.820211
11113: 0.820137
11114: 0.820063
11115: 0.820079
11116: 0.820005
11117: 0.819932
11118: 0.819948
11119: 0.819964
11120: 0.81998
11121: 0.819996
11122: 0.820013
11123: 0.819939
11124: 0.819955
11125: 0.819971
11126: 0.819898
11127: 0.819914
11128: 0.81993
11129: 0.819946
11130: 0.819962
11131: 0.819978
11132: 0.819995
11133: 0.820011
11134: 0.819937
11135: 0.819953
11136: 0.819969
11137: 0.819986
11138: 0.820002
11139: 0.820018
11140: 0.820034
11141: 0.82005
11142: 0.820066
11143: 0.820083
11144: 0.820009
11145: 0.819935
11146: 0.819952
11147: 0.819968
11148: 0.819984
11149: 0.82
11150: 0.819926
11151: 0.819853
11152: 0.819779
11153: 0.819796
11154: 0.819812
11155: 0.819828
11156: 0.819844
11157: 0.81986
11158: 0.819876
11159: 0.819892
11160: 0.819819
11161: 0.819746
11162: 0.819762
11163: 0.819778
11164: 0.819794
11165: 0.81981
11166: 0.819737
11167: 0.819753
11168: 0.819769
11169: 0.819785
11170: 0.819801
11171: 0.819817
11172: 0.819834
11173: 0.81985
11174: 0.819866
11175: 0.819882
11176: 0.819898
11177: 0.819914
11178: 0.81993
11179: 0.819946
11180: 0.819962
11181: 0.819979
11182: 0.819995
11183: 0.820011
11184: 0.820027
11185: 0.819954
11186: 0.81997
11187: 0.819986
11188: 0.820002
11189: 0.820018
11190: 0.820034
11191: 0.82005
11192: 0.820066
11193: 0.819993
11194: 0.81992
11195: 0.819936
11196: 0.819952
11197: 0.819968
11198: 0.819984
11199: 0.82
11200: 0.819927
11201: 0.819943
11202: 0.819959
11203: 0.819975
11204: 0.819991
11205: 0.820007
11206: 0.819934
11207: 0.819861
11208: 0.819788
11209: 0.819804
11210: 0.81982
11211: 0.819836
11212: 0.819852
11213: 0.819868
11214: 0.819884
11215: 0.8199
11216: 0.819827
11217: 0.819754
11218: 0.819681
11219: 0.819608
11220: 0.819624
11221: 0.81964
11222: 0.819567
11223: 0.819583
11224: 0.819599
11225: 0.819615
11226: 0.819631
11227: 0.819647
11228: 0.819663
11229: 0.819679
11230: 0.819695
11231: 0.819623
11232: 0.819639
11233: 0.819655
11234: 0.819671
11235: 0.819687
11236: 0.819703
11237: 0.819719
11238: 0.819735
11239: 0.819751
11240: 0.819678
11241: 0.819605
11242: 0.819621
11243: 0.819637
11244: 0.819653
11245: 0.819669
11246: 0.819685
11247: 0.819701
11248: 0.819717
11249: 0.819733
11250: 0.819749
11251: 0.819765
11252: 0.819781
11253: 0.819797
11254: 0.819813
11255: 0.819829
11256: 0.819845
11257: 0.819861
11258: 0.819877
11259: 0.819893
11260: 0.819909
11261: 0.819925
11262: 0.819941
11263: 0.819957
11264: 0.819973
11265: 0.819989
11266: 0.820005
11267: 0.820021
11268: 0.820037
11269: 0.820053
11270: 0.820069
11271: 0.820085
11272: 0.820101
11273: 0.820117
11274: 0.820133
11275: 0.820149
11276: 0.820165
11277: 0.820181
11278: 0.820197
11279: 0.820213
11280: 0.820229
11281: 0.820245
11282: 0.820261
11283: 0.820276
11284: 0.820292
11285: 0.820308
11286: 0.820324
11287: 0.82034
11288: 0.820356
11289: 0.820372
11290: 0.820388
11291: 0.820404
11292: 0.82042
11293: 0.820436
11294: 0.820452
11295: 0.820467
11296: 0.820483
11297: 0.820499
11298: 0.820515
11299: 0.820531
11300: 0.820547
11301: 0.820563
11302: 0.820579
11303: 0.820594
11304: 0.82061
11305: 0.820626
11306: 0.820554
11307: 0.82057
11308: 0.820585
11309: 0.820601
11310: 0.820617
11311: 0.820633
11312: 0.820649
11313: 0.820665
11314: 0.820681
11315: 0.820696
11316: 0.820712
11317: 0.820728
11318: 0.820744
11319: 0.82076
11320: 0.820776
11321: 0.820703
11322: 0.820631
11323: 0.820646
11324: 0.820662
11325: 0.820678
11326: 0.820694
11327: 0.82071
11328: 0.820726
11329: 0.820741
11330: 0.820757
11331: 0.820773
11332: 0.820701
11333: 0.820628
11334: 0.820644
11335: 0.82066
11336: 0.820676
11337: 0.820691
11338: 0.820707
11339: 0.820723
11340: 0.820739
11341: 0.820755
11342: 0.820771
11343: 0.820786
11344: 0.820714
11345: 0.82073
11346: 0.820746
11347: 0.820673
11348: 0.820601
11349: 0.820529
11350: 0.820544
11351: 0.82056
11352: 0.820576
11353: 0.820592
11354: 0.820608
11355: 0.820623
11356: 0.820639
11357: 0.820655
11358: 0.820671
11359: 0.820687
11360: 0.820702
11361: 0.820718
11362: 0.820734
11363: 0.82075
11364: 0.820766
11365: 0.820781
11366: 0.820797
11367: 0.820813
11368: 0.820829
11369: 0.820844
11370: 0.82086
11371: 0.820876
11372: 0.820892
11373: 0.820907
11374: 0.820923
11375: 0.820939
11376: 0.820955
11377: 0.820882
11378: 0.82081
11379: 0.820826
11380: 0.820842
11381: 0.820857
11382: 0.820785
11383: 0.820713
11384: 0.820641
11385: 0.820657
11386: 0.820673
11387: 0.820688
11388: 0.820704
11389: 0.820632
11390: 0.820648
11391: 0.820664
11392: 0.820592
11393: 0.820607
11394: 0.820623
11395: 0.820639
11396: 0.820655
11397: 0.82067
11398: 0.820686
11399: 0.820702
11400: 0.820717
11401: 0.820733
11402: 0.820661
11403: 0.820677
11404: 0.820693
11405: 0.820708
11406: 0.820724
11407: 0.820652
11408: 0.82058
11409: 0.820508
11410: 0.820524
11411: 0.82054
11412: 0.820556
11413: 0.820571
11414: 0.820587
11415: 0.820603
11416: 0.820618
11417: 0.820634
11418: 0.82065
11419: 0.820665
11420: 0.820681
11421: 0.820697
11422: 0.820713
11423: 0.820728
11424: 0.820744
11425: 0.82076
11426: 0.820775
11427: 0.820791
11428: 0.820807
11429: 0.820735
11430: 0.820663
11431: 0.820679
11432: 0.820694
11433: 0.82071
11434: 0.820726
11435: 0.820742
11436: 0.820757
11437: 0.820773
11438: 0.820789
11439: 0.820804
11440: 0.82082
11441: 0.820836
11442: 0.820851
11443: 0.820867
11444: 0.820882
11445: 0.820898
11446: 0.820914
11447: 0.820929
11448: 0.820945
11449: 0.820961
11450: 0.820976
11451: 0.820992
11452: 0.821008
11453: 0.820936
11454: 0.820864
11455: 0.820793
11456: 0.820721
11457: 0.820649
11458: 0.820665
11459: 0.820681
11460: 0.820696
11461: 0.820712
11462: 0.82064
11463: 0.820569
11464: 0.820497
11465: 0.820426
11466: 0.820354
11467: 0.82037
11468: 0.820385
11469: 0.820401
11470: 0.820417
11471: 0.820432
11472: 0.820448
11473: 0.820464
11474: 0.820479
11475: 0.820495
11476: 0.820423
11477: 0.820352
11478: 0.820368
11479: 0.820383
11480: 0.820399
11481: 0.820415
11482: 0.82043
11483: 0.820446
11484: 0.820461
11485: 0.820477
11486: 0.820493
11487: 0.820508
11488: 0.820524
11489: 0.82054
11490: 0.820555
11491: 0.820571
11492: 0.820586
11493: 0.820602
11494: 0.820618
11495: 0.820546
11496: 0.820562
11497: 0.820577
11498: 0.820506
11499: 0.820435
11500: 0.820363
11501: 0.820379
11502: 0.820395
11503: 0.82041
11504: 0.820426
11505: 0.820442
11506: 0.82037
11507: 0.820299
11508: 0.820228
11509: 0.820243
11510: 0.820259
11511: 0.820274
11512: 0.82029
11513: 0.820306
11514: 0.820234
11515: 0.82025
11516: 0.820266
11517: 0.820194
11518: 0.820123
11519: 0.820139
11520: 0.820155
11521: 0.82017
11522: 0.820186
11523: 0.820201
11524: 0.82013
11525: 0.820059
11526: 0.820075
11527: 0.82009
11528: 0.820106
11529: 0.820035
11530: 0.819964
11531: 0.819979
11532: 0.819995
11533: 0.82001
11534: 0.820026
11535: 0.820042
11536: 0.819971
11537: 0.819899
11538: 0.819915
11539: 0.819931
11540: 0.819946
11541: 0.819962
11542: 0.819977
11543: 0.819993
11544: 0.819922
11545: 0.819938
11546: 0.819867
11547: 0.819882
11548: 0.819898
11549: 0.819913
11550: 0.819929
11551: 0.819945
11552: 0.81996
11553: 0.819976
11554: 0.819991
11555: 0.820007
11556: 0.820022
11557: 0.820038
11558: 0.819967
11559: 0.819983
11560: 0.819998
11561: 0.820014
11562: 0.820029
11563: 0.820045
11564: 0.820061
11565: 0.820076
11566: 0.820092
11567: 0.820107
11568: 0.820123
11569: 0.820138
11570: 0.820154
11571: 0.820169
11572: 0.820185
11573: 0.8202
11574: 0.820216
11575: 0.820232
11576: 0.820247
11577: 0.820263
11578: 0.820278
11579: 0.820294
11580: 0.820223
11581: 0.820152
11582: 0.820081
11583: 0.82001
11584: 0.81994
11585: 0.819955
11586: 0.819971
11587: 0.819986
11588: 0.820002
11589: 0.820017
11590: 0.820033
11591: 0.819962
11592: 0.819978
11593: 0.819993
11594: 0.820009
11595: 0.820024
11596: 0.82004
11597: 0.820055
11598: 0.820071
11599: 0.820086
11600: 0.820102
11601: 0.820117
11602: 0.820133
11603: 0.820148
11604: 0.820164
11605: 0.820179
11606: 0.820195
11607: 0.82021
11608: 0.820226
11609: 0.820241
11610: 0.820257
11611: 0.820272
11612: 0.820201
11613: 0.820217
11614: 0.820232
11615: 0.820248
11616: 0.820263
11617: 0.820279
11618: 0.820294
11619: 0.82031
11620: 0.820325
11621: 0.820341
11622: 0.820356
11623: 0.820372
11624: 0.820387
11625: 0.820403
11626: 0.820418
11627: 0.820433
11628: 0.820363
11629: 0.820378
11630: 0.820394
11631: 0.820409
11632: 0.820425
11633: 0.82044
11634: 0.820456
11635: 0.820385
11636: 0.8204
11637: 0.820416
11638: 0.820431
11639: 0.820447
11640: 0.820462
11641: 0.820478
11642: 0.820493
11643: 0.820508
11644: 0.820524
11645: 0.820539
11646: 0.820555
11647: 0.82057
11648: 0.8205
11649: 0.820515
11650: 0.82053
11651: 0.820546
11652: 0.820561
11653: 0.820577
11654: 0.820592
11655: 0.820607
11656: 0.820623
11657: 0.820638
11658: 0.820654
11659: 0.820583
11660: 0.820599
11661: 0.820614
11662: 0.820629
11663: 0.820645
11664: 0.82066
11665: 0.820675
11666: 0.820691
11667: 0.820706
11668: 0.820722
11669: 0.820737
11670: 0.820752
11671: 0.820768
11672: 0.820783
11673: 0.820713
11674: 0.820728
11675: 0.820743
11676: 0.820759
11677: 0.820774
11678: 0.820789
11679: 0.820805
11680: 0.82082
11681: 0.820835
11682: 0.820851
11683: 0.820866
11684: 0.820881
11685: 0.820897
11686: 0.820827
11687: 0.820756
11688: 0.820772
11689: 0.820787
11690: 0.820802
11691: 0.820818
11692: 0.820833
11693: 0.820848
11694: 0.820864
11695: 0.820879
11696: 0.820894
11697: 0.82091
11698: 0.820925
11699: 0.82094
11700: 0.820955
11701: 0.820971
11702: 0.820986
11703: 0.821001
11704: 0.821017
11705: 0.821032
11706: 0.820962
11707: 0.820977
11708: 0.820992
11709: 0.821008
11710: 0.821023
11711: 0.821038
11712: 0.821054
11713: 0.821069
11714: 0.821084
11715: 0.821099
11716: 0.821115
11717: 0.82113
11718: 0.821145
11719: 0.82116
11720: 0.821176
11721: 0.821191
11722: 0.821206
11723: 0.821221
11724: 0.821237
11725: 0.821252
11726: 0.821267
11727: 0.821282
11728: 0.821212
11729: 0.821228
11730: 0.821243
11731: 0.821173
11732: 0.821188
11733: 0.821203
11734: 0.821219
11735: 0.821234
11736: 0.821249
11737: 0.821264
11738: 0.821279
11739: 0.82121
11740: 0.821225
11741: 0.82124
11742: 0.821255
11743: 0.82127
11744: 0.821286
11745: 0.821301
11746: 0.821316
11747: 0.821331
11748: 0.821261
11749: 0.821191
11750: 0.821207
11751: 0.821222
11752: 0.821237
11753: 0.821252
11754: 0.821268
11755: 0.821283
11756: 0.821298
11757: 0.821313
11758: 0.821328
11759: 0.821344
11760: 0.821274
11761: 0.821289
11762: 0.821304
11763: 0.821319
11764: 0.821334
11765: 0.82135
11766: 0.821365
11767: 0.82138
11768: 0.821395
11769: 0.82141
11770: 0.821426
11771: 0.821441
11772: 0.821456
11773: 0.821471
11774: 0.821486
11775: 0.821501
11776: 0.821517
11777: 0.821532
11778: 0.821547
11779: 0.821562
11780: 0.821577
11781: 0.821507
11782: 0.821523
11783: 0.821538
11784: 0.821553
11785: 0.821568
11786: 0.821498
11787: 0.821513
11788: 0.821529
11789: 0.821544
11790: 0.821559
11791: 0.821574
11792: 0.821589
11793: 0.821604
11794: 0.821619
11795: 0.821634
11796: 0.82165
11797: 0.821665
11798: 0.82168
11799: 0.82161
11800: 0.821625
11801: 0.82164
11802: 0.821656
11803: 0.821671
11804: 0.821686
11805: 0.821701
11806: 0.821716
11807: 0.821731
11808: 0.821746
11809: 0.821761
11810: 0.821776
11811: 0.821791
11812: 0.821806
11813: 0.821737
11814: 0.821752
11815: 0.821767
11816: 0.821782
11817: 0.821797
11818: 0.821812
11819: 0.821827
11820: 0.821842
11821: 0.821858
11822: 0.821873
11823: 0.821888
11824: 0.821903
11825: 0.821918
11826: 0.821933
11827: 0.821948
11828: 0.821963
11829: 0.821978
11830: 0.821993
11831: 0.822008
11832: 0.822023
11833: 0.822038
11834: 0.822053
11835: 0.822068
11836: 0.822083
11837: 0.822098
11838: 0.822113
11839: 0.822128
11840: 0.822143
11841: 0.822158
11842: 0.822173
11843: 0.822188
11844: 0.822203
11845: 0.822218
11846: 0.822233
11847: 0.822248
11848: 0.822179
11849: 0.822194
11850: 0.822209
11851: 0.822224
11852: 0.822239
11853: 0.822254
11854: 0.822269
11855: 0.822284
11856: 0.822299
11857: 0.822314
11858: 0.822329
11859: 0.82226
11860: 0.82219
11861: 0.822205
11862: 0.82222
11863: 0.822235
11864: 0.822166
11865: 0.822181
11866: 0.822196
11867: 0.822211
11868: 0.822226
11869: 0.822241
11870: 0.822256
11871: 0.822271
11872: 0.822286
11873: 0.822301
11874: 0.822316
11875: 0.822247
11876: 0.822262
11877: 0.822276
11878: 0.822291
11879: 0.822306
11880: 0.822321
11881: 0.822336
11882: 0.822351
11883: 0.822282
11884: 0.822297
11885: 0.822312
11886: 0.822327
11887: 0.822342
11888: 0.822273
11889: 0.822204
11890: 0.822134
11891: 0.822149
11892: 0.822164
11893: 0.822179
11894: 0.822194
11895: 0.822209
11896: 0.822224
11897: 0.822239
11898: 0.822254
11899: 0.822269
11900: 0.822284
11901: 0.822299
11902: 0.822314
11903: 0.822329
11904: 0.822344
11905: 0.822358
11906: 0.822373
11907: 0.822388
11908: 0.822319
11909: 0.82225
11910: 0.822265
11911: 0.82228
11912: 0.822295
11913: 0.82231
11914: 0.822325
11915: 0.82234
11916: 0.822355
11917: 0.82237
11918: 0.822384
11919: 0.822399
11920: 0.822414
11921: 0.822429
11922: 0.822444
11923: 0.822459
11924: 0.82239
11925: 0.822405
11926: 0.82242
11927: 0.822435
11928: 0.822449
11929: 0.822464
11930: 0.822395
11931: 0.82241
11932: 0.822425
11933: 0.82244
11934: 0.822455
11935: 0.82247
11936: 0.822485
11937: 0.8225
11938: 0.822514
11939: 0.822529
11940: 0.82246
11941: 0.822475
11942: 0.82249
11943: 0.822505
11944: 0.82252
11945: 0.822535
11946: 0.822466
11947: 0.822481
11948: 0.822496
11949: 0.82251
11950: 0.822525
11951: 0.82254
11952: 0.822555
11953: 0.82257
11954: 0.822585
11955: 0.8226
11956: 0.822614
11957: 0.822629
11958: 0.822644
11959: 0.822659
11960: 0.82259
11961: 0.822605
11962: 0.82262
11963: 0.822635
11964: 0.822649
11965: 0.822664
11966: 0.822679
11967: 0.822694
11968: 0.822709
11969: 0.822723
11970: 0.822738
11971: 0.822753
11972: 0.822768
11973: 0.822699
11974: 0.822714
11975: 0.822729
11976: 0.822744
11977: 0.822675
11978: 0.822606
11979: 0.822538
11980: 0.822552
11981: 0.822567
11982: 0.822582
11983: 0.822597
11984: 0.822612
11985: 0.822626
11986: 0.822641
11987: 0.822573
11988: 0.822587
11989: 0.822519
11990: 0.822534
11991: 0.822548
11992: 0.822563
11993: 0.822495
11994: 0.822509
11995: 0.822524
11996: 0.822539
11997: 0.82247
11998: 0.822402
11999: 0.822417
12000: 0.822431
12001: 0.822446
12002: 0.822461
12003: 0.822476
12004: 0.822491
12005: 0.822505
12006: 0.82252
12007: 0.822535
12008: 0.82255
12009: 0.822565
12010: 0.822579
12011: 0.822594
12012: 0.822609
12013: 0.822624
12014: 0.822638
12015: 0.822653
12016: 0.822668
12017: 0.822683
12018: 0.822697
12019: 0.822712
12020: 0.822727
12021: 0.822742
12022: 0.822756
12023: 0.822771
12024: 0.822786
12025: 0.822801
12026: 0.822732
12027: 0.822664
12028: 0.822679
12029: 0.822693
12030: 0.822708
12031: 0.822723
12032: 0.822737
12033: 0.822752
12034: 0.822767
12035: 0.822782
12036: 0.822796
12037: 0.822811
12038: 0.822826
12039: 0.822757
12040: 0.822689
12041: 0.822704
12042: 0.822719
12043: 0.822733
12044: 0.822748
12045: 0.822763
12046: 0.822777
12047: 0.822792
12048: 0.822807
12049: 0.822739
12050: 0.82267
12051: 0.822602
12052: 0.822617
12053: 0.822549
12054: 0.822563
12055: 0.822578
12056: 0.822593
12057: 0.822607
12058: 0.822539
12059: 0.822471
12060: 0.822403
12061: 0.822418
12062: 0.822432
12063: 0.822447
12064: 0.822462
12065: 0.822394
12066: 0.822408
12067: 0.822423
12068: 0.822438
12069: 0.82237
12070: 0.822384
12071: 0.822399
12072: 0.822414
12073: 0.822428
12074: 0.822443
12075: 0.822458
12076: 0.822472
12077: 0.822487
12078: 0.822502
12079: 0.822517
12080: 0.822531
12081: 0.822546
12082: 0.822561
12083: 0.822575
12084: 0.82259
12085: 0.822605
12086: 0.822619
12087: 0.822634
12088: 0.822649
12089: 0.822663
12090: 0.822678
12091: 0.822693
12092: 0.822707
12093: 0.822722
12094: 0.822737
12095: 0.822751
12096: 0.822766
12097: 0.822781
12098: 0.822795
12099: 0.82281
12100: 0.822825
12101: 0.822839
12102: 0.822854
12103: 0.822868
12104: 0.822883
12105: 0.822898
12106: 0.822912
12107: 0.822927
12108: 0.822942
12109: 0.822874
12110: 0.822888
12111: 0.822903
12112: 0.822918
12113: 0.822932
12114: 0.822947
12115: 0.822961
12116: 0.822893
12117: 0.822908
12118: 0.822923
12119: 0.822855
12120: 0.822869
12121: 0.822884
12122: 0.822816
12123: 0.822748
12124: 0.82268
12125: 0.822695
12126: 0.82271
12127: 0.822724
12128: 0.822739
12129: 0.822754
12130: 0.822768
12131: 0.822783
12132: 0.822797
12133: 0.822812
12134: 0.822827
12135: 0.822759
12136: 0.822773
12137: 0.822706
12138: 0.82272
12139: 0.822735
12140: 0.822749
12141: 0.822764
12142: 0.822779
12143: 0.822793
12144: 0.822808
12145: 0.822822
12146: 0.822837
12147: 0.822851
12148: 0.822866
12149: 0.822881
12150: 0.822895
12151: 0.82291
12152: 0.822924
12153: 0.822857
12154: 0.822789
12155: 0.822721
12156: 0.822654
12157: 0.822668
12158: 0.822683
12159: 0.822697
12160: 0.822712
12161: 0.822727
12162: 0.822741
12163: 0.822756
12164: 0.82277
12165: 0.822785
12166: 0.822717
12167: 0.82265
12168: 0.822582
12169: 0.822514
12170: 0.822447
12171: 0.822379
12172: 0.822312
12173: 0.822326
12174: 0.822341
12175: 0.822355
12176: 0.82237
12177: 0.822385
12178: 0.822399
12179: 0.822414
12180: 0.822346
12181: 0.822279
12182: 0.822211
12183: 0.822144
12184: 0.822158
12185: 0.822173
12186: 0.822188
12187: 0.822202
12188: 0.822217
12189: 0.822231
12190: 0.822246
12191: 0.82226
12192: 0.822275
12193: 0.82229
12194: 0.822304
12195: 0.822319
12196: 0.822333
12197: 0.822348
12198: 0.822362
12199: 0.822377
12200: 0.822392
12201: 0.822406
12202: 0.822421
12203: 0.822435
12204: 0.82245
12205: 0.822464
12206: 0.822479
12207: 0.822493
12208: 0.822426
12209: 0.822359
12210: 0.822373
12211: 0.822388
12212: 0.822402
12213: 0.822417
12214: 0.82235
12215: 0.822364
12216: 0.822379
12217: 0.822311
12218: 0.822326
12219: 0.82234
12220: 0.822355
12221: 0.822369
12222: 0.822384
12223: 0.822399
12224: 0.822413
12225: 0.822428
12226: 0.822442
12227: 0.822457
12228: 0.822471
12229: 0.822486
12230: 0.8225
12231: 0.822515
12232: 0.822529
12233: 0.822544
12234: 0.822558
12235: 0.822573
12236: 0.822587
12237: 0.82252
12238: 0.822453
12239: 0.822467
12240: 0.822482
12241: 0.822496
12242: 0.822511
12243: 0.822525
12244: 0.82254
12245: 0.822554
12246: 0.822569
12247: 0.822583
12248: 0.822598
12249: 0.822612
12250: 0.822627
12251: 0.822641
12252: 0.822656
12253: 0.822589
12254: 0.822603
12255: 0.822617
12256: 0.822632
12257: 0.822646
12258: 0.822661
12259: 0.822675
12260: 0.82269
12261: 0.822704
12262: 0.822719
12263: 0.822733
12264: 0.822748
12265: 0.822762
12266: 0.822777
12267: 0.822791
12268: 0.822805
12269: 0.82282
12270: 0.822834
12271: 0.822849
12272: 0.822863
12273: 0.822878
12274: 0.822892
12275: 0.822906
12276: 0.822921
12277: 0.822935
12278: 0.82295
12279: 0.822883
12280: 0.822897
12281: 0.822912
12282: 0.822926
12283: 0.82294
12284: 0.822955
12285: 0.822969
12286: 0.822984
12287: 0.822917
12288: 0.822931
12289: 0.822945
12290: 0.82296
12291: 0.822974
12292: 0.822907
12293: 0.82284
12294: 0.822773
12295: 0.822788
12296: 0.822721
12297: 0.822735
12298: 0.82275
12299: 0.822764
12300: 0.822779
12301: 0.822793
12302: 0.822807
12303: 0.822741
12304: 0.822755
12305: 0.822688
12306: 0.822703
12307: 0.822717
12308: 0.822731
12309: 0.822746
12310: 0.82276
12311: 0.822775
12312: 0.822789
12313: 0.822803
12314: 0.822818
12315: 0.822751
12316: 0.822765
12317: 0.82278
12318: 0.822713
12319: 0.822727
12320: 0.822742
12321: 0.822756
12322: 0.82277
12323: 0.822785
12324: 0.822799
12325: 0.822814
12326: 0.822828
12327: 0.822842
12328: 0.822857
12329: 0.822871
12330: 0.822885
12331: 0.822819
12332: 0.822833
12333: 0.822847
12334: 0.822781
12335: 0.822795
12336: 0.822809
12337: 0.822824
12338: 0.822838
12339: 0.822853
12340: 0.822867
12341: 0.8228
12342: 0.822734
12343: 0.822748
12344: 0.822762
12345: 0.822696
12346: 0.822629
12347: 0.822643
12348: 0.822658
12349: 0.822672
12350: 0.822605
12351: 0.82262
12352: 0.822634
12353: 0.822649
12354: 0.822663
12355: 0.822677
12356: 0.822692
12357: 0.822706
12358: 0.822639
12359: 0.822654
12360: 0.822668
12361: 0.822682
12362: 0.822697
12363: 0.822711
12364: 0.822725
12365: 0.82274
12366: 0.822754
12367: 0.822768
12368: 0.822783
12369: 0.822797
12370: 0.822811
12371: 0.822826
12372: 0.82284
12373: 0.822854
12374: 0.822869
12375: 0.822802
12376: 0.822736
12377: 0.822669
12378: 0.822684
12379: 0.822698
12380: 0.822712
12381: 0.822727
12382: 0.822741
12383: 0.822674
12384: 0.822689
12385: 0.822703
12386: 0.822717
12387: 0.822732
12388: 0.822665
12389: 0.82268
12390: 0.822694
12391: 0.822708
12392: 0.822723
12393: 0.822737
12394: 0.822751
12395: 0.822765
12396: 0.82278
12397: 0.822794
12398: 0.822808
12399: 0.822823
12400: 0.822837
12401: 0.822851
12402: 0.822865
12403: 0.82288
12404: 0.822894
12405: 0.822908
12406: 0.822923
12407: 0.822937
12408: 0.822951
12409: 0.822965
12410: 0.82298
12411: 0.822994
12412: 0.823008
12413: 0.823022
12414: 0.823037
12415: 0.82297
12416: 0.822904
12417: 0.822918
12418: 0.822933
12419: 0.822947
12420: 0.822961
12421: 0.822975
12422: 0.82299
12423: 0.823004
12424: 0.823018
12425: 0.823032
12426: 0.823047
12427: 0.823061
12428: 0.823075
12429: 0.823089
12430: 0.823104
12431: 0.823118
12432: 0.823132
12433: 0.823146
12434: 0.82316
12435: 0.823175
12436: 0.823189
12437: 0.823203
12438: 0.823217
12439: 0.823232
12440: 0.823246
12441: 0.82326
12442: 0.823274
12443: 0.823208
12444: 0.823142
12445: 0.823156
12446: 0.82317
12447: 0.823184
12448: 0.823199
12449: 0.823213
12450: 0.823227
12451: 0.823241
12452: 0.823255
12453: 0.82327
12454: 0.823284
12455: 0.823298
12456: 0.823312
12457: 0.823326
12458: 0.82326
12459: 0.823194
12460: 0.823128
12461: 0.823062
12462: 0.823076
12463: 0.823091
12464: 0.823105
12465: 0.823119
12466: 0.823133
12467: 0.823147
12468: 0.823161
12469: 0.823176
12470: 0.82311
12471: 0.823124
12472: 0.823138
12473: 0.823152
12474: 0.823166
12475: 0.823181
12476: 0.823195
12477: 0.823209
12478: 0.823223
12479: 0.823237
12480: 0.823251
12481: 0.823266
12482: 0.82328
12483: 0.823294
12484: 0.823308
12485: 0.823322
12486: 0.823336
12487: 0.82327
12488: 0.823284
12489: 0.823299
12490: 0.823313
12491: 0.823327
12492: 0.823341
12493: 0.823355
12494: 0.823369
12495: 0.823383
12496: 0.823398
12497: 0.823412
12498: 0.823426
12499: 0.82336
12500: 0.823294
12501: 0.823308
12502: 0.823322
12503: 0.823337
12504: 0.823351
12505: 0.823365
12506: 0.823379
12507: 0.823393
12508: 0.823407
12509: 0.823421
12510: 0.823435
12511: 0.823449
12512: 0.823464
12513: 0.823478
12514: 0.823492
12515: 0.823506
12516: 0.82352
12517: 0.823534
12518: 0.823548
12519: 0.823562
12520: 0.823576
12521: 0.82359
12522: 0.823605
12523: 0.823619
12524: 0.823633
12525: 0.823567
12526: 0.823581
12527: 0.823595
12528: 0.823609
12529: 0.823543
12530: 0.823558
12531: 0.823572
12532: 0.823586
12533: 0.82352
12534: 0.823454
12535: 0.823468
12536: 0.823403
12537: 0.823337
12538: 0.823351
12539: 0.823365
12540: 0.823379
12541: 0.823393
12542: 0.823407
12543: 0.823422
12544: 0.823436
12545: 0.82345
12546: 0.823464
12547: 0.823478
12548: 0.823492
12549: 0.823506
12550: 0.82352
12551: 0.823534
12552: 0.823548
12553: 0.823562
12554: 0.823497
12555: 0.823511
12556: 0.823525
12557: 0.823539
12558: 0.823553
12559: 0.823567
12560: 0.823581
12561: 0.823595
12562: 0.823609
12563: 0.823623
12564: 0.823637
12565: 0.823572
12566: 0.823586
12567: 0.8236
12568: 0.823614
12569: 0.823548
12570: 0.823562
12571: 0.823576
12572: 0.82359
12573: 0.823604
12574: 0.823618
12575: 0.823632
12576: 0.823567
12577: 0.823581
12578: 0.823595
12579: 0.823609
12580: 0.823623
12581: 0.823637
12582: 0.823651
12583: 0.823665
12584: 0.823679
12585: 0.823693
12586: 0.823707
12587: 0.823721
12588: 0.823735
12589: 0.823749
12590: 0.823763
12591: 0.823698
12592: 0.823712
12593: 0.823726
12594: 0.82374
12595: 0.823754
12596: 0.823688
12597: 0.823702
12598: 0.823716
12599: 0.82373
12600: 0.823744
12601: 0.823758
12602: 0.823772
12603: 0.823786
12604: 0.8238
12605: 0.823814
12606: 0.823828
12607: 0.823842
12608: 0.823856
12609: 0.82387
12610: 0.823805
12611: 0.823819
12612: 0.823833
12613: 0.823847
12614: 0.82386
12615: 0.823874
12616: 0.823888
12617: 0.823902
12618: 0.823916
12619: 0.82393
12620: 0.823944
12621: 0.823958
12622: 0.823893
12623: 0.823828
12624: 0.823762
12625: 0.823776
12626: 0.82379
12627: 0.823804
12628: 0.823739
12629: 0.823674
12630: 0.823609
12631: 0.823623
12632: 0.823557
12633: 0.823571
12634: 0.823585
12635: 0.823599
12636: 0.823613
12637: 0.823627
12638: 0.823641
12639: 0.823576
12640: 0.82359
12641: 0.823604
12642: 0.823618
12643: 0.823553
12644: 0.823488
12645: 0.823502
12646: 0.823515
12647: 0.823529
12648: 0.823543
12649: 0.823478
12650: 0.823413
12651: 0.823348
12652: 0.823362
12653: 0.823376
12654: 0.82339
12655: 0.823404
12656: 0.823418
12657: 0.823432
12658: 0.823446
12659: 0.82346
12660: 0.823474
12661: 0.823488
12662: 0.823502
12663: 0.823515
12664: 0.823529
12665: 0.823543
12666: 0.823557
12667: 0.823571
12668: 0.823585
12669: 0.82352
12670: 0.823455
12671: 0.823469
12672: 0.823483
12673: 0.823497
12674: 0.823511
12675: 0.823525
12676: 0.823539
12677: 0.823474
12678: 0.823488
12679: 0.823502
12680: 0.823515
12681: 0.823451
12682: 0.823464
12683: 0.823478
12684: 0.823492
12685: 0.823506
12686: 0.82352
12687: 0.823534
12688: 0.823469
12689: 0.823483
12690: 0.823497
12691: 0.823511
12692: 0.823525
12693: 0.823539
12694: 0.823553
12695: 0.823566
12696: 0.82358
12697: 0.823594
12698: 0.823608
12699: 0.823622
12700: 0.823557
12701: 0.823492
12702: 0.823428
12703: 0.823441
12704: 0.823455
12705: 0.823469
12706: 0.823404
12707: 0.82334
12708: 0.823354
12709: 0.823289
12710: 0.823224
12711: 0.823238
12712: 0.823252
12713: 0.823187
12714: 0.823122
12715: 0.823136
12716: 0.823071
12717: 0.823007
12718: 0.822942
12719: 0.822956
12720: 0.822891
12721: 0.822827
12722: 0.822762
12723: 0.822697
12724: 0.822711
12725: 0.822647
12726: 0.82266
12727: 0.822674
12728: 0.822688
12729: 0.822702
12730: 0.822638
12731: 0.822652
12732: 0.822666
12733: 0.822679
12734: 0.822693
12735: 0.822707
12736: 0.822721
12737: 0.822735
12738: 0.822749
12739: 0.822763
12740: 0.822777
12741: 0.822712
12742: 0.822648
12743: 0.822583
12744: 0.822519
12745: 0.822533
12746: 0.822546
12747: 0.82256
12748: 0.822574
12749: 0.82251
12750: 0.822524
12751: 0.822459
12752: 0.822473
12753: 0.822487
12754: 0.822501
12755: 0.822515
12756: 0.822529
12757: 0.822464
12758: 0.822478
12759: 0.822492
12760: 0.822506
12761: 0.82252
12762: 0.822534
12763: 0.822548
12764: 0.822562
12765: 0.822497
12766: 0.822433
12767: 0.822447
12768: 0.822461
12769: 0.822475
12770: 0.822488
12771: 0.822502
12772: 0.822516
12773: 0.82253
12774: 0.822544
12775: 0.822558
12776: 0.822494
12777: 0.822507
12778: 0.822521
12779: 0.822535
12780: 0.822549
12781: 0.822563
12782: 0.822577
12783: 0.822591
12784: 0.822605
12785: 0.82254
12786: 0.822554
12787: 0.822568
12788: 0.822582
12789: 0.822596
12790: 0.82261
12791: 0.822624
12792: 0.822637
12793: 0.822651
12794: 0.822665
12795: 0.822679
12796: 0.822615
12797: 0.822629
12798: 0.822642
12799: 0.822656
12800: 0.82267
12801: 0.822684
12802: 0.822698
12803: 0.822712
12804: 0.822725
12805: 0.822739
12806: 0.822753
12807: 0.822767
12808: 0.822781
12809: 0.822795
12810: 0.822809
12811: 0.822744
12812: 0.82268
12813: 0.822616
12814: 0.822552
12815: 0.822488
12816: 0.822501
12817: 0.822515
12818: 0.822529
12819: 0.822543
12820: 0.822557
12821: 0.822571
12822: 0.822584
12823: 0.822598
12824: 0.822612
12825: 0.822626
12826: 0.822562
12827: 0.822498
12828: 0.822511
12829: 0.822525
12830: 0.822539
12831: 0.822553
12832: 0.822567
12833: 0.822581
12834: 0.822594
12835: 0.822608
12836: 0.822622
12837: 0.822636
12838: 0.82265
12839: 0.822664
12840: 0.822677
12841: 0.822691
12842: 0.822705
12843: 0.822719
12844: 0.822733
12845: 0.822746
12846: 0.82276
12847: 0.822774
12848: 0.822788
12849: 0.822802
12850: 0.822815
12851: 0.822829
12852: 0.822765
12853: 0.822701
12854: 0.822715
12855: 0.822729
12856: 0.822665
12857: 0.822678
12858: 0.822692
12859: 0.822706
12860: 0.82272
12861: 0.822734
12862: 0.822747
12863: 0.822761
12864: 0.822775
12865: 0.822789
12866: 0.822803
12867: 0.822739
12868: 0.822752
12869: 0.822766
12870: 0.82278
12871: 0.822794
12872: 0.822807
12873: 0.822821
12874: 0.822835
12875: 0.822849
12876: 0.822862
12877: 0.822876
12878: 0.822812
12879: 0.822748
12880: 0.822762
12881: 0.822776
12882: 0.82279
12883: 0.822803
12884: 0.822817
12885: 0.822831
12886: 0.822845
12887: 0.822858
12888: 0.822872
12889: 0.822886
12890: 0.822822
12891: 0.822758
12892: 0.822772
12893: 0.822786
12894: 0.8228
12895: 0.822813
12896: 0.822749
12897: 0.822686
12898: 0.822699
12899: 0.822713
12900: 0.822727
12901: 0.822741
12902: 0.822754
12903: 0.822768
12904: 0.822782
12905: 0.822796
12906: 0.822809
12907: 0.822823
12908: 0.822837
12909: 0.822851
12910: 0.822787
12911: 0.8228
12912: 0.822814
12913: 0.822751
12914: 0.822764
12915: 0.822778
12916: 0.822792
12917: 0.822805
12918: 0.822819
12919: 0.822833
12920: 0.822847
12921: 0.82286
12922: 0.822874
12923: 0.82281
12924: 0.822824
12925: 0.822838
12926: 0.822851
12927: 0.822865
12928: 0.822879
12929: 0.822892
12930: 0.822906
12931: 0.82292
12932: 0.822856
12933: 0.822793
12934: 0.822806
12935: 0.82282
12936: 0.822834
12937: 0.822847
12938: 0.822861
12939: 0.822875
12940: 0.822888
12941: 0.822902
12942: 0.822916
12943: 0.822852
12944: 0.822789
12945: 0.822802
12946: 0.822816
12947: 0.82283
12948: 0.822843
12949: 0.822857
12950: 0.822871
12951: 0.822884
12952: 0.822898
12953: 0.822835
12954: 0.822848
12955: 0.822862
12956: 0.822876
12957: 0.822889
12958: 0.822826
12959: 0.822762
12960: 0.822776
12961: 0.82279
12962: 0.822803
12963: 0.822817
12964: 0.822831
12965: 0.822844
12966: 0.822858
12967: 0.822872
12968: 0.822885
12969: 0.822822
12970: 0.822836
12971: 0.822849
12972: 0.822863
12973: 0.822877
12974: 0.82289
12975: 0.822904
12976: 0.82284
12977: 0.822854
12978: 0.822868
12979: 0.822881
12980: 0.822895
12981: 0.822832
12982: 0.822768
12983: 0.822705
12984: 0.822719
12985: 0.822732
12986: 0.822746
12987: 0.822759
12988: 0.822773
12989: 0.822787
12990: 0.8228
12991: 0.822814
12992: 0.822828
12993: 0.822841
12994: 0.822855
12995: 0.822869
12996: 0.822882
12997: 0.822896
12998: 0.822909
12999: 0.822923
13000: 0.822937
13001: 0.82295
13002: 0.822964
13003: 0.822978
13004: 0.822991
13005: 0.823005
13006: 0.823018
13007: 0.823032
13008: 0.823046
13009: 0.823059
13010: 0.823073
13011: 0.823086
13012: 0.8231
13013: 0.823114
13014: 0.823127
13015: 0.823141
13016: 0.823154
13017: 0.823168
13018: 0.823182
13019: 0.823195
13020: 0.823209
13021: 0.823222
13022: 0.823236
13023: 0.823249
13024: 0.823263
13025: 0.8232
13026: 0.823213
13027: 0.823227
13028: 0.82324
13029: 0.823254
13030: 0.823191
13031: 0.823204
13032: 0.823218
13033: 0.823232
13034: 0.823245
13035: 0.823259
13036: 0.823272
13037: 0.823286
13038: 0.823223
13039: 0.823236
13040: 0.82325
13041: 0.823263
13042: 0.823277
13043: 0.82329
13044: 0.823304
13045: 0.823317
13046: 0.823331
13047: 0.823345
13048: 0.823358
13049: 0.823372
13050: 0.823385
13051: 0.823399
13052: 0.823412
13053: 0.823426
13054: 0.823439
13055: 0.823453
13056: 0.823466
13057: 0.82348
13058: 0.823493
13059: 0.823507
13060: 0.82352
13061: 0.823534
13062: 0.823547
13063: 0.823561
13064: 0.823498
13065: 0.823511
13066: 0.823525
13067: 0.823538
13068: 0.823552
13069: 0.823565
13070: 0.823579
13071: 0.823592
13072: 0.823606
13073: 0.823619
13074: 0.823633
13075: 0.823646
13076: 0.82366
13077: 0.823673
13078: 0.823687
13079: 0.8237
13080: 0.823714
13081: 0.823727
13082: 0.823741
13083: 0.823754
13084: 0.823768
13085: 0.823781
13086: 0.823795
13087: 0.823808
13088: 0.823822
13089: 0.823835
13090: 0.823848
13091: 0.823862
13092: 0.823875
13093: 0.823889
13094: 0.823902
13095: 0.823916
13096: 0.823929
13097: 0.823943
13098: 0.82388
13099: 0.823817
13100: 0.82383
13101: 0.823844
13102: 0.823857
13103: 0.823871
13104: 0.823808
13105: 0.823745
13106: 0.823758
13107: 0.823772
13108: 0.823785
13109: 0.823799
13110: 0.823736
13111: 0.823673
13112: 0.823686
13113: 0.8237
13114: 0.823713
13115: 0.823727
13116: 0.82374
13117: 0.823754
13118: 0.823767
13119: 0.82378
13120: 0.823794
13121: 0.823807
13122: 0.823745
13123: 0.823682
13124: 0.823695
13125: 0.823709
13126: 0.823722
13127: 0.823659
13128: 0.823597
13129: 0.823534
13130: 0.823471
13131: 0.823408
13132: 0.823346
13133: 0.823283
13134: 0.823297
13135: 0.82331
13136: 0.823323
13137: 0.823337
13138: 0.82335
13139: 0.823364
13140: 0.823377
13141: 0.823391
13142: 0.823404
13143: 0.823418
13144: 0.823431
13145: 0.823444
13146: 0.823382
13147: 0.823319
13148: 0.823333
13149: 0.823346
13150: 0.823359
13151: 0.823373
13152: 0.823386
13153: 0.8234
13154: 0.823413
13155: 0.823427
13156: 0.82344
13157: 0.823453
13158: 0.823467
13159: 0.82348
13160: 0.823494
13161: 0.823507
13162: 0.82352
13163: 0.823534
13164: 0.823547
13165: 0.823561
13166: 0.823574
13167: 0.823512
13168: 0.823525
13169: 0.823538
13170: 0.823552
13171: 0.823565
13172: 0.823579
13173: 0.823592
13174: 0.823605
13175: 0.823619
13176: 0.823632
13177: 0.82357
13178: 0.823583
13179: 0.823596
13180: 0.82361
13181: 0.823623
13182: 0.823637
13183: 0.82365
13184: 0.823663
13185: 0.823677
13186: 0.82369
13187: 0.823703
13188: 0.823717
13189: 0.82373
13190: 0.823743
13191: 0.823757
13192: 0.82377
13193: 0.823784
13194: 0.823797
13195: 0.82381
13196: 0.823824
13197: 0.823837
13198: 0.82385
13199: 0.823864
13200: 0.823801
13201: 0.823739
13202: 0.823752
13203: 0.823766
13204: 0.823779
13205: 0.823792
13206: 0.823806
13207: 0.823819
13208: 0.823832
13209: 0.823846
13210: 0.823859
13211: 0.823872
13212: 0.823886
13213: 0.823899
13214: 0.823912
13215: 0.823926
13216: 0.823939
13217: 0.823952
13218: 0.823966
13219: 0.823979
13220: 0.823992
13221: 0.824005
13222: 0.824019
13223: 0.823956
13224: 0.82397
13225: 0.823983
13226: 0.823996
13227: 0.82401
13228: 0.824023
13229: 0.824036
13230: 0.823974
13231: 0.823987
13232: 0.824001
13233: 0.824014
13234: 0.823952
13235: 0.823965
13236: 0.823978
13237: 0.823992
13238: 0.824005
13239: 0.824018
13240: 0.823956
13241: 0.823894
13242: 0.823907
13243: 0.82392
13244: 0.823934
13245: 0.823947
13246: 0.82396
13247: 0.823973
13248: 0.823987
13249: 0.824
13250: 0.823938
13251: 0.823951
13252: 0.823964
13253: 0.823978
13254: 0.823991
13255: 0.824004
13256: 0.824018
13257: 0.824031
13258: 0.824044
13259: 0.824057
13260: 0.824071
13261: 0.824084
13262: 0.824097
13263: 0.82411
13264: 0.824124
13265: 0.824137
13266: 0.82415
13267: 0.824088
13268: 0.824026
13269: 0.824039
13270: 0.824052
13271: 0.824066
13272: 0.824079
13273: 0.824092
13274: 0.824105
13275: 0.824119
13276: 0.824132
13277: 0.824145
13278: 0.824158
13279: 0.824172
13280: 0.824185
13281: 0.824198
13282: 0.824211
13283: 0.824225
13284: 0.824238
13285: 0.824251
13286: 0.824264
13287: 0.824278
13288: 0.824291
13289: 0.824304
13290: 0.824317
13291: 0.82433
13292: 0.824344
13293: 0.824357
13294: 0.82437
13295: 0.824383
13296: 0.824396
13297: 0.82441
13298: 0.824423
13299: 0.824436
13300: 0.824449
13301: 0.824462
13302: 0.824476
13303: 0.824489
13304: 0.824502
13305: 0.824515
13306: 0.824528
13307: 0.824542
13308: 0.824555
13309: 0.824568
13310: 0.824581
13311: 0.824594
13312: 0.824532
13313: 0.82447
13314: 0.824484
13315: 0.824497
13316: 0.824435
13317: 0.824448
13318: 0.824461
13319: 0.824474
13320: 0.824488
13321: 0.824501
13322: 0.824514
13323: 0.824527
13324: 0.82454
13325: 0.824478
13326: 0.824492
13327: 0.824505
13328: 0.824518
13329: 0.824531
13330: 0.824544
13331: 0.824557
13332: 0.824496
13333: 0.824509
13334: 0.824522
13335: 0.824535
13336: 0.824548
13337: 0.824561
13338: 0.824575
13339: 0.824588
13340: 0.824601
13341: 0.824614
13342: 0.824627
13343: 0.82464
13344: 0.824653
13345: 0.824667
13346: 0.82468
13347: 0.824693
13348: 0.824706
13349: 0.824719
13350: 0.824732
13351: 0.824745
13352: 0.824758
13353: 0.824697
13354: 0.824635
13355: 0.824648
13356: 0.824661
13357: 0.824674
13358: 0.824687
13359: 0.824701
13360: 0.824714
13361: 0.824727
13362: 0.82474
13363: 0.824753
13364: 0.824766
13365: 0.824779
13366: 0.824718
13367: 0.824656
13368: 0.824669
13369: 0.824682
13370: 0.824695
13371: 0.824708
13372: 0.824721
13373: 0.82466
13374: 0.824673
13375: 0.824686
13376: 0.824699
13377: 0.824712
13378: 0.824725
13379: 0.824738
13380: 0.824752
13381: 0.824765
13382: 0.824778
13383: 0.824791
13384: 0.824804
13385: 0.824742
13386: 0.824755
13387: 0.824768
13388: 0.824782
13389: 0.824795
13390: 0.824808
13391: 0.824821
13392: 0.824834
13393: 0.824847
13394: 0.82486
13395: 0.824873
13396: 0.824886
13397: 0.824899
13398: 0.824838
13399: 0.824851
13400: 0.824864
13401: 0.824877
13402: 0.82489
13403: 0.824903
13404: 0.824841
13405: 0.824855
13406: 0.824868
13407: 0.824806
13408: 0.824819
13409: 0.824832
13410: 0.824845
13411: 0.824858
13412: 0.824871
13413: 0.824884
13414: 0.824898
13415: 0.824911
13416: 0.824924
13417: 0.824937
13418: 0.824875
13419: 0.824814
13420: 0.824752
13421: 0.824691
13422: 0.824704
13423: 0.824717
13424: 0.82473
13425: 0.824669
13426: 0.824607
13427: 0.82462
13428: 0.824633
13429: 0.824646
13430: 0.824659
13431: 0.824598
13432: 0.824537
13433: 0.82455
13434: 0.824563
13435: 0.824576
13436: 0.824514
13437: 0.824527
13438: 0.824541
13439: 0.824554
13440: 0.824567
13441: 0.824505
13442: 0.824444
13443: 0.824383
13444: 0.824396
13445: 0.824409
13446: 0.824422
13447: 0.824435
13448: 0.824448
13449: 0.824461
13450: 0.824474
13451: 0.824487
13452: 0.8245
13453: 0.824513
13454: 0.824526
13455: 0.824465
13456: 0.824404
13457: 0.824417
13458: 0.824355
13459: 0.824294
13460: 0.824233
13461: 0.824172
13462: 0.824185
13463: 0.824198
13464: 0.824211
13465: 0.824224
13466: 0.824237
13467: 0.82425
13468: 0.824263
13469: 0.824276
13470: 0.824289
13471: 0.824302
13472: 0.824315
13473: 0.824328
13474: 0.824341
13475: 0.824354
13476: 0.824367
13477: 0.82438
13478: 0.824394
13479: 0.824407
13480: 0.82442
13481: 0.824433
13482: 0.824446
13483: 0.824459
13484: 0.824472
13485: 0.824485
13486: 0.824498
13487: 0.824511
13488: 0.824524
13489: 0.824537
13490: 0.82455
13491: 0.824563
13492: 0.824576
13493: 0.824515
13494: 0.824528
13495: 0.824541
13496: 0.824554
13497: 0.824493
13498: 0.824431
13499: 0.824444
13500: 0.824457
13501: 0.82447
13502: 0.824483
13503: 0.824496
13504: 0.824509
13505: 0.824522
13506: 0.824535
13507: 0.824548
13508: 0.824487
13509: 0.824426
13510: 0.824439
13511: 0.824452
13512: 0.824465
13513: 0.824478
13514: 0.824491
13515: 0.82443
13516: 0.824443
13517: 0.824456
13518: 0.824469
13519: 0.824482
13520: 0.824495
13521: 0.824508
13522: 0.824521
13523: 0.824534
13524: 0.824547
13525: 0.82456
13526: 0.824573
13527: 0.824586
13528: 0.824599
13529: 0.824612
13530: 0.824551
13531: 0.82449
13532: 0.824429
13533: 0.824442
13534: 0.824455
13535: 0.824468
13536: 0.824407
13537: 0.824346
13538: 0.824359
13539: 0.824372
13540: 0.824385
13541: 0.824398
13542: 0.824411
13543: 0.824424
13544: 0.824437
13545: 0.82445
13546: 0.824463
13547: 0.824476
13548: 0.824489
13549: 0.824428
13550: 0.824441
13551: 0.82438
13552: 0.824319
13553: 0.824259
13554: 0.824271
13555: 0.824284
13556: 0.824297
13557: 0.82431
13558: 0.824323
13559: 0.824336
13560: 0.824349
13561: 0.824362
13562: 0.824375
13563: 0.824388
13564: 0.824401
13565: 0.824414
13566: 0.824427
13567: 0.82444
13568: 0.824453
13569: 0.824466
13570: 0.824479
13571: 0.824492
13572: 0.824505
13573: 0.824517
13574: 0.82453
13575: 0.824543
13576: 0.824556
13577: 0.824569
13578: 0.824508
13579: 0.824521
13580: 0.824534
13581: 0.824547
13582: 0.824486
13583: 0.824426
13584: 0.824439
13585: 0.824452
13586: 0.824391
13587: 0.824404
13588: 0.824417
13589: 0.82443
13590: 0.824443
13591: 0.824456
13592: 0.824468
13593: 0.824408
13594: 0.824347
13595: 0.824287
13596: 0.824226
13597: 0.824239
13598: 0.824252
13599: 0.824265
13600: 0.824278
13601: 0.824291
13602: 0.824303
13603: 0.824316
13604: 0.824329
13605: 0.824342
13606: 0.824355
13607: 0.824368
13608: 0.824381
13609: 0.824394
13610: 0.824407
13611: 0.82442
13612: 0.824433
13613: 0.824445
13614: 0.824458
13615: 0.824471
13616: 0.824484
13617: 0.824497
13618: 0.82451
13619: 0.824523
13620: 0.824536
13621: 0.824549
13622: 0.824561
13623: 0.824574
13624: 0.824587
13625: 0.8246
13626: 0.82454
13627: 0.824479
13628: 0.824419
13629: 0.824431
13630: 0.824444
13631: 0.824457
13632: 0.824397
13633: 0.82441
13634: 0.824422
13635: 0.824435
13636: 0.824448
13637: 0.824461
13638: 0.824474
13639: 0.824487
13640: 0.8245
13641: 0.824513
13642: 0.824525
13643: 0.824465
13644: 0.824405
13645: 0.824417
13646: 0.82443
13647: 0.824443
13648: 0.824456
13649: 0.824469
13650: 0.824482
13651: 0.824495
13652: 0.824507
13653: 0.82452
13654: 0.824533
13655: 0.824473
13656: 0.824412
13657: 0.824352
13658: 0.824292
13659: 0.824305
13660: 0.824317
13661: 0.82433
13662: 0.824343
13663: 0.824356
13664: 0.824296
13665: 0.824309
13666: 0.824321
13667: 0.824334
13668: 0.824347
13669: 0.82436
13670: 0.824373
13671: 0.824386
13672: 0.824398
13673: 0.824338
13674: 0.824351
13675: 0.824291
13676: 0.82423
13677: 0.824243
13678: 0.824256
13679: 0.824269
13680: 0.824282
13681: 0.824295
13682: 0.824308
13683: 0.82432
13684: 0.824333
13685: 0.824346
13686: 0.824359
13687: 0.824372
13688: 0.824385
13689: 0.824397
13690: 0.82441
13691: 0.824423
13692: 0.824436
13693: 0.824449
13694: 0.824461
13695: 0.824474
13696: 0.824487
13697: 0.8245
13698: 0.82444
13699: 0.82438
13700: 0.824392
13701: 0.824405
13702: 0.824418
13703: 0.824431
13704: 0.824444
13705: 0.824456
13706: 0.824469
13707: 0.824482
13708: 0.824495
13709: 0.824508
13710: 0.82452
13711: 0.824533
13712: 0.824546
13713: 0.824559
13714: 0.824572
13715: 0.824584
13716: 0.824597
13717: 0.82461
13718: 0.824623
13719: 0.824563
13720: 0.824503
13721: 0.824515
13722: 0.824528
13723: 0.824541
13724: 0.824554
13725: 0.824567
13726: 0.824579
13727: 0.824592
13728: 0.824532
13729: 0.824472
13730: 0.824412
13731: 0.824352
13732: 0.824365
13733: 0.824377
13734: 0.82439
13735: 0.824403
13736: 0.824416
13737: 0.824429
13738: 0.824441
13739: 0.824454
13740: 0.824467
13741: 0.82448
13742: 0.824492
13743: 0.824505
13744: 0.824518
13745: 0.824531
13746: 0.824544
13747: 0.824556
13748: 0.824569
13749: 0.824582
13750: 0.824595
13751: 0.824607
13752: 0.82462
13753: 0.824633
13754: 0.824573
13755: 0.824586
13756: 0.824598
13757: 0.824611
13758: 0.824624
13759: 0.824637
13760: 0.824649
13761: 0.824662
13762: 0.824602
13763: 0.824542
13764: 0.824482
13765: 0.824422
13766: 0.824435
13767: 0.824448
13768: 0.824461
13769: 0.824473
13770: 0.824486
13771: 0.824499
13772: 0.824512
13773: 0.824524
13774: 0.824537
13775: 0.824477
13776: 0.82449
13777: 0.824503
13778: 0.824516
13779: 0.824528
13780: 0.824541
13781: 0.824554
13782: 0.824566
13783: 0.824579
13784: 0.824592
13785: 0.824605
13786: 0.824617
13787: 0.82463
13788: 0.824643
13789: 0.824656
13790: 0.824596
13791: 0.824536
13792: 0.824549
13793: 0.824561
13794: 0.824574
13795: 0.824587
13796: 0.8246
13797: 0.824612
13798: 0.824553
13799: 0.824493
13800: 0.824433
13801: 0.824446
13802: 0.824458
13803: 0.824471
13804: 0.824484
13805: 0.824497
13806: 0.824509
13807: 0.824522
13808: 0.824535
13809: 0.824547
13810: 0.82456
13811: 0.824573
13812: 0.824586
13813: 0.824598
13814: 0.824611
13815: 0.824624
13816: 0.824636
13817: 0.824577
13818: 0.824517
13819: 0.82453
13820: 0.824542
13821: 0.824483
13822: 0.824495
13823: 0.824508
13824: 0.824521
13825: 0.824533
13826: 0.824546
13827: 0.824559
13828: 0.824572
13829: 0.824584
13830: 0.824597
13831: 0.82461
13832: 0.824622
13833: 0.824635
13834: 0.824575
13835: 0.824516
13836: 0.824528
13837: 0.824541
13838: 0.824554
13839: 0.824566
13840: 0.824579
13841: 0.824592
13842: 0.824604
13843: 0.824617
13844: 0.82463
13845: 0.824642
13846: 0.824655
13847: 0.824668
13848: 0.82468
13849: 0.824693
13850: 0.824634
13851: 0.824646
13852: 0.824659
13853: 0.824599
13854: 0.824612
13855: 0.824625
13856: 0.824637
13857: 0.82465
13858: 0.824663
13859: 0.824603
13860: 0.824616
13861: 0.824628
13862: 0.824641
13863: 0.824654
13864: 0.824666
13865: 0.824607
13866: 0.824547
13867: 0.824488
13868: 0.824501
13869: 0.824513
13870: 0.824526
13871: 0.824539
13872: 0.824551
13873: 0.824492
13874: 0.824432
13875: 0.824373
13876: 0.824386
13877: 0.824398
13878: 0.824411
13879: 0.824424
13880: 0.824436
13881: 0.824449
13882: 0.82439
13883: 0.82433
13884: 0.824271
13885: 0.824283
13886: 0.824296
13887: 0.824309
13888: 0.824321
13889: 0.824334
13890: 0.824275
13891: 0.824287
13892: 0.8243
13893: 0.824313
13894: 0.824325
13895: 0.824338
13896: 0.824351
13897: 0.824363
13898: 0.824376
13899: 0.824317
13900: 0.824329
13901: 0.824342
13902: 0.824354
13903: 0.824367
13904: 0.824308
13905: 0.82432
13906: 0.824333
13907: 0.824346
13908: 0.824358
13909: 0.824371
13910: 0.824384
13911: 0.824396
13912: 0.824337
13913: 0.824278
13914: 0.824218
13915: 0.824231
13916: 0.824244
13917: 0.824256
13918: 0.824269
13919: 0.82421
13920: 0.824151
13921: 0.824163
13922: 0.824176
13923: 0.824117
13924: 0.824057
13925: 0.82407
13926: 0.824083
13927: 0.824095
13928: 0.824108
13929: 0.824049
13930: 0.824061
13931: 0.824074
13932: 0.824087
13933: 0.824099
13934: 0.824112
13935: 0.824125
13936: 0.824137
13937: 0.82415
13938: 0.824162
13939: 0.824175
13940: 0.824188
13941: 0.8242
13942: 0.824213
13943: 0.824154
13944: 0.824095
13945: 0.824036
13946: 0.823976
13947: 0.823917
13948: 0.82393
13949: 0.823943
13950: 0.823955
13951: 0.823968
13952: 0.823981
13953: 0.823993
13954: 0.824006
13955: 0.824018
13956: 0.824031
13957: 0.824044
13958: 0.824056
13959: 0.823997
13960: 0.823938
13961: 0.823951
13962: 0.823963
13963: 0.823976
13964: 0.823989
13965: 0.824001
13966: 0.824014
13967: 0.824026
13968: 0.824039
13969: 0.824052
13970: 0.824064
13971: 0.824077
13972: 0.824089
13973: 0.824102
13974: 0.824114
13975: 0.824127
13976: 0.82414
13977: 0.824152
13978: 0.824165
13979: 0.824177
13980: 0.82419
13981: 0.824203
13982: 0.824144
13983: 0.824085
13984: 0.824097
13985: 0.82411
13986: 0.824122
13987: 0.824063
13988: 0.824005
13989: 0.824017
13990: 0.82403
13991: 0.824042
13992: 0.824055
13993: 0.824067
13994: 0.824009
13995: 0.82395
13996: 0.823891
13997: 0.823903
13998: 0.823916
13999: 0.823929
14000: 0.823941
14001: 0.823954
14002: 0.823966
14003: 0.823979
14004: 0.823991
14005: 0.824004
14006: 0.824017
14007: 0.824029
14008: 0.824042
14009: 0.824054
14010: 0.823995
14011: 0.824008
14012: 0.824021
14013: 0.824033
14014: 0.824046
14015: 0.824058
14016: 0.824071
14017: 0.824083
14018: 0.824096
14019: 0.824108
14020: 0.824121
14021: 0.824134
14022: 0.824146
14023: 0.824159
14024: 0.824171
14025: 0.824184
14026: 0.824196
14027: 0.824209
14028: 0.824221
14029: 0.824234
14030: 0.824246
14031: 0.824259
14032: 0.8242
14033: 0.824141
14034: 0.824083
14035: 0.824095
14036: 0.824108
14037: 0.82412
14038: 0.824133
14039: 0.824074
14040: 0.824087
14041: 0.824099
14042: 0.824112
14043: 0.824124
14044: 0.824137
14045: 0.824078
14046: 0.824019
14047: 0.823961
14048: 0.823973
14049: 0.823986
14050: 0.823998
14051: 0.824011
14052: 0.823952
14053: 0.823965
14054: 0.823977
14055: 0.82399
14056: 0.824002
14057: 0.824015
14058: 0.824027
14059: 0.82404
14060: 0.824052
14061: 0.824065
14062: 0.824077
14063: 0.824019
14064: 0.82396
14065: 0.823973
14066: 0.823914
14067: 0.823927
14068: 0.823939
14069: 0.823952
14070: 0.823964
14071: 0.823906
14072: 0.823918
14073: 0.823931
14074: 0.823943
14075: 0.823956
14076: 0.823968
14077: 0.823981
14078: 0.823993
14079: 0.824006
14080: 0.824018
14081: 0.824031
14082: 0.824043
14083: 0.824056
14084: 0.824068
14085: 0.824081
14086: 0.824022
14087: 0.823964
14088: 0.823976
14089: 0.823989
14090: 0.824001
14091: 0.824014
14092: 0.824026
14093: 0.824039
14094: 0.824051
14095: 0.824064
14096: 0.824076
14097: 0.824089
14098: 0.824101
14099: 0.824113
14100: 0.824126
14101: 0.824138
14102: 0.824151
14103: 0.824163
14104: 0.824176
14105: 0.824188
14106: 0.82413
14107: 0.824142
14108: 0.824155
14109: 0.824167
14110: 0.82418
14111: 0.824192
14112: 0.824205
14113: 0.824217
14114: 0.82423
14115: 0.824242
14116: 0.824254
14117: 0.824267
14118: 0.824279
14119: 0.824292
14120: 0.824304
14121: 0.824317
14122: 0.824329
14123: 0.824342
14124: 0.824354
14125: 0.824366
14126: 0.824379
14127: 0.824391
14128: 0.824404
14129: 0.824416
14130: 0.824358
14131: 0.824299
14132: 0.824312
14133: 0.824324
14134: 0.824266
14135: 0.824278
14136: 0.824291
14137: 0.824303
14138: 0.824316
14139: 0.824328
14140: 0.82427
14141: 0.824282
14142: 0.824224
14143: 0.824166
14144: 0.824107
14145: 0.824049
14146: 0.823991
14147: 0.824003
14148: 0.824016
14149: 0.824028
14150: 0.824041
14151: 0.823982
14152: 0.823995
14153: 0.824007
14154: 0.823949
14155: 0.823891
14156: 0.823833
14157: 0.823845
14158: 0.823858
14159: 0.82387
14160: 0.823882
14161: 0.823895
14162: 0.823907
14163: 0.82392
14164: 0.823932
14165: 0.823945
14166: 0.823957
14167: 0.82397
14168: 0.823982
14169: 0.823994
14170: 0.824007
14171: 0.824019
14172: 0.824032
14173: 0.823973
14174: 0.823915
14175: 0.823857
14176: 0.823799
14177: 0.823812
14178: 0.823824
14179: 0.823836
14180: 0.823778
14181: 0.823791
14182: 0.823803
14183: 0.823816
14184: 0.823828
14185: 0.82384
14186: 0.823853
14187: 0.823865
14188: 0.823878
14189: 0.82389
14190: 0.823902
14191: 0.823844
14192: 0.823857
14193: 0.823799
14194: 0.823741
14195: 0.823753
14196: 0.823766
14197: 0.823778
14198: 0.82379
14199: 0.823803
14200: 0.823815
14201: 0.823828
14202: 0.82384
14203: 0.823852
14204: 0.823865
14205: 0.823877
14206: 0.82389
14207: 0.823902
14208: 0.823914
14209: 0.823927
14210: 0.823939
14211: 0.823952
14212: 0.823894
14213: 0.823836
14214: 0.823848
14215: 0.82386
14216: 0.823873
14217: 0.823885
14218: 0.823827
14219: 0.82384
14220: 0.823852
14221: 0.823864
14222: 0.823877
14223: 0.823889
14224: 0.823902
14225: 0.823914
14226: 0.823856
14227: 0.823798
14228: 0.823811
14229: 0.823823
14230: 0.823765
14231: 0.823777
14232: 0.82379
14233: 0.823732
14234: 0.823744
14235: 0.823757
14236: 0.823769
14237: 0.823781
14238: 0.823794
14239: 0.823806
14240: 0.823819
14241: 0.823831
14242: 0.823843
14243: 0.823856
14244: 0.823868
14245: 0.82388
14246: 0.823893
14247: 0.823905
14248: 0.823917
14249: 0.82386
14250: 0.823872
14251: 0.823884
14252: 0.823827
14253: 0.823839
14254: 0.823851
14255: 0.823864
14256: 0.823876
14257: 0.823888
14258: 0.823901
14259: 0.823913
14260: 0.823925
14261: 0.823938
14262: 0.82395
14263: 0.823962
14264: 0.823975
14265: 0.823917
14266: 0.823929
14267: 0.823872
14268: 0.823814
14269: 0.823826
14270: 0.823839
14271: 0.823781
14272: 0.823793
14273: 0.823806
14274: 0.823818
14275: 0.82376
14276: 0.823702
14277: 0.823715
14278: 0.823727
14279: 0.823739
14280: 0.823752
14281: 0.823764
14282: 0.823777
14283: 0.823789
14284: 0.823801
14285: 0.823814
14286: 0.823826
14287: 0.823838
14288: 0.823781
14289: 0.823723
14290: 0.823665
14291: 0.823608
14292: 0.82362
14293: 0.823632
14294: 0.823645
14295: 0.823657
14296: 0.823669
14297: 0.823682
14298: 0.823694
14299: 0.823636
14300: 0.823649
14301: 0.823661
14302: 0.823673
14303: 0.823686
14304: 0.823698
14305: 0.82371
14306: 0.823723
14307: 0.823735
14308: 0.823747
14309: 0.82376
14310: 0.823772
14311: 0.823784
14312: 0.823727
14313: 0.823669
14314: 0.823681
14315: 0.823624
14316: 0.823636
14317: 0.823649
14318: 0.823661
14319: 0.823673
14320: 0.823685
14321: 0.823698
14322: 0.82364
14323: 0.823583
14324: 0.823595
14325: 0.823607
14326: 0.82362
14327: 0.823632
14328: 0.823644
14329: 0.823657
14330: 0.823599
14331: 0.823542
14332: 0.823484
14333: 0.823497
14334: 0.823509
14335: 0.823521
14336: 0.823534
14337: 0.823546
14338: 0.823558
14339: 0.82357
14340: 0.823583
14341: 0.823525
14342: 0.823468
14343: 0.82348
14344: 0.823493
14345: 0.823435
14346: 0.823447
14347: 0.82346
14348: 0.823472
14349: 0.823484
14350: 0.823497
14351: 0.823509
14352: 0.823452
14353: 0.823464
14354: 0.823476
14355: 0.823488
14356: 0.823501
14357: 0.823513
14358: 0.823525
14359: 0.823538
14360: 0.82348
14361: 0.823493
14362: 0.823505
14363: 0.823517
14364: 0.823529
14365: 0.823542
14366: 0.823554
14367: 0.823566
14368: 0.823579
14369: 0.823591
14370: 0.823603
14371: 0.823615
14372: 0.823628
14373: 0.82364
14374: 0.823652
14375: 0.823664
14376: 0.823677
14377: 0.823689
14378: 0.823632
14379: 0.823644
14380: 0.823656
14381: 0.823668
14382: 0.823681
14383: 0.823693
14384: 0.823705
14385: 0.823718
14386: 0.82373
14387: 0.823742
14388: 0.823754
14389: 0.823767
14390: 0.823779
14391: 0.823791
14392: 0.823803
14393: 0.823815
14394: 0.823828
14395: 0.82384
14396: 0.823852
14397: 0.823864
14398: 0.823877
14399: 0.823889
14400: 0.823901
14401: 0.823913
14402: 0.823926
14403: 0.823938
14404: 0.82395
14405: 0.823962
14406: 0.823974
14407: 0.823987
14408: 0.823999
14409: 0.824011
14410: 0.824023
14411: 0.824036
14412: 0.824048
14413: 0.823991
14414: 0.824003
14415: 0.824015
14416: 0.824027
14417: 0.824039
14418: 0.824052
14419: 0.824064
14420: 0.824076
14421: 0.824088
14422: 0.8241
14423: 0.824113
14424: 0.824055
14425: 0.824068
14426: 0.824011
14427: 0.824023
14428: 0.824035
14429: 0.824047
14430: 0.824059
14431: 0.824072
14432: 0.824084
14433: 0.824096
14434: 0.824108
14435: 0.82412
14436: 0.824132
14437: 0.824145
14438: 0.824157
14439: 0.824169
14440: 0.824181
14441: 0.824193
14442: 0.824205
14443: 0.824148
14444: 0.824091
14445: 0.824104
14446: 0.824116
14447: 0.824128
14448: 0.82414
14449: 0.824152
14450: 0.824164
14451: 0.824177
14452: 0.82412
14453: 0.824063
14454: 0.824006
14455: 0.823949
14456: 0.823961
14457: 0.823973
14458: 0.823916
14459: 0.823859
14460: 0.823802
14461: 0.823814
14462: 0.823826
14463: 0.823769
14464: 0.823782
14465: 0.823794
14466: 0.823806
14467: 0.823749
14468: 0.823761
14469: 0.823773
14470: 0.823786
14471: 0.823798
14472: 0.82381
14473: 0.823822
14474: 0.823765
14475: 0.823777
14476: 0.82372
14477: 0.823663
14478: 0.823607
14479: 0.82355
14480: 0.823493
14481: 0.823436
14482: 0.823448
14483: 0.82346
14484: 0.823473
14485: 0.823485
14486: 0.823497
14487: 0.823509
14488: 0.823521
14489: 0.823533
14490: 0.823477
14491: 0.823489
14492: 0.823501
14493: 0.823513
14494: 0.823525
14495: 0.823538
14496: 0.82355
14497: 0.823562
14498: 0.823574
14499: 0.823586
14500: 0.823529
14501: 0.823473
14502: 0.823485
14503: 0.823497
14504: 0.823509
14505: 0.823521
14506: 0.823533
14507: 0.823546
14508: 0.823489
14509: 0.823432
14510: 0.823444
14511: 0.823456
14512: 0.8234
14513: 0.823343
14514: 0.823355
14515: 0.823367
14516: 0.823379
14517: 0.823392
14518: 0.823404
14519: 0.823416
14520: 0.823428
14521: 0.82344
14522: 0.823452
14523: 0.823465
14524: 0.823477
14525: 0.823489
14526: 0.823432
14527: 0.823376
14528: 0.823319
14529: 0.823262
14530: 0.823274
14531: 0.823287
14532: 0.82323
14533: 0.823173
14534: 0.823185
14535: 0.823198
14536: 0.82321
14537: 0.823222
14538: 0.823234
14539: 0.823246
14540: 0.823258
14541: 0.823202
14542: 0.823145
14543: 0.823089
14544: 0.823101
14545: 0.823113
14546: 0.823125
14547: 0.823137
14548: 0.823149
14549: 0.823093
14550: 0.823105
14551: 0.823117
14552: 0.823129
14553: 0.823141
14554: 0.823154
14555: 0.823166
14556: 0.823109
14557: 0.823053
14558: 0.823065
14559: 0.823077
14560: 0.823089
14561: 0.823101
14562: 0.823113
14563: 0.823126
14564: 0.823138
14565: 0.82315
14566: 0.823162
14567: 0.823174
14568: 0.823186
14569: 0.823198
14570: 0.823142
14571: 0.823085
14572: 0.823098
14573: 0.82311
14574: 0.823122
14575: 0.823134
14576: 0.823146
14577: 0.82309
14578: 0.823033
14579: 0.822977
14580: 0.822989
14581: 0.823001
14582: 0.823013
14583: 0.823025
14584: 0.823037
14585: 0.823049
14586: 0.822993
14587: 0.822937
14588: 0.82288
14589: 0.822824
14590: 0.822767
14591: 0.822711
14592: 0.822723
14593: 0.822735
14594: 0.822748
14595: 0.822691
14596: 0.822703
14597: 0.822715
14598: 0.822728
14599: 0.82274
14600: 0.822752
14601: 0.822764
14602: 0.822776
14603: 0.822788
14604: 0.822732
14605: 0.822676
14606: 0.822619
14607: 0.822563
14608: 0.822575
14609: 0.822587
14610: 0.822599
14611: 0.822543
14612: 0.822487
14613: 0.822431
14614: 0.822443
14615: 0.822386
14616: 0.82233
14617: 0.822274
14618: 0.822286
14619: 0.822298
14620: 0.82231
14621: 0.822323
14622: 0.822266
14623: 0.822278
14624: 0.822291
14625: 0.822303
14626: 0.822315
14627: 0.822327
14628: 0.822339
14629: 0.822351
14630: 0.822363
14631: 0.822376
14632: 0.822388
14633: 0.8224
14634: 0.822412
14635: 0.822356
14636: 0.822368
14637: 0.82238
14638: 0.822392
14639: 0.822404
14640: 0.822417
14641: 0.822429
14642: 0.822441
14643: 0.822453
14644: 0.822465
14645: 0.822477
14646: 0.822489
14647: 0.822501
14648: 0.822513
14649: 0.822526
14650: 0.822538
14651: 0.82255
14652: 0.822562
14653: 0.822574
14654: 0.822518
14655: 0.822462
14656: 0.822474
14657: 0.822486
14658: 0.822498
14659: 0.82251
14660: 0.822522
14661: 0.822534
14662: 0.822547
14663: 0.822559
14664: 0.822571
14665: 0.822583
14666: 0.822595
14667: 0.822539
14668: 0.822483
14669: 0.822427
14670: 0.822371
14671: 0.822383
14672: 0.822395
14673: 0.822407
14674: 0.822351
14675: 0.822363
14676: 0.822375
14677: 0.822387
14678: 0.822399
14679: 0.822411
14680: 0.822424
14681: 0.822436
14682: 0.822448
14683: 0.82246
14684: 0.822472
14685: 0.822484
14686: 0.822496
14687: 0.822508
14688: 0.82252
14689: 0.822532
14690: 0.822544
14691: 0.822556
14692: 0.822569
14693: 0.822581
14694: 0.822593
14695: 0.822605
14696: 0.822617
14697: 0.822629
14698: 0.822641
14699: 0.822653
14700: 0.822665
14701: 0.822677
14702: 0.822621
14703: 0.822565
14704: 0.822577
14705: 0.822589
14706: 0.822533
14707: 0.822546
14708: 0.82249
14709: 0.822502
14710: 0.822514
14711: 0.822458
14712: 0.822402
14713: 0.822346
14714: 0.82229
14715: 0.822302
14716: 0.822314
14717: 0.822326
14718: 0.822338
14719: 0.822351
14720: 0.822363
14721: 0.822375
14722: 0.822387
14723: 0.822399
14724: 0.822343
14725: 0.822355
14726: 0.822367
14727: 0.822379
14728: 0.822391
14729: 0.822403
14730: 0.822415
14731: 0.822359
14732: 0.822304
14733: 0.822248
14734: 0.822192
14735: 0.822136
14736: 0.822148
14737: 0.82216
14738: 0.822172
14739: 0.822117
14740: 0.822129
14741: 0.822141
14742: 0.822153
14743: 0.822097
14744: 0.822109
14745: 0.822121
14746: 0.822133
14747: 0.822145
14748: 0.822157
14749: 0.822169
14750: 0.822182
14751: 0.822194
14752: 0.822206
14753: 0.822218
14754: 0.82223
14755: 0.822242
14756: 0.822186
14757: 0.82213
14758: 0.822075
14759: 0.822087
14760: 0.822099
14761: 0.822111
14762: 0.822055
14763: 0.822067
14764: 0.822079
14765: 0.822091
14766: 0.822036
14767: 0.82198
14768: 0.821924
14769: 0.821936
14770: 0.821948
14771: 0.82196
14772: 0.821973
14773: 0.821985
14774: 0.821997
14775: 0.822009
14776: 0.822021
14777: 0.822033
14778: 0.822045
14779: 0.821989
14780: 0.821934
14781: 0.821946
14782: 0.821958
14783: 0.82197
14784: 0.821982
14785: 0.821994
14786: 0.821938
14787: 0.821883
14788: 0.821827
14789: 0.821839
14790: 0.821851
14791: 0.821863
14792: 0.821808
14793: 0.82182
14794: 0.821832
14795: 0.821844
14796: 0.821856
14797: 0.821868
14798: 0.82188
14799: 0.821892
14800: 0.821904
14801: 0.821916
14802: 0.82186
14803: 0.821872
14804: 0.821884
14805: 0.821897
14806: 0.821909
14807: 0.821921
14808: 0.821933
14809: 0.821945
14810: 0.821889
14811: 0.821834
14812: 0.821846
14813: 0.821858
14814: 0.82187
14815: 0.821882
14816: 0.821894
14817: 0.821906
14818: 0.821918
14819: 0.82193
14820: 0.821942
14821: 0.821886
14822: 0.821898
14823: 0.82191
14824: 0.821922
14825: 0.821867
14826: 0.821879
14827: 0.821891
14828: 0.821903
14829: 0.821915
14830: 0.821927
14831: 0.821872
14832: 0.821884
14833: 0.821896
14834: 0.82184
14835: 0.821852
14836: 0.821864
14837: 0.821876
14838: 0.821888
14839: 0.8219
14840: 0.821912
14841: 0.821924
14842: 0.821936
14843: 0.821948
14844: 0.82196
14845: 0.821972
14846: 0.821917
14847: 0.821929
14848: 0.821941
14849: 0.821953
14850: 0.821965
14851: 0.821977
14852: 0.821989
14853: 0.822001
14854: 0.822013
14855: 0.822025
14856: 0.822037
14857: 0.822049
14858: 0.821993
14859: 0.821938
14860: 0.821883
14861: 0.821827
14862: 0.821839
14863: 0.821851
14864: 0.821863
14865: 0.821875
14866: 0.821887
14867: 0.821899
14868: 0.821911
14869: 0.821923
14870: 0.821935
14871: 0.821947
14872: 0.821959
14873: 0.821971
14874: 0.821916
14875: 0.821861
14876: 0.821873
14877: 0.821885
14878: 0.821897
14879: 0.821909
14880: 0.821853
14881: 0.821865
14882: 0.821877
14883: 0.821889
14884: 0.821901
14885: 0.821913
14886: 0.821925
14887: 0.821937
14888: 0.821949
14889: 0.821961
14890: 0.821973
14891: 0.821985
14892: 0.821997
14893: 0.822009
14894: 0.822021
14895: 0.822033
14896: 0.822045
14897: 0.82199
14898: 0.821934
14899: 0.821946
14900: 0.821958
14901: 0.82197
14902: 0.821982
14903: 0.821994
14904: 0.822006
14905: 0.821951
14906: 0.821963
14907: 0.821975
14908: 0.821987
14909: 0.821999
14910: 0.822011
14911: 0.822023
14912: 0.822034
14913: 0.822046
14914: 0.821991
14915: 0.822003
14916: 0.822015
14917: 0.822027
14918: 0.822039
14919: 0.822051
14920: 0.822063
14921: 0.822075
14922: 0.822087
14923: 0.822099
14924: 0.822044
14925: 0.822055
14926: 0.822067
14927: 0.822079
14928: 0.822091
14929: 0.822103
14930: 0.822115
14931: 0.822127
14932: 0.822139
14933: 0.822151
14934: 0.822163
14935: 0.822175
14936: 0.822187
14937: 0.822198
14938: 0.822143
14939: 0.822155
14940: 0.822167
14941: 0.822112
14942: 0.822057
14943: 0.822002
14944: 0.821947
14945: 0.821892
14946: 0.821837
14947: 0.821782
14948: 0.821727
14949: 0.821739
14950: 0.821751
14951: 0.821763
14952: 0.821708
14953: 0.82172
14954: 0.821732
14955: 0.821744
14956: 0.821756
14957: 0.821768
14958: 0.82178
14959: 0.821791
14960: 0.821803
14961: 0.821815
14962: 0.821827
14963: 0.821839
14964: 0.821851
14965: 0.821863
14966: 0.821808
14967: 0.821753
14968: 0.821765
14969: 0.821777
14970: 0.821722
14971: 0.821734
14972: 0.821746
14973: 0.821758
14974: 0.82177
14975: 0.821782
14976: 0.821793
14977: 0.821805
14978: 0.821817
14979: 0.821829
14980: 0.821841
14981: 0.821853
14982: 0.821865
14983: 0.821877
14984: 0.821889
14985: 0.8219
14986: 0.821912
14987: 0.821924
14988: 0.821936
14989: 0.821948
14990: 0.82196
14991: 0.821972
14992: 0.821984
14993: 0.821929
14994: 0.821941
14995: 0.821953
14996: 0.821964
14997: 0.82191
14998: 0.821921
14999: 0.821933
15000: 0.821945
15001: 0.821957
15002: 0.821902
15003: 0.821914
15004: 0.821926
15005: 0.821938
15006: 0.82195
15007: 0.821962
15008: 0.821973
15009: 0.821985
15010: 0.821997
15011: 0.822009
15012: 0.822021
15013: 0.822033
15014: 0.822045
15015: 0.822056
15016: 0.822068
15017: 0.82208
15018: 0.822092
15019: 0.822104
15020: 0.822116
15021: 0.822128
15022: 0.822139
15023: 0.822151
15024: 0.822163
15025: 0.822175
15026: 0.822187
15027: 0.822199
15028: 0.82221
15029: 0.822222
15030: 0.822234
15031: 0.822179
15032: 0.822125
15033: 0.822136
15034: 0.822148
15035: 0.82216
15036: 0.822172
15037: 0.822184
15038: 0.822129
15039: 0.822141
15040: 0.822153
15041: 0.822165
15042: 0.82211
15043: 0.822055
15044: 0.822001
15045: 0.822012
15046: 0.822024
15047: 0.822036
15048: 0.822048
15049: 0.82206
15050: 0.822072
15051: 0.822083
15052: 0.822095
15053: 0.822107
15054: 0.822119
15055: 0.822064
15056: 0.822076
15057: 0.822088
15058: 0.8221
15059: 0.822112
15060: 0.822057
15061: 0.822069
15062: 0.822081
15063: 0.822092
15064: 0.822038
15065: 0.821983
15066: 0.821929
15067: 0.821874
15068: 0.821886
15069: 0.821898
15070: 0.82191
15071: 0.821921
15072: 0.821933
15073: 0.821945
15074: 0.821957
15075: 0.821969
15076: 0.821981
15077: 0.821926
15078: 0.821938
15079: 0.82195
15080: 0.821895
15081: 0.821907
15082: 0.821919
15083: 0.821931
15084: 0.821942
15085: 0.821954
15086: 0.821966
15087: 0.821978
15088: 0.82199
15089: 0.822001
15090: 0.822013
15091: 0.822025
15092: 0.822037
15093: 0.822048
15094: 0.82206
15095: 0.822072
15096: 0.822018
15097: 0.822029
15098: 0.821975
15099: 0.821987
15100: 0.821999
15101: 0.82201
15102: 0.822022
15103: 0.822034
15104: 0.822046
15105: 0.822057
15106: 0.822069
15107: 0.822081
15108: 0.822093
15109: 0.822105
15110: 0.822116
15111: 0.822128
15112: 0.82214
15113: 0.822085
15114: 0.822031
15115: 0.822043
15116: 0.822055
15117: 0.822
15118: 0.821946
15119: 0.821958
15120: 0.821969
15121: 0.821981
15122: 0.821993
15123: 0.822005
15124: 0.822017
15125: 0.822028
15126: 0.82204
15127: 0.822052
15128: 0.822064
15129: 0.822075
15130: 0.822087
15131: 0.822099
15132: 0.822045
15133: 0.822056
15134: 0.822068
15135: 0.82208
15136: 0.822092
15137: 0.822103
15138: 0.822115
15139: 0.822127
15140: 0.822139
15141: 0.82215
15142: 0.822162
15143: 0.822174
15144: 0.822186
15145: 0.822197
15146: 0.822209
15147: 0.822221
15148: 0.822232
15149: 0.822244
15150: 0.822256
15151: 0.822268
15152: 0.822279
15153: 0.822291
15154: 0.822303
15155: 0.822315
15156: 0.82226
15157: 0.822272
15158: 0.822284
15159: 0.822296
15160: 0.822241
15161: 0.822187
15162: 0.822199
15163: 0.82221
15164: 0.822156
15165: 0.822102
15166: 0.822048
15167: 0.82206
15168: 0.822071
15169: 0.822083
15170: 0.822095
15171: 0.822107
15172: 0.822052
15173: 0.821998
15174: 0.821944
15175: 0.821956
15176: 0.821967
15177: 0.821979
15178: 0.821991
15179: 0.822003
15180: 0.821948
15181: 0.82196
15182: 0.821972
15183: 0.821984
15184: 0.821995
15185: 0.822007
15186: 0.822019
15187: 0.822031
15188: 0.822042
15189: 0.822054
15190: 0.822066
15191: 0.822077
15192: 0.822089
15193: 0.822101
15194: 0.822113
15195: 0.822124
15196: 0.822136
15197: 0.822082
15198: 0.822028
15199: 0.822039
15200: 0.822051
15201: 0.822063
15202: 0.822075
15203: 0.822086
15204: 0.822098
15205: 0.82211
15206: 0.822121
15207: 0.822133
15208: 0.822145
15209: 0.822156
15210: 0.822168
15211: 0.82218
15212: 0.822192
15213: 0.822203
15214: 0.822215
15215: 0.822227
15216: 0.822238
15217: 0.82225
15218: 0.822262
15219: 0.822208
15220: 0.822219
15221: 0.822231
15222: 0.822177
15223: 0.822123
15224: 0.822135
15225: 0.822146
15226: 0.822158
15227: 0.82217
15228: 0.822181
15229: 0.822127
15230: 0.822073
15231: 0.822085
15232: 0.822097
15233: 0.822108
15234: 0.82212
15235: 0.822132
15236: 0.822143
15237: 0.822155
15238: 0.822167
15239: 0.822178
15240: 0.82219
15241: 0.822202
15242: 0.822213
15243: 0.822225
15244: 0.822237
15245: 0.822248
15246: 0.82226
15247: 0.822272
15248: 0.822283
15249: 0.822295
15250: 0.822241
15251: 0.822253
15252: 0.822264
15253: 0.822276
15254: 0.822288
15255: 0.822299
15256: 0.822311
15257: 0.822323
15258: 0.822334
15259: 0.822346
15260: 0.822358
15261: 0.822369
15262: 0.822381
15263: 0.822393
15264: 0.822404
15265: 0.822416
15266: 0.822427
15267: 0.822439
15268: 0.822451
15269: 0.822462
15270: 0.822474
15271: 0.822486
15272: 0.822497
15273: 0.822509
15274: 0.82252
15275: 0.822532
15276: 0.822478
15277: 0.822424
15278: 0.822436
15279: 0.822448
15280: 0.822459
15281: 0.822405
15282: 0.822417
15283: 0.822429
15284: 0.82244
15285: 0.822452
15286: 0.822464
15287: 0.822475
15288: 0.822487
15289: 0.822498
15290: 0.82251
15291: 0.822522
15292: 0.822533
15293: 0.822545
15294: 0.822556
15295: 0.822568
15296: 0.82258
15297: 0.822591
15298: 0.822603
15299: 0.822614
15300: 0.822626
15301: 0.822638
15302: 0.822649
15303: 0.822661
15304: 0.822672
15305: 0.822684
15306: 0.822695
15307: 0.822707
15308: 0.822653
15309: 0.8226
15310: 0.822611
15311: 0.822623
15312: 0.822634
15313: 0.822646
15314: 0.822592
15315: 0.822604
15316: 0.822615
15317: 0.822627
15318: 0.822639
15319: 0.82265
15320: 0.822662
15321: 0.822673
15322: 0.822685
15323: 0.822696
15324: 0.822708
15325: 0.82272
15326: 0.822731
15327: 0.822743
15328: 0.822754
15329: 0.822701
15330: 0.822647
15331: 0.822593
15332: 0.82254
15333: 0.822486
15334: 0.822432
15335: 0.822444
15336: 0.822455
15337: 0.822402
15338: 0.822413
15339: 0.82236
15340: 0.822371
15341: 0.822383
15342: 0.822395
15343: 0.822406
15344: 0.822418
15345: 0.822429
15346: 0.822441
15347: 0.822452
15348: 0.822464
15349: 0.822476
15350: 0.822487
15351: 0.822499
15352: 0.82251
15353: 0.822522
15354: 0.822533
15355: 0.822545
15356: 0.822556
15357: 0.822568
15358: 0.82258
15359: 0.822591
15360: 0.822603
15361: 0.822614
15362: 0.822626
15363: 0.822637
15364: 0.822649
15365: 0.82266
15366: 0.822607
15367: 0.822618
15368: 0.82263
15369: 0.822642
15370: 0.822653
15371: 0.822665
15372: 0.822611
15373: 0.822623
15374: 0.822634
15375: 0.822646
15376: 0.822592
15377: 0.822539
15378: 0.82255
15379: 0.822562
15380: 0.822573
15381: 0.822585
15382: 0.822596
15383: 0.822608
15384: 0.822554
15385: 0.822566
15386: 0.822578
15387: 0.822589
15388: 0.822536
15389: 0.822482
15390: 0.822494
15391: 0.822505
15392: 0.822517
15393: 0.822528
15394: 0.82254
15395: 0.822551
15396: 0.822563
15397: 0.822509
15398: 0.822521
15399: 0.822532
15400: 0.822544
15401: 0.822556
15402: 0.822567
15403: 0.822579
15404: 0.82259
15405: 0.822602
15406: 0.822548
15407: 0.822495
15408: 0.822441
15409: 0.822453
15410: 0.822464
15411: 0.822476
15412: 0.822488
15413: 0.822499
15414: 0.822511
15415: 0.822522
15416: 0.822534
15417: 0.822545
15418: 0.822557
15419: 0.822568
15420: 0.82258
15421: 0.822591
15422: 0.822538
15423: 0.822484
15424: 0.822431
15425: 0.822443
15426: 0.822454
15427: 0.822466
15428: 0.822477
15429: 0.822424
15430: 0.822371
15431: 0.822317
15432: 0.822329
15433: 0.82234
15434: 0.822352
15435: 0.822363
15436: 0.822375
15437: 0.822386
15438: 0.822398
15439: 0.822409
15440: 0.822421
15441: 0.822432
15442: 0.822444
15443: 0.822455
15444: 0.822467
15445: 0.822478
15446: 0.82249
15447: 0.822501
15448: 0.822448
15449: 0.822395
15450: 0.822406
15451: 0.822418
15452: 0.822429
15453: 0.822376
15454: 0.822323
15455: 0.82227
15456: 0.822216
15457: 0.822228
15458: 0.822239
15459: 0.822186
15460: 0.822133
15461: 0.822145
15462: 0.822156
15463: 0.822168
15464: 0.822179
15465: 0.822191
15466: 0.822202
15467: 0.822214
15468: 0.822225
15469: 0.822237
15470: 0.822248
15471: 0.82226
15472: 0.822271
15473: 0.822283
15474: 0.822294
15475: 0.822306
15476: 0.822317
15477: 0.822328
15478: 0.82234
15479: 0.822351
15480: 0.822363
15481: 0.82231
15482: 0.822321
15483: 0.822333
15484: 0.822344
15485: 0.822356
15486: 0.822367
15487: 0.822379
15488: 0.82239
15489: 0.822337
15490: 0.822348
15491: 0.82236
15492: 0.822371
15493: 0.822383
15494: 0.822394
15495: 0.822406
15496: 0.822417
15497: 0.822429
15498: 0.82244
15499: 0.822452
15500: 0.822463
15501: 0.822475
15502: 0.822486
15503: 0.822497
15504: 0.822509
15505: 0.82252
15506: 0.822532
15507: 0.822479
15508: 0.82249
15509: 0.822502
15510: 0.822513
15511: 0.822524
15512: 0.822536
15513: 0.822483
15514: 0.822494
15515: 0.822506
15516: 0.822517
15517: 0.822529
15518: 0.82254
15519: 0.822552
15520: 0.822563
15521: 0.822574
15522: 0.822586
15523: 0.822597
15524: 0.822609
15525: 0.82262
15526: 0.822632
15527: 0.822643
15528: 0.822654
15529: 0.822601
15530: 0.822548
15531: 0.82256
15532: 0.822571
15533: 0.822583
15534: 0.822594
15535: 0.822606
15536: 0.822617
15537: 0.822628
15538: 0.82264
15539: 0.822587
15540: 0.822598
15541: 0.82261
15542: 0.822621
15543: 0.822633
15544: 0.822644
15545: 0.822655
15546: 0.822667
15547: 0.822678
15548: 0.822625
15549: 0.822572
15550: 0.822519
15551: 0.822531
15552: 0.822542
15553: 0.822554
15554: 0.822565
15555: 0.822576
15556: 0.822588
15557: 0.822535
15558: 0.822546
15559: 0.822494
15560: 0.822505
15561: 0.822516
15562: 0.822528
15563: 0.822539
15564: 0.822551
15565: 0.822498
15566: 0.822445
15567: 0.822456
15568: 0.822468
15569: 0.822479
15570: 0.822426
15571: 0.822438
15572: 0.822449
15573: 0.822461
15574: 0.822472
15575: 0.822483
15576: 0.822431
15577: 0.822442
15578: 0.822453
15579: 0.822401
15580: 0.822412
15581: 0.822423
15582: 0.822435
15583: 0.822446
15584: 0.822457
15585: 0.822469
15586: 0.82248
15587: 0.822492
15588: 0.822503
15589: 0.822514
15590: 0.822526
15591: 0.822537
15592: 0.822549
15593: 0.82256
15594: 0.822571
15595: 0.822583
15596: 0.822594
15597: 0.822605
15598: 0.822617
15599: 0.822628
15600: 0.822575
15601: 0.822587
15602: 0.822598
15603: 0.82261
15604: 0.822621
15605: 0.822632
15606: 0.822644
15607: 0.822655
15608: 0.822666
15609: 0.822678
15610: 0.822689
15611: 0.8227
15612: 0.822712
15613: 0.822723
15614: 0.822735
15615: 0.822746
15616: 0.822693
15617: 0.822705
15618: 0.822716
15619: 0.822727
15620: 0.822739
15621: 0.82275
15622: 0.822761
15623: 0.822773
15624: 0.822784
15625: 0.822795
15626: 0.822807
15627: 0.822754
15628: 0.822765
15629: 0.822777
15630: 0.822788
15631: 0.822799
15632: 0.822811
15633: 0.822758
15634: 0.822769
15635: 0.822781
15636: 0.822792
15637: 0.822803
15638: 0.822815
15639: 0.822826
15640: 0.822837
15641: 0.822849
15642: 0.82286
15643: 0.822871
15644: 0.822819
15645: 0.822766
15646: 0.822778
15647: 0.822789
15648: 0.8228
15649: 0.822812
15650: 0.822823
15651: 0.822834
15652: 0.822845
15653: 0.822857
15654: 0.822868
15655: 0.822879
15656: 0.822891
15657: 0.822838
15658: 0.822786
15659: 0.822733
15660: 0.822681
15661: 0.822692
15662: 0.822703
15663: 0.822715
15664: 0.822726
15665: 0.822737
15666: 0.822748
15667: 0.82276
15668: 0.822707
15669: 0.822719
15670: 0.82273
15671: 0.822741
15672: 0.822689
15673: 0.822636
15674: 0.822648
15675: 0.822659
15676: 0.82267
15677: 0.822681
15678: 0.822693
15679: 0.822704
15680: 0.822715
15681: 0.822727
15682: 0.822738
15683: 0.822749
15684: 0.822761
15685: 0.822772
15686: 0.822783
15687: 0.822731
15688: 0.822742
15689: 0.822753
15690: 0.822765
15691: 0.822776
15692: 0.822787
15693: 0.822799
15694: 0.82281
15695: 0.822821
15696: 0.822832
15697: 0.822844
15698: 0.822855
15699: 0.822866
15700: 0.822878
15701: 0.822889
15702: 0.8229
15703: 0.822911
15704: 0.822923
15705: 0.822934
15706: 0.822945
15707: 0.822956
15708: 0.822904
15709: 0.822915
15710: 0.822927
15711: 0.822938
15712: 0.822949
15713: 0.82296
15714: 0.822972
15715: 0.822983
15716: 0.822994
15717: 0.822942
15718: 0.822953
15719: 0.822964
15720: 0.822976
15721: 0.822923
15722: 0.822935
15723: 0.822946
15724: 0.822957
15725: 0.822968
15726: 0.82298
15727: 0.822927
15728: 0.822939
15729: 0.82295
15730: 0.822897
15731: 0.822845
15732: 0.822856
15733: 0.822868
15734: 0.822879
15735: 0.82289
15736: 0.822901
15737: 0.822913
15738: 0.822924
15739: 0.822935
15740: 0.822946
15741: 0.822958
15742: 0.822969
15743: 0.82298
15744: 0.822991
15745: 0.823003
15746: 0.823014
15747: 0.823025
15748: 0.823036
15749: 0.823048
15750: 0.823059
15751: 0.82307
15752: 0.823081
15753: 0.823093
15754: 0.823104
15755: 0.823115
15756: 0.823126
15757: 0.823137
15758: 0.823149
15759: 0.823096
15760: 0.823108
15761: 0.823119
15762: 0.82313
15763: 0.823141
15764: 0.823153
15765: 0.823164
15766: 0.823175
15767: 0.823186
15768: 0.823197
15769: 0.823209
15770: 0.82322
15771: 0.823168
15772: 0.823115
15773: 0.823127
15774: 0.823138
15775: 0.823149
15776: 0.823097
15777: 0.823108
15778: 0.823119
15779: 0.823131
15780: 0.823142
15781: 0.823153
15782: 0.823164
15783: 0.823175
15784: 0.823187
15785: 0.823198
15786: 0.823209
15787: 0.82322
15788: 0.823231
15789: 0.823179
15790: 0.82319
15791: 0.823202
15792: 0.823213
15793: 0.823224
15794: 0.823235
15795: 0.823246
15796: 0.823194
15797: 0.823142
15798: 0.823153
15799: 0.823165
15800: 0.823176
15801: 0.823187
15802: 0.823198
15803: 0.823209
15804: 0.82322
15805: 0.823232
15806: 0.823243
15807: 0.823191
15808: 0.823202
15809: 0.823213
15810: 0.823224
15811: 0.823236
15812: 0.823247
15813: 0.823258
15814: 0.823269
15815: 0.82328
15816: 0.823291
15817: 0.823303
15818: 0.823314
15819: 0.823325
15820: 0.823336
15821: 0.823347
15822: 0.823295
15823: 0.823243
15824: 0.823254
15825: 0.823266
15826: 0.823277
15827: 0.823288
15828: 0.823299
15829: 0.82331
15830: 0.823321
15831: 0.823332
15832: 0.823344
15833: 0.823355
15834: 0.823366
15835: 0.823377
15836: 0.823388
15837: 0.823399
15838: 0.823411
15839: 0.823422
15840: 0.823433
15841: 0.823444
15842: 0.823455
15843: 0.823466
15844: 0.823477
15845: 0.823489
15846: 0.8235
15847: 0.823511
15848: 0.823522
15849: 0.823533
15850: 0.823544
15851: 0.823555
15852: 0.823567
15853: 0.823578
15854: 0.823526
15855: 0.823537
15856: 0.823548
15857: 0.823559
15858: 0.82357
15859: 0.823581
15860: 0.823592
15861: 0.823604
15862: 0.823615
15863: 0.823626
15864: 0.823637
15865: 0.823648
15866: 0.823659
15867: 0.82367
15868: 0.823681
15869: 0.823693
15870: 0.823704
15871: 0.823715
15872: 0.823726
15873: 0.823737
15874: 0.823748
15875: 0.823759
15876: 0.82377
15877: 0.823781
15878: 0.823792
15879: 0.823804
15880: 0.823815
15881: 0.823826
15882: 0.823837
15883: 0.823848
15884: 0.823859
15885: 0.82387
15886: 0.823818
15887: 0.823829
15888: 0.82384
15889: 0.823851
15890: 0.823863
15891: 0.823874
15892: 0.823885
15893: 0.823833
15894: 0.823781
15895: 0.823729
15896: 0.823677
15897: 0.823689
15898: 0.8237
15899: 0.823711
15900: 0.823722
15901: 0.823733
15902: 0.823744
15903: 0.823755
15904: 0.823766
15905: 0.823777
15906: 0.823788
15907: 0.823799
15908: 0.82381
15909: 0.823821
15910: 0.823833
15911: 0.823844
15912: 0.823792
15913: 0.823803
15914: 0.823814
15915: 0.823825
15916: 0.823836
15917: 0.823847
15918: 0.823858
15919: 0.823869
15920: 0.82388
15921: 0.823829
15922: 0.82384
15923: 0.823851
15924: 0.823862
15925: 0.823873
15926: 0.823884
15927: 0.823895
15928: 0.823906
15929: 0.823917
15930: 0.823928
15931: 0.823876
15932: 0.823825
15933: 0.823836
15934: 0.823847
15935: 0.823858
15936: 0.823869
15937: 0.82388
15938: 0.823891
15939: 0.823902
15940: 0.823913
15941: 0.823924
15942: 0.823935
15943: 0.823946
15944: 0.823895
15945: 0.823843
15946: 0.823791
15947: 0.823802
15948: 0.823813
15949: 0.823824
15950: 0.823773
15951: 0.823721
15952: 0.823732
15953: 0.823743
15954: 0.823754
15955: 0.823765
15956: 0.823776
15957: 0.823725
15958: 0.823736
15959: 0.823747
15960: 0.823758
15961: 0.823706
15962: 0.823717
15963: 0.823728
15964: 0.823739
15965: 0.823688
15966: 0.823636
15967: 0.823647
15968: 0.823658
15969: 0.823669
15970: 0.82368
15971: 0.823691
15972: 0.823702
15973: 0.823714
15974: 0.823662
15975: 0.823673
15976: 0.823621
15977: 0.82357
15978: 0.823581
15979: 0.823592
15980: 0.823603
15981: 0.823614
15982: 0.823625
15983: 0.823636
15984: 0.823647
15985: 0.823658
15986: 0.823669
15987: 0.82368
15988: 0.823691
15989: 0.823702
15990: 0.823713
15991: 0.823724
15992: 0.823735
15993: 0.823746
15994: 0.823757
15995: 0.823768
15996: 0.823779
15997: 0.82379
15998: 0.823739
15999: 0.82375
16000: 0.823761
16001: 0.823772
16002: 0.823783
16003: 0.823794
16004: 0.823805
16005: 0.823816
16006: 0.823765
16007: 0.823776
16008: 0.823724
16009: 0.823735
16010: 0.823746
16011: 0.823757
16012: 0.823768
16013: 0.823779
16014: 0.82379
16015: 0.823801
16016: 0.82375
16017: 0.823761
16018: 0.823772
16019: 0.823783
16020: 0.823731
16021: 0.82368
16022: 0.823691
16023: 0.823702
16024: 0.823713
16025: 0.823662
16026: 0.82361
16027: 0.823621
16028: 0.823632
16029: 0.823643
16030: 0.823654
16031: 0.823665
16032: 0.823676
16033: 0.823687
16034: 0.823698
16035: 0.823709
16036: 0.82372
16037: 0.823731
16038: 0.823742
16039: 0.823753
16040: 0.823764
16041: 0.823775
16042: 0.823786
16043: 0.823797
16044: 0.823808
16045: 0.823819
16046: 0.82383
16047: 0.823841
16048: 0.823852
16049: 0.823863
16050: 0.823812
16051: 0.82376
16052: 0.823709
16053: 0.82372
16054: 0.823731
16055: 0.823742
16056: 0.823753
16057: 0.823764
16058: 0.823775
16059: 0.823786
16060: 0.823797
16061: 0.823808
16062: 0.823819
16063: 0.82383
16064: 0.823841
16065: 0.823852
16066: 0.823863
16067: 0.823874
16068: 0.823884
16069: 0.823895
16070: 0.823906
16071: 0.823917
16072: 0.823928
16073: 0.823939
16074: 0.82395
16075: 0.823899
16076: 0.823848
16077: 0.823859
16078: 0.82387
16079: 0.823881
16080: 0.823892
16081: 0.823902
16082: 0.823913
16083: 0.823924
16084: 0.823935
16085: 0.823946
16086: 0.823957
16087: 0.823968
16088: 0.823917
16089: 0.823928
16090: 0.823939
16091: 0.82395
16092: 0.823961
16093: 0.82391
16094: 0.823858
16095: 0.823869
16096: 0.823818
16097: 0.823829
16098: 0.82384
16099: 0.823789
16100: 0.8238
16101: 0.823811
16102: 0.823822
16103: 0.823833
16104: 0.823781
16105: 0.82373
16106: 0.823741
16107: 0.823752
16108: 0.823763
16109: 0.823774
16110: 0.823785
16111: 0.823796
16112: 0.823807
16113: 0.823818
16114: 0.823829
16115: 0.82384
16116: 0.823851
16117: 0.823862
16118: 0.823872
16119: 0.823883
16120: 0.823894
16121: 0.823843
16122: 0.823792
16123: 0.823741
16124: 0.823752
16125: 0.823763
16126: 0.823774
16127: 0.823723
16128: 0.823734
16129: 0.823745
16130: 0.823756
16131: 0.823766
16132: 0.823777
16133: 0.823788
16134: 0.823799
16135: 0.82381
16136: 0.823821
16137: 0.823832
16138: 0.823843
16139: 0.823854
16140: 0.823865
16141: 0.823876
16142: 0.823825
16143: 0.823835
16144: 0.823784
16145: 0.823795
16146: 0.823806
16147: 0.823817
16148: 0.823828
16149: 0.823839
16150: 0.82385
16151: 0.823861
16152: 0.823872
16153: 0.823883
16154: 0.823894
16155: 0.823904
16156: 0.823915
16157: 0.823926
16158: 0.823937
16159: 0.823948
16160: 0.823959
16161: 0.82397
16162: 0.823981
16163: 0.823992
16164: 0.824002
16165: 0.823952
16166: 0.823962
16167: 0.823973
16168: 0.823984
16169: 0.823995
16170: 0.824006
16171: 0.824017
16172: 0.824028
16173: 0.823977
16174: 0.823988
16175: 0.823937
16176: 0.823948
16177: 0.823958
16178: 0.823969
16179: 0.82398
16180: 0.823991
16181: 0.824002
16182: 0.824013
16183: 0.824024
16184: 0.824035
16185: 0.824045
16186: 0.824056
16187: 0.824005
16188: 0.824016
16189: 0.824027
16190: 0.824038
16191: 0.824049
16192: 0.82406
16193: 0.824071
16194: 0.824082
16195: 0.824092
16196: 0.824103
16197: 0.824114
16198: 0.824063
16199: 0.824012
16200: 0.824023
16201: 0.824034
16202: 0.824045
16203: 0.824056
16204: 0.824067
16205: 0.824078
16206: 0.824088
16207: 0.824099
16208: 0.82411
16209: 0.824059
16210: 0.82407
16211: 0.824081
16212: 0.824092
16213: 0.824103
16214: 0.824113
16215: 0.824124
16216: 0.824135
16217: 0.824146
16218: 0.824157
16219: 0.824168
16220: 0.824179
16221: 0.824189
16222: 0.8242
16223: 0.824149
16224: 0.824099
16225: 0.824048
16226: 0.824059
16227: 0.824008
16228: 0.824019
16229: 0.82403
16230: 0.82404
16231: 0.824051
16232: 0.824062
16233: 0.824073
16234: 0.824022
16235: 0.824033
16236: 0.824044
16237: 0.824055
16238: 0.824066
16239: 0.824076
16240: 0.824087
16241: 0.824098
16242: 0.824109
16243: 0.82412
16244: 0.824069
16245: 0.824018
16246: 0.823968
16247: 0.823978
16248: 0.823989
16249: 0.823938
16250: 0.823949
16251: 0.82396
16252: 0.823909
16253: 0.823859
16254: 0.823808
16255: 0.823819
16256: 0.82383
16257: 0.823841
16258: 0.823851
16259: 0.823862
16260: 0.823873
16261: 0.823884
16262: 0.823895
16263: 0.823906
16264: 0.823916
16265: 0.823927
16266: 0.823938
16267: 0.823949
16268: 0.82396
16269: 0.82397
16270: 0.823981
16271: 0.823992
16272: 0.824003
16273: 0.823952
16274: 0.823963
16275: 0.823974
16276: 0.823985
16277: 0.823996
16278: 0.824006
16279: 0.824017
16280: 0.823967
16281: 0.823977
16282: 0.823988
16283: 0.823999
16284: 0.82401
16285: 0.824021
16286: 0.824031
16287: 0.824042
16288: 0.824053
16289: 0.824064
16290: 0.824075
16291: 0.824085
16292: 0.824096
16293: 0.824107
16294: 0.824118
16295: 0.824129
16296: 0.824139
16297: 0.82415
16298: 0.824161
16299: 0.824172
16300: 0.824183
16301: 0.824193
16302: 0.824204
16303: 0.824215
16304: 0.824226
16305: 0.824175
16306: 0.824186
16307: 0.824197
16308: 0.824146
16309: 0.824096
16310: 0.824045
16311: 0.824056
16312: 0.824067
16313: 0.824077
16314: 0.824088
16315: 0.824099
16316: 0.82411
16317: 0.824121
16318: 0.824131
16319: 0.824142
16320: 0.824153
16321: 0.824102
16322: 0.824113
16323: 0.824124
16324: 0.824135
16325: 0.824146
16326: 0.824156
16327: 0.824106
16328: 0.824117
16329: 0.824127
16330: 0.824138
16331: 0.824088
16332: 0.824098
16333: 0.824109
16334: 0.82412
16335: 0.824131
16336: 0.824142
16337: 0.824152
16338: 0.824163
16339: 0.824174
16340: 0.824185
16341: 0.824195
16342: 0.824206
16343: 0.824156
16344: 0.824105
16345: 0.824116
16346: 0.824127
16347: 0.824138
16348: 0.824148
16349: 0.824159
16350: 0.82417
16351: 0.824181
16352: 0.824191
16353: 0.824141
16354: 0.82409
16355: 0.82404
16356: 0.82399
16357: 0.823939
16358: 0.823889
16359: 0.823839
16360: 0.823849
16361: 0.82386
16362: 0.823871
16363: 0.823882
16364: 0.823892
16365: 0.823842
16366: 0.823853
16367: 0.823864
16368: 0.823874
16369: 0.823885
16370: 0.823896
16371: 0.823907
16372: 0.823917
16373: 0.823867
16374: 0.823878
16375: 0.823889
16376: 0.823899
16377: 0.82391
16378: 0.82386
16379: 0.823871
16380: 0.82382
16381: 0.823831
16382: 0.823842
16383: 0.823853
16384: 0.823863
16385: 0.823874
16386: 0.823885
16387: 0.823896
16388: 0.823906
16389: 0.823917
16390: 0.823928
16391: 0.823939
16392: 0.823949
16393: 0.823899
16394: 0.82391
16395: 0.82392
16396: 0.823931
16397: 0.823942
16398: 0.823953
16399: 0.823963
16400: 0.823974
16401: 0.823985
16402: 0.823996
16403: 0.824006
16404: 0.824017
16405: 0.824028
16406: 0.824039
16407: 0.824049
16408: 0.82406
16409: 0.824071
16410: 0.824081
16411: 0.824092
16412: 0.824103
16413: 0.824114
16414: 0.824124
16415: 0.824135
16416: 0.824146
16417: 0.824156
16418: 0.824167
16419: 0.824117
16420: 0.824067
16421: 0.824017
16422: 0.824027
16423: 0.824038
16424: 0.824049
16425: 0.824059
16426: 0.824009
16427: 0.82402
16428: 0.824031
16429: 0.824041
16430: 0.824052
16431: 0.824063
16432: 0.824074
16433: 0.824084
16434: 0.824095
16435: 0.824106
16436: 0.824055
16437: 0.824005
16438: 0.823955
16439: 0.823905
16440: 0.823916
16441: 0.823866
16442: 0.823876
16443: 0.823887
16444: 0.823898
16445: 0.823848
16446: 0.823858
16447: 0.823869
16448: 0.82388
16449: 0.823891
16450: 0.823901
16451: 0.823851
16452: 0.823801
16453: 0.823812
16454: 0.823823
16455: 0.823772
16456: 0.823783
16457: 0.823794
16458: 0.823805
16459: 0.823815
16460: 0.823826
16461: 0.823837
16462: 0.823847
16463: 0.823858
16464: 0.823869
16465: 0.82388
16466: 0.82389
16467: 0.82384
16468: 0.823851
16469: 0.823862
16470: 0.823872
16471: 0.823883
16472: 0.823894
16473: 0.823904
16474: 0.823915
16475: 0.823865
16476: 0.823876
16477: 0.823886
16478: 0.823836
16479: 0.823786
16480: 0.823736
16481: 0.823686
16482: 0.823697
16483: 0.823708
16484: 0.823719
16485: 0.823669
16486: 0.823679
16487: 0.82369
16488: 0.823701
16489: 0.823711
16490: 0.823722
16491: 0.823733
16492: 0.823743
16493: 0.823754
16494: 0.823765
16495: 0.823775
16496: 0.823786
16497: 0.823797
16498: 0.823808
16499: 0.823818
16500: 0.823829
16501: 0.82384
16502: 0.82385
16503: 0.823861
16504: 0.823872
16505: 0.823882
16506: 0.823893
16507: 0.823904
16508: 0.823914
16509: 0.823864
16510: 0.823875
16511: 0.823825
16512: 0.823836
16513: 0.823786
16514: 0.823797
16515: 0.823807
16516: 0.823818
16517: 0.823829
16518: 0.823839
16519: 0.82385
16520: 0.823861
16521: 0.823871
16522: 0.823821
16523: 0.823832
16524: 0.823843
16525: 0.823853
16526: 0.823803
16527: 0.823754
16528: 0.823764
16529: 0.823775
16530: 0.823725
16531: 0.823736
16532: 0.823746
16533: 0.823757
16534: 0.823768
16535: 0.823778
16536: 0.823729
16537: 0.823679
16538: 0.823689
16539: 0.8237
16540: 0.823711
16541: 0.823721
16542: 0.823732
16543: 0.823682
16544: 0.823693
16545: 0.823704
16546: 0.823654
16547: 0.823604
16548: 0.823554
16549: 0.823505
16550: 0.823455
16551: 0.823405
16552: 0.823416
16553: 0.823426
16554: 0.823437
16555: 0.823448
16556: 0.823458
16557: 0.823469
16558: 0.82348
16559: 0.82349
16560: 0.823501
16561: 0.823512
16562: 0.823522
16563: 0.823533
16564: 0.823544
16565: 0.823554
16566: 0.823565
16567: 0.823515
16568: 0.823526
16569: 0.823537
16570: 0.823547
16571: 0.823558
16572: 0.823568
16573: 0.823579
16574: 0.82359
16575: 0.8236
16576: 0.823611
16577: 0.823561
16578: 0.823572
16579: 0.823583
16580: 0.823593
16581: 0.823604
16582: 0.823615
16583: 0.823625
16584: 0.823636
16585: 0.823646
16586: 0.823657
16587: 0.823668
16588: 0.823678
16589: 0.823689
16590: 0.823639
16591: 0.82359
16592: 0.82354
16593: 0.823551
16594: 0.823561
16595: 0.823572
16596: 0.823583
16597: 0.823593
16598: 0.823604
16599: 0.823614
16600: 0.823625
16601: 0.823636
16602: 0.823646
16603: 0.823657
16604: 0.823607
16605: 0.823558
16606: 0.823568
16607: 0.823579
16608: 0.82359
16609: 0.8236
16610: 0.823611
16611: 0.823561
16612: 0.823512
16613: 0.823522
16614: 0.823533
16615: 0.823544
16616: 0.823554
16617: 0.823565
16618: 0.823575
16619: 0.823586
16620: 0.823597
16621: 0.823607
16622: 0.823618
16623: 0.823628
16624: 0.823639
16625: 0.82365
16626: 0.82366
16627: 0.823611
16628: 0.823621
16629: 0.823632
16630: 0.823643
16631: 0.823653
16632: 0.823604
16633: 0.823614
16634: 0.823625
16635: 0.823635
16636: 0.823646
16637: 0.823657
16638: 0.823667
16639: 0.823678
16640: 0.823688
16641: 0.823639
16642: 0.823589
16643: 0.82354
16644: 0.823491
16645: 0.823501
16646: 0.823512
16647: 0.823522
16648: 0.823473
16649: 0.823423
16650: 0.823434
16651: 0.823445
16652: 0.823455
16653: 0.823466
16654: 0.823476
16655: 0.823487
16656: 0.823498
16657: 0.823508
16658: 0.823519
16659: 0.823529
16660: 0.82354
16661: 0.823551
16662: 0.823561
16663: 0.823512
16664: 0.823462
16665: 0.823473
16666: 0.823424
16667: 0.823434
16668: 0.823445
16669: 0.823455
16670: 0.823466
16671: 0.823476
16672: 0.823487
16673: 0.823498
16674: 0.823448
16675: 0.823459
16676: 0.823469
16677: 0.82348
16678: 0.823491
16679: 0.823501
16680: 0.823512
16681: 0.823522
16682: 0.823533
16683: 0.823544
16684: 0.823554
16685: 0.823565
16686: 0.823575
16687: 0.823586
16688: 0.823596
16689: 0.823607
16690: 0.823618
16691: 0.823628
16692: 0.823639
16693: 0.823649
16694: 0.82366
16695: 0.82367
16696: 0.823681
16697: 0.823691
16698: 0.823702
16699: 0.823713
16700: 0.823663
16701: 0.823674
16702: 0.823684
16703: 0.823695
16704: 0.823705
16705: 0.823716
16706: 0.823727
16707: 0.823737
16708: 0.823748
16709: 0.823698
16710: 0.823709
16711: 0.823719
16712: 0.82373
16713: 0.823741
16714: 0.823751
16715: 0.823762
16716: 0.823772
16717: 0.823783
16718: 0.823793
16719: 0.823804
16720: 0.823814
16721: 0.823825
16722: 0.823835
16723: 0.823846
16724: 0.823857
16725: 0.823867
16726: 0.823878
16727: 0.823888
16728: 0.823839
16729: 0.823849
16730: 0.82386
16731: 0.82387
16732: 0.823881
16733: 0.823891
16734: 0.823902
16735: 0.823913
16736: 0.823923
16737: 0.823934
16738: 0.823944
16739: 0.823955
16740: 0.823905
16741: 0.823856
16742: 0.823807
16743: 0.823817
16744: 0.823768
16745: 0.823719
16746: 0.82373
16747: 0.82374
16748: 0.823751
16749: 0.823701
16750: 0.823712
16751: 0.823723
16752: 0.823733
16753: 0.823744
16754: 0.823754
16755: 0.823705
16756: 0.823715
16757: 0.823726
16758: 0.823736
16759: 0.823747
16760: 0.823758
16761: 0.823768
16762: 0.823779
16763: 0.823789
16764: 0.8238
16765: 0.82381
16766: 0.823821
16767: 0.823831
16768: 0.823842
16769: 0.823852
16770: 0.823863
16771: 0.823873
16772: 0.823884
16773: 0.823894
16774: 0.823905
16775: 0.823915
16776: 0.823926
16777: 0.823936
16778: 0.823947
16779: 0.823957
16780: 0.823908
16781: 0.823918
16782: 0.823929
16783: 0.823939
16784: 0.82389
16785: 0.823841
16786: 0.823852
16787: 0.823862
16788: 0.823873
16789: 0.823883
16790: 0.823894
16791: 0.823904
16792: 0.823915
16793: 0.823925
16794: 0.823936
16795: 0.823946
16796: 0.823957
16797: 0.823908
16798: 0.823859
16799: 0.823869
16800: 0.82388
16801: 0.82389
16802: 0.8239
16803: 0.823911
16804: 0.823921
16805: 0.823932
16806: 0.823883
16807: 0.823893
16808: 0.823904
16809: 0.823914
16810: 0.823925
16811: 0.823935
16812: 0.823946
16813: 0.823956
16814: 0.823967
16815: 0.823977
16816: 0.823988
16817: 0.823939
16818: 0.823949
16819: 0.8239
16820: 0.823851
16821: 0.823802
16822: 0.823753
16823: 0.823704
16824: 0.823655
16825: 0.823666
16826: 0.823676
16827: 0.823687
16828: 0.823638
16829: 0.823648
16830: 0.823659
16831: 0.823669
16832: 0.82368
16833: 0.82369
16834: 0.823701
16835: 0.823652
16836: 0.823662
16837: 0.823673
16838: 0.823624
16839: 0.823634
16840: 0.823645
16841: 0.823596
16842: 0.823606
16843: 0.823617
16844: 0.823627
16845: 0.823578
16846: 0.823529
16847: 0.82354
16848: 0.82355
16849: 0.823501
16850: 0.823512
16851: 0.823522
16852: 0.823533
16853: 0.823543
16854: 0.823554
16855: 0.823564
16856: 0.823575
16857: 0.823585
16858: 0.823596
16859: 0.823606
16860: 0.823617
16861: 0.823568
16862: 0.823578
16863: 0.823589
16864: 0.82354
16865: 0.823491
16866: 0.823442
16867: 0.823453
16868: 0.823463
16869: 0.823474
16870: 0.823484
16871: 0.823495
16872: 0.823505
16873: 0.823515
16874: 0.823526
16875: 0.823536
16876: 0.823547
16877: 0.823557
16878: 0.823568
16879: 0.823578
16880: 0.823589
16881: 0.823599
16882: 0.82361
16883: 0.82362
16884: 0.823571
16885: 0.823522
16886: 0.823533
16887: 0.823543
16888: 0.823495
16889: 0.823505
16890: 0.823515
16891: 0.823526
16892: 0.823536
16893: 0.823547
16894: 0.823557
16895: 0.823568
16896: 0.823578
16897: 0.823589
16898: 0.823599
16899: 0.82355
16900: 0.823561
16901: 0.823571
16902: 0.823582
16903: 0.823592
16904: 0.823602
16905: 0.823613
16906: 0.823623
16907: 0.823634
16908: 0.823644
16909: 0.823655
16910: 0.823665
16911: 0.823675
16912: 0.823686
16913: 0.823696
16914: 0.823648
16915: 0.823599
16916: 0.823609
16917: 0.82362
16918: 0.82363
16919: 0.823641
16920: 0.823651
16921: 0.823602
16922: 0.823554
16923: 0.823564
16924: 0.823575
16925: 0.823585
16926: 0.823536
16927: 0.823547
16928: 0.823557
16929: 0.823568
16930: 0.823578
16931: 0.823588
16932: 0.823599
16933: 0.823609
16934: 0.82362
16935: 0.82363
16936: 0.823641
16937: 0.823651
16938: 0.823661
16939: 0.823672
16940: 0.823682
16941: 0.823693
16942: 0.823703
16943: 0.823713
16944: 0.823665
16945: 0.823616
16946: 0.823627
16947: 0.823637
16948: 0.823588
16949: 0.823599
16950: 0.823609
16951: 0.82362
16952: 0.82363
16953: 0.82364
16954: 0.823651
16955: 0.823661
16956: 0.823672
16957: 0.823682
16958: 0.823692
16959: 0.823703
16960: 0.823713
16961: 0.823724
16962: 0.823734
16963: 0.823744
16964: 0.823696
16965: 0.823647
16966: 0.823599
16967: 0.823609
16968: 0.82362
16969: 0.82363
16970: 0.823581
16971: 0.823592
16972: 0.823602
16973: 0.823613
16974: 0.823564
16975: 0.823574
16976: 0.823585
16977: 0.823595
16978: 0.823547
16979: 0.823498
16980: 0.823509
16981: 0.823519
16982: 0.823529
16983: 0.82354
16984: 0.823491
16985: 0.823502
16986: 0.823512
16987: 0.823522
16988: 0.823533
16989: 0.823543
16990: 0.823554
16991: 0.823564
16992: 0.823574
16993: 0.823585
16994: 0.823595
16995: 0.823606
16996: 0.823616
16997: 0.823626
16998: 0.823637
16999: 0.823647
17000: 0.823657
17001: 0.823668
17002: 0.823678
17003: 0.823689
17004: 0.82364
17005: 0.823592
17006: 0.823543
17007: 0.823554
17008: 0.823564
17009: 0.823574
17010: 0.823585
17011: 0.823595
17012: 0.823605
17013: 0.823557
17014: 0.823567
17015: 0.823578
17016: 0.823588
17017: 0.823599
17018: 0.823609
17019: 0.823619
17020: 0.82363
17021: 0.82364
17022: 0.82365
17023: 0.823661
17024: 0.823671
17025: 0.823681
17026: 0.823692
17027: 0.823643
17028: 0.823595
17029: 0.823547
17030: 0.823498
17031: 0.823509
17032: 0.823519
17033: 0.823529
17034: 0.82354
17035: 0.82355
17036: 0.82356
17037: 0.823571
17038: 0.823581
17039: 0.823592
17040: 0.823602
17041: 0.823612
17042: 0.823623
17043: 0.823633
17044: 0.823643
17045: 0.823654
17046: 0.823664
17047: 0.823674
17048: 0.823685
17049: 0.823695
17050: 0.823705
17051: 0.823716
17052: 0.823726
17053: 0.823736
17054: 0.823747
17055: 0.823757
17056: 0.823767
17057: 0.823778
17058: 0.823788
17059: 0.823798
17060: 0.823809
17061: 0.823819
17062: 0.823829
17063: 0.823781
17064: 0.823733
17065: 0.823743
17066: 0.823753
17067: 0.823764
17068: 0.823774
17069: 0.823784
17070: 0.823795
17071: 0.823805
17072: 0.823757
17073: 0.823709
17074: 0.82366
17075: 0.823612
17076: 0.823622
17077: 0.823574
17078: 0.823585
17079: 0.823595
17080: 0.823605
17081: 0.823557
17082: 0.823567
17083: 0.823578
17084: 0.823588
17085: 0.823598
17086: 0.82355
17087: 0.82356
17088: 0.823512
17089: 0.823464
17090: 0.823416
17091: 0.823426
17092: 0.823436
17093: 0.823447
17094: 0.823457
17095: 0.823409
17096: 0.823361
17097: 0.823371
17098: 0.823381
17099: 0.823392
17100: 0.823402
17101: 0.823412
17102: 0.823364
17103: 0.823375
17104: 0.823385
17105: 0.823395
17106: 0.823406
17107: 0.823416
17108: 0.823426
17109: 0.823437
17110: 0.823447
17111: 0.823457
17112: 0.823468
17113: 0.823478
17114: 0.823488
17115: 0.823498
17116: 0.823509
17117: 0.823461
17118: 0.823413
17119: 0.823423
17120: 0.823375
17121: 0.823385
17122: 0.823395
17123: 0.823406
17124: 0.823416
17125: 0.823368
17126: 0.82332
17127: 0.823272
17128: 0.823224
17129: 0.823176
17130: 0.823186
17131: 0.823196
17132: 0.823148
17133: 0.8231
17134: 0.823052
17135: 0.823063
17136: 0.823073
17137: 0.823083
17138: 0.823035
17139: 0.822987
17140: 0.822997
17141: 0.822949
17142: 0.82296
17143: 0.82297
17144: 0.82298
17145: 0.822991
17146: 0.823001
17147: 0.823011
17148: 0.823022
17149: 0.823032
17150: 0.823042
17151: 0.823053
17152: 0.823063
17153: 0.823073
17154: 0.823084
17155: 0.823094
17156: 0.823104
17157: 0.823115
17158: 0.823125
17159: 0.823135
17160: 0.823146
17161: 0.823156
17162: 0.823166
17163: 0.823176
17164: 0.823187
17165: 0.823197
17166: 0.823207
17167: 0.823218
17168: 0.823228
17169: 0.823238
17170: 0.823249
17171: 0.823259
17172: 0.823211
17173: 0.823221
17174: 0.823231
17175: 0.823242
17176: 0.823252
17177: 0.823262
17178: 0.823273
17179: 0.823283
17180: 0.823293
17181: 0.823303
17182: 0.823256
17183: 0.823208
17184: 0.823218
17185: 0.823228
17186: 0.823238
17187: 0.823249
17188: 0.823259
17189: 0.823269
17190: 0.82328
17191: 0.823232
17192: 0.823242
17193: 0.823252
17194: 0.823263
17195: 0.823215
17196: 0.823225
17197: 0.823235
17198: 0.823246
17199: 0.823256
17200: 0.823266
17201: 0.823276
17202: 0.823229
17203: 0.823181
17204: 0.823191
17205: 0.823201
17206: 0.823211
17207: 0.823222
17208: 0.823232
17209: 0.823184
17210: 0.823194
17211: 0.823205
17212: 0.823157
17213: 0.823109
17214: 0.823061
17215: 0.823013
17216: 0.823024
17217: 0.823034
17218: 0.823044
17219: 0.823055
17220: 0.823065
17221: 0.823075
17222: 0.823085
17223: 0.823096
17224: 0.823106
17225: 0.823116
17226: 0.823126
17227: 0.823137
17228: 0.823147
17229: 0.823157
17230: 0.823168
17231: 0.823178
17232: 0.823188
17233: 0.823198
17234: 0.823209
17235: 0.823219
17236: 0.823229
17237: 0.823239
17238: 0.82325
17239: 0.82326
17240: 0.82327
17241: 0.82328
17242: 0.823291
17243: 0.823301
17244: 0.823311
17245: 0.823263
17246: 0.823274
17247: 0.823284
17248: 0.823294
17249: 0.823304
17250: 0.823315
17251: 0.823325
17252: 0.823335
17253: 0.823345
17254: 0.823356
17255: 0.823366
17256: 0.823376
17257: 0.823386
17258: 0.823396
17259: 0.823407
17260: 0.823417
17261: 0.823427
17262: 0.823437
17263: 0.823448
17264: 0.8234
17265: 0.82341
17266: 0.82342
17267: 0.823431
17268: 0.823441
17269: 0.823451
17270: 0.823461
17271: 0.823472
17272: 0.823424
17273: 0.823376
17274: 0.823386
17275: 0.823397
17276: 0.823349
17277: 0.823359
17278: 0.823369
17279: 0.82338
17280: 0.82339
17281: 0.8234
17282: 0.82341
17283: 0.823421
17284: 0.823431
17285: 0.823441
17286: 0.823451
17287: 0.823461
17288: 0.823472
17289: 0.823482
17290: 0.823434
17291: 0.823387
17292: 0.823397
17293: 0.823349
17294: 0.823359
17295: 0.82337
17296: 0.82338
17297: 0.82339
17298: 0.8234
17299: 0.82341
17300: 0.823363
17301: 0.823315
17302: 0.823325
17303: 0.823336
17304: 0.823346
17305: 0.823356
17306: 0.823366
17307: 0.823319
17308: 0.823329
17309: 0.823339
17310: 0.823349
17311: 0.82336
17312: 0.823312
17313: 0.823322
17314: 0.823332
17315: 0.823343
17316: 0.823353
17317: 0.823363
17318: 0.823373
17319: 0.823383
17320: 0.823394
17321: 0.823404
17322: 0.823414
17323: 0.823366
17324: 0.823319
17325: 0.823271
17326: 0.823224
17327: 0.823234
17328: 0.823244
17329: 0.823254
17330: 0.823265
17331: 0.823275
17332: 0.823285
17333: 0.823238
17334: 0.823248
17335: 0.8232
17336: 0.82321
17337: 0.823221
17338: 0.823231
17339: 0.823241
17340: 0.823251
17341: 0.823261
17342: 0.823272
17343: 0.823282
17344: 0.823292
17345: 0.823302
17346: 0.823312
17347: 0.823323
17348: 0.823333
17349: 0.823285
17350: 0.823295
17351: 0.823306
17352: 0.823316
17353: 0.823326
17354: 0.823336
17355: 0.823346
17356: 0.823357
17357: 0.823367
17358: 0.823377
17359: 0.823387
17360: 0.823397
17361: 0.823407
17362: 0.823418
17363: 0.823428
17364: 0.823438
17365: 0.823448
17366: 0.823458
17367: 0.823411
17368: 0.823363
17369: 0.823374
17370: 0.823326
17371: 0.823279
17372: 0.823231
17373: 0.823242
17374: 0.823252
17375: 0.823204
17376: 0.823157
17377: 0.823167
17378: 0.823177
17379: 0.823188
17380: 0.823198
17381: 0.823208
17382: 0.823218
17383: 0.823228
17384: 0.823238
17385: 0.823191
17386: 0.823144
17387: 0.823096
17388: 0.823107
17389: 0.823117
17390: 0.823127
17391: 0.823137
17392: 0.823147
17393: 0.823157
17394: 0.823168
17395: 0.823178
17396: 0.82313
17397: 0.823083
17398: 0.823093
17399: 0.823103
17400: 0.823056
17401: 0.823066
17402: 0.823076
17403: 0.823087
17404: 0.823097
17405: 0.823107
17406: 0.823117
17407: 0.823127
17408: 0.823137
17409: 0.823148
17410: 0.8231
17411: 0.823053
17412: 0.823063
17413: 0.823073
17414: 0.823084
17415: 0.823094
17416: 0.823104
17417: 0.823114
17418: 0.823067
17419: 0.82302
17420: 0.82303
17421: 0.82304
17422: 0.82305
17423: 0.82306
17424: 0.82307
17425: 0.82308
17426: 0.823033
17427: 0.823043
17428: 0.822996
17429: 0.823006
17430: 0.823016
17431: 0.823027
17432: 0.823037
17433: 0.823047
17434: 0.823057
17435: 0.823067
17436: 0.82302
17437: 0.822973
17438: 0.822983
17439: 0.822993
17440: 0.823003
17441: 0.823013
17442: 0.823024
17443: 0.823034
17444: 0.823044
17445: 0.822997
17446: 0.823007
17447: 0.823017
17448: 0.823027
17449: 0.82298
17450: 0.822933
17451: 0.822886
17452: 0.822896
17453: 0.822906
17454: 0.822916
17455: 0.822926
17456: 0.822936
17457: 0.822947
17458: 0.822957
17459: 0.822967
17460: 0.822977
17461: 0.82293
17462: 0.822883
17463: 0.822893
17464: 0.822903
17465: 0.822913
17466: 0.822923
17467: 0.822933
17468: 0.822943
17469: 0.822954
17470: 0.822964
17471: 0.822974
17472: 0.822984
17473: 0.822994
17474: 0.823004
17475: 0.823014
17476: 0.823025
17477: 0.823035
17478: 0.823045
17479: 0.823055
17480: 0.823065
17481: 0.823075
17482: 0.823085
17483: 0.823095
17484: 0.823106
17485: 0.823116
17486: 0.823126
17487: 0.823136
17488: 0.823146
17489: 0.823156
17490: 0.823166
17491: 0.823176
17492: 0.823186
17493: 0.823197
17494: 0.823207
17495: 0.82316
17496: 0.82317
17497: 0.82318
17498: 0.82319
17499: 0.8232
17500: 0.82321
17501: 0.82322
17502: 0.82323
17503: 0.823183
17504: 0.823136
17505: 0.823146
17506: 0.823156
17507: 0.823167
17508: 0.823177
17509: 0.823187
17510: 0.823197
17511: 0.823207
17512: 0.823217
17513: 0.823227
17514: 0.823237
17515: 0.823247
17516: 0.823257
17517: 0.823267
17518: 0.823278
17519: 0.823288
17520: 0.823241
17521: 0.823251
17522: 0.823261
17523: 0.823271
17524: 0.823281
17525: 0.823291
17526: 0.823301
17527: 0.823254
17528: 0.823264
17529: 0.823274
17530: 0.823284
17531: 0.823295
17532: 0.823305
17533: 0.823315
17534: 0.823325
17535: 0.823335
17536: 0.823345
17537: 0.823355
17538: 0.823365
17539: 0.823375
17540: 0.823385
17541: 0.823395
17542: 0.823405
17543: 0.823415
17544: 0.823425
17545: 0.823436
17546: 0.823446
17547: 0.823456
17548: 0.823466
17549: 0.823476
17550: 0.823486
17551: 0.823496
17552: 0.823506
17553: 0.823516
17554: 0.823469
17555: 0.823422
17556: 0.823432
17557: 0.823442
17558: 0.823452
17559: 0.823405
17560: 0.823416
17561: 0.823426
17562: 0.823436
17563: 0.823446
17564: 0.823456
17565: 0.823466
17566: 0.823476
17567: 0.823429
17568: 0.823439
17569: 0.823449
17570: 0.823459
17571: 0.823469
17572: 0.823479
17573: 0.823489
17574: 0.823499
17575: 0.823452
17576: 0.823462
17577: 0.823473
17578: 0.823483
17579: 0.823493
17580: 0.823503
17581: 0.823513
17582: 0.823466
17583: 0.823476
17584: 0.823486
17585: 0.823496
17586: 0.823506
17587: 0.823516
17588: 0.823526
17589: 0.823536
17590: 0.823546
17591: 0.823556
17592: 0.823566
17593: 0.823576
17594: 0.823529
17595: 0.823483
17596: 0.823493
17597: 0.823503
17598: 0.823513
17599: 0.823523
17600: 0.823533
17601: 0.823543
17602: 0.823553
17603: 0.823506
17604: 0.823459
17605: 0.823412
17606: 0.823366
17607: 0.823376
17608: 0.823386
17609: 0.823396
17610: 0.823406
17611: 0.823416
17612: 0.823426
17613: 0.823436
17614: 0.823389
17615: 0.823399
17616: 0.823409
17617: 0.823419
17618: 0.823429
17619: 0.823439
17620: 0.823393
17621: 0.823403
17622: 0.823413
17623: 0.823366
17624: 0.823319
17625: 0.823272
17626: 0.823282
17627: 0.823292
17628: 0.823303
17629: 0.823313
17630: 0.823323
17631: 0.823333
17632: 0.823286
17633: 0.823296
17634: 0.823249
17635: 0.823259
17636: 0.823269
17637: 0.823279
17638: 0.823289
17639: 0.823299
17640: 0.823309
17641: 0.823319
17642: 0.823329
17643: 0.823283
17644: 0.823236
17645: 0.823246
17646: 0.823256
17647: 0.823266
17648: 0.823276
17649: 0.823286
17650: 0.823296
17651: 0.823306
17652: 0.82326
17653: 0.82327
17654: 0.82328
17655: 0.82329
17656: 0.8233
17657: 0.82331
17658: 0.82332
17659: 0.82333
17660: 0.82334
17661: 0.82335
17662: 0.82336
17663: 0.82337
17664: 0.82338
17665: 0.82339
17666: 0.8234
17667: 0.823353
17668: 0.823306
17669: 0.82326
17670: 0.823213
17671: 0.823167
17672: 0.82312
17673: 0.82313
17674: 0.82314
17675: 0.82315
17676: 0.82316
17677: 0.82317
17678: 0.82318
17679: 0.82319
17680: 0.8232
17681: 0.82321
17682: 0.82322
17683: 0.82323
17684: 0.82324
17685: 0.82325
17686: 0.82326
17687: 0.82327
17688: 0.82328
17689: 0.82329
17690: 0.8233
17691: 0.82331
17692: 0.82332
17693: 0.82333
17694: 0.82334
17695: 0.82335
17696: 0.82336
17697: 0.82337
17698: 0.82338
17699: 0.82339
17700: 0.8234
17701: 0.82341
17702: 0.82342
17703: 0.82343
17704: 0.823383
17705: 0.823393
17706: 0.823403
17707: 0.823413
17708: 0.823423
17709: 0.823433
17710: 0.823443
17711: 0.823397
17712: 0.82335
17713: 0.82336
17714: 0.82337
17715: 0.82338
17716: 0.82339
17717: 0.8234
17718: 0.82341
17719: 0.82342
17720: 0.82343
17721: 0.823383
17722: 0.823337
17723: 0.82329
17724: 0.8233
17725: 0.82331
17726: 0.82332
17727: 0.82333
17728: 0.82334
17729: 0.82335
17730: 0.82336
17731: 0.82337
17732: 0.823324
17733: 0.823277
17734: 0.823287
17735: 0.823297
17736: 0.823251
17737: 0.823261
17738: 0.823214
17739: 0.823224
17740: 0.823234
17741: 0.823244
17742: 0.823198
17743: 0.823151
17744: 0.823161
17745: 0.823171
17746: 0.823181
17747: 0.823191
17748: 0.823201
17749: 0.823211
17750: 0.823221
17751: 0.823175
17752: 0.823185
17753: 0.823138
17754: 0.823148
17755: 0.823158
17756: 0.823168
17757: 0.823122
17758: 0.823132
17759: 0.823142
17760: 0.823152
17761: 0.823162
17762: 0.823172
17763: 0.823182
17764: 0.823192
17765: 0.823202
17766: 0.823155
17767: 0.823165
17768: 0.823175
17769: 0.823129
17770: 0.823139
17771: 0.823149
17772: 0.823159
17773: 0.823112
17774: 0.823122
17775: 0.823132
17776: 0.823142
17777: 0.823096
17778: 0.82305
17779: 0.823003
17780: 0.822957
17781: 0.822911
17782: 0.822865
17783: 0.822874
17784: 0.822884
17785: 0.822894
17786: 0.822904
17787: 0.822914
17788: 0.822924
17789: 0.822934
17790: 0.822944
17791: 0.822954
17792: 0.822964
17793: 0.822918
17794: 0.822928
17795: 0.822938
17796: 0.822948
17797: 0.822958
17798: 0.822968
17799: 0.822978
17800: 0.822987
17801: 0.822997
17802: 0.823007
17803: 0.823017
17804: 0.823027
17805: 0.823037
17806: 0.823047
17807: 0.823057
17808: 0.823067
17809: 0.823077
17810: 0.823031
17811: 0.822985
17812: 0.822938
17813: 0.822892
17814: 0.822902
17815: 0.822912
17816: 0.822922
17817: 0.822932
17818: 0.822942
17819: 0.822952
17820: 0.822962
17821: 0.822915
17822: 0.822869
17823: 0.822879
17824: 0.822889
17825: 0.822899
17826: 0.822909
17827: 0.822919
17828: 0.822929
17829: 0.822939
17830: 0.822949
17831: 0.822903
17832: 0.822857
17833: 0.822866
17834: 0.822876
17835: 0.822886
17836: 0.82284
17837: 0.82285
17838: 0.82286
17839: 0.82287
17840: 0.82288
17841: 0.82289
17842: 0.8229
17843: 0.82291
17844: 0.82292
17845: 0.82293
17846: 0.822939
17847: 0.822949
17848: 0.822959
17849: 0.822969
17850: 0.822979
17851: 0.822989
17852: 0.822999
17853: 0.823009
17854: 0.823019
17855: 0.823029
17856: 0.822983
17857: 0.822936
17858: 0.82289
17859: 0.8229
17860: 0.82291
17861: 0.82292
17862: 0.82293
17863: 0.82294
17864: 0.82295
17865: 0.82296
17866: 0.82297
17867: 0.822924
17868: 0.822934
17869: 0.822888
17870: 0.822897
17871: 0.822907
17872: 0.822861
17873: 0.822871
17874: 0.822881
17875: 0.822891
17876: 0.822901
17877: 0.822855
17878: 0.822865
17879: 0.822875
17880: 0.822885
17881: 0.822895
17882: 0.822904
17883: 0.822914
17884: 0.822924
17885: 0.822934
17886: 0.822944
17887: 0.822954
17888: 0.822964
17889: 0.822918
17890: 0.822928
17891: 0.822938
17892: 0.822948
17893: 0.822957
17894: 0.822967
17895: 0.822977
17896: 0.822987
17897: 0.822997
17898: 0.823007
17899: 0.823017
17900: 0.823027
17901: 0.822981
17902: 0.822991
17903: 0.823
17904: 0.82301
17905: 0.82302
17906: 0.82303
17907: 0.82304
17908: 0.82305
17909: 0.82306
17910: 0.82307
17911: 0.823079
17912: 0.823089
17913: 0.823099
17914: 0.823109
17915: 0.823119
17916: 0.823129
17917: 0.823139
17918: 0.823149
17919: 0.823158
17920: 0.823113
17921: 0.823067
17922: 0.823021
17923: 0.822975
17924: 0.822929
17925: 0.822939
17926: 0.822949
17927: 0.822959
17928: 0.822968
17929: 0.822978
17930: 0.822988
17931: 0.822998
17932: 0.823008
17933: 0.823018
17934: 0.823028
17935: 0.823037
17936: 0.823047
17937: 0.823057
17938: 0.823067
17939: 0.823021
17940: 0.822975
17941: 0.822929
17942: 0.822939
17943: 0.822949
17944: 0.822959
17945: 0.822913
17946: 0.822923
17947: 0.822933
17948: 0.822943
17949: 0.822953
17950: 0.822963
17951: 0.822972
17952: 0.822982
17953: 0.822992
17954: 0.823002
17955: 0.823012
17956: 0.823022
17957: 0.823032
17958: 0.823041
17959: 0.822996
17960: 0.823005
17961: 0.823015
17962: 0.823025
17963: 0.823035
17964: 0.823045
17965: 0.823055
17966: 0.823065
17967: 0.823074
17968: 0.823029
17969: 0.823038
17970: 0.823048
17971: 0.823058
17972: 0.823068
17973: 0.823078
17974: 0.823088
17975: 0.823097
17976: 0.823107
17977: 0.823117
17978: 0.823127
17979: 0.823137
17980: 0.823147
17981: 0.823156
17982: 0.823166
17983: 0.823176
17984: 0.823186
17985: 0.823196
17986: 0.823206
17987: 0.823215
17988: 0.823225
17989: 0.823235
17990: 0.823245
17991: 0.823255
17992: 0.823265
17993: 0.823274
17994: 0.823284
17995: 0.823294
17996: 0.823304
17997: 0.823314
17998: 0.823324
17999: 0.823333
18000: 0.823343
18001: 0.823353
18002: 0.823363
18003: 0.823373
18004: 0.823382
18005: 0.823392
18006: 0.823402
18007: 0.823412
18008: 0.823422
18009: 0.823431
18010: 0.823441
18011: 0.823451
18012: 0.823461
18013: 0.823471
18014: 0.82348
18015: 0.82349
18016: 0.823445
18017: 0.823454
18018: 0.823464
18019: 0.823474
18020: 0.823484
18021: 0.823494
18022: 0.823503
18023: 0.823513
18024: 0.823523
18025: 0.823533
18026: 0.823542
18027: 0.823552
18028: 0.823562
18029: 0.823572
18030: 0.823582
18031: 0.823591
18032: 0.823546
18033: 0.8235
18034: 0.82351
18035: 0.82352
18036: 0.823529
18037: 0.823539
18038: 0.823549
18039: 0.823559
18040: 0.823569
18041: 0.823578
18042: 0.823588
18043: 0.823598
18044: 0.823608
18045: 0.823617
18046: 0.823627
18047: 0.823637
18048: 0.823647
18049: 0.823601
18050: 0.823611
18051: 0.823621
18052: 0.82363
18053: 0.823585
18054: 0.823539
18055: 0.823549
18056: 0.823559
18057: 0.823569
18058: 0.823578
18059: 0.823588
18060: 0.823598
18061: 0.823608
18062: 0.823617
18063: 0.823627
18064: 0.823637
18065: 0.823647
18066: 0.823656
18067: 0.823666
18068: 0.823676
18069: 0.82363
18070: 0.82364
18071: 0.82365
18072: 0.82366
18073: 0.823614
18074: 0.823568
18075: 0.823523
18076: 0.823533
18077: 0.823542
18078: 0.823552
18079: 0.823562
18080: 0.823572
18081: 0.823581
18082: 0.823591
18083: 0.823601
18084: 0.823555
18085: 0.823565
18086: 0.82352
18087: 0.823474
18088: 0.823429
18089: 0.823438
18090: 0.823448
18091: 0.823458
18092: 0.823468
18093: 0.823477
18094: 0.823487
18095: 0.823497
18096: 0.823507
18097: 0.823516
18098: 0.823471
18099: 0.823481
18100: 0.82349
18101: 0.8235
18102: 0.823455
18103: 0.823464
18104: 0.823474
18105: 0.823484
18106: 0.823494
18107: 0.823503
18108: 0.823513
18109: 0.823523
18110: 0.823533
18111: 0.823542
18112: 0.823552
18113: 0.823562
18114: 0.823572
18115: 0.823581
18116: 0.823591
18117: 0.823601
18118: 0.823555
18119: 0.823565
18120: 0.823575
18121: 0.823585
18122: 0.823539
18123: 0.823494
18124: 0.823503
18125: 0.823513
18126: 0.823523
18127: 0.823533
18128: 0.823542
18129: 0.823552
18130: 0.823562
18131: 0.823572
18132: 0.823581
18133: 0.823591
18134: 0.823601
18135: 0.82361
18136: 0.82362
18137: 0.823575
18138: 0.823585
18139: 0.823594
18140: 0.823604
18141: 0.823614
18142: 0.823623
18143: 0.823633
18144: 0.823643
18145: 0.823653
18146: 0.823662
18147: 0.823672
18148: 0.823627
18149: 0.823636
18150: 0.823646
18151: 0.823656
18152: 0.823666
18153: 0.823675
18154: 0.82363
18155: 0.82364
18156: 0.823649
18157: 0.823659
18158: 0.823669
18159: 0.823678
18160: 0.823688
18161: 0.823698
18162: 0.823708
18163: 0.823717
18164: 0.823727
18165: 0.823737
18166: 0.823746
18167: 0.823756
18168: 0.823711
18169: 0.82372
18170: 0.82373
18171: 0.82374
18172: 0.82375
18173: 0.823759
18174: 0.823769
18175: 0.823779
18176: 0.823788
18177: 0.823743
18178: 0.823698
18179: 0.823652
18180: 0.823662
18181: 0.823672
18182: 0.823681
18183: 0.823691
18184: 0.823701
18185: 0.823656
18186: 0.823665
18187: 0.823675
18188: 0.823685
18189: 0.823694
18190: 0.823704
18191: 0.823714
18192: 0.823723
18193: 0.823733
18194: 0.823743
18195: 0.823752
18196: 0.823707
18197: 0.823717
18198: 0.823727
18199: 0.823736
18200: 0.823746
18201: 0.823756
18202: 0.823765
18203: 0.823775
18204: 0.823785
18205: 0.823739
18206: 0.823694
18207: 0.823704
18208: 0.823714
18209: 0.823668
18210: 0.823678
18211: 0.823633
18212: 0.823642
18213: 0.823652
18214: 0.823662
18215: 0.823671
18216: 0.823681
18217: 0.823691
18218: 0.823701
18219: 0.82371
18220: 0.82372
18221: 0.82373
18222: 0.823739
18223: 0.823749
18224: 0.823759
18225: 0.823768
18226: 0.823778
18227: 0.823788
18228: 0.823797
18229: 0.823807
18230: 0.823817
18231: 0.823826
18232: 0.823836
18233: 0.823846
18234: 0.8238
18235: 0.82381
18236: 0.82382
18237: 0.823829
18238: 0.823839
18239: 0.823849
18240: 0.823858
18241: 0.823813
18242: 0.823823
18243: 0.823832
18244: 0.823842
18245: 0.823852
18246: 0.823861
18247: 0.823871
18248: 0.823881
18249: 0.82389
18250: 0.8239
18251: 0.82391
18252: 0.823919
18253: 0.823929
18254: 0.823939
18255: 0.823948
18256: 0.823958
18257: 0.823968
18258: 0.823977
18259: 0.823987
18260: 0.823996
18261: 0.824006
18262: 0.824016
18263: 0.824025
18264: 0.824035
18265: 0.824045
18266: 0.824054
18267: 0.824009
18268: 0.823964
18269: 0.823974
18270: 0.823983
18271: 0.823993
18272: 0.824003
18273: 0.824012
18274: 0.824022
18275: 0.824032
18276: 0.823986
18277: 0.823996
18278: 0.824006
18279: 0.824015
18280: 0.824025
18281: 0.82398
18282: 0.823935
18283: 0.823944
18284: 0.823954
18285: 0.823964
18286: 0.823973
18287: 0.823983
18288: 0.823993
18289: 0.824002
18290: 0.824012
18291: 0.824021
18292: 0.823976
18293: 0.823931
18294: 0.823886
18295: 0.823896
18296: 0.823906
18297: 0.823915
18298: 0.823925
18299: 0.82388
18300: 0.823889
18301: 0.823899
18302: 0.823909
18303: 0.823918
18304: 0.823928
18305: 0.823938
18306: 0.823947
18307: 0.823957
18308: 0.823966
18309: 0.823976
18310: 0.823986
18311: 0.823995
18312: 0.824005
18313: 0.824014
18314: 0.823969
18315: 0.823924
18316: 0.823879
18317: 0.823834
18318: 0.82379
18319: 0.823799
18320: 0.823809
18321: 0.823818
18322: 0.823828
18323: 0.823838
18324: 0.823793
18325: 0.823802
18326: 0.823812
18327: 0.823767
18328: 0.823777
18329: 0.823786
18330: 0.823796
18331: 0.823805
18332: 0.823815
18333: 0.823825
18334: 0.823834
18335: 0.823844
18336: 0.823853
18337: 0.823863
18338: 0.823873
18339: 0.823882
18340: 0.823892
18341: 0.823901
18342: 0.823911
18343: 0.823921
18344: 0.82393
18345: 0.82394
18346: 0.823949
18347: 0.823959
18348: 0.823969
18349: 0.823978
18350: 0.823988
18351: 0.823997
18352: 0.824007
18353: 0.824017
18354: 0.824026
18355: 0.824036
18356: 0.824045
18357: 0.824055
18358: 0.824064
18359: 0.82402
18360: 0.824029
18361: 0.824039
18362: 0.824048
18363: 0.824058
18364: 0.824068
18365: 0.824023
18366: 0.823978
18367: 0.823987
18368: 0.823997
18369: 0.824007
18370: 0.823962
18371: 0.823971
18372: 0.823981
18373: 0.82399
18374: 0.823946
18375: 0.823955
18376: 0.823965
18377: 0.823974
18378: 0.823984
18379: 0.823993
18380: 0.824003
18381: 0.824013
18382: 0.824022
18383: 0.824032
18384: 0.823987
18385: 0.823997
18386: 0.824006
18387: 0.824016
18388: 0.823971
18389: 0.82398
18390: 0.823936
18391: 0.823891
18392: 0.8239
18393: 0.82391
18394: 0.82392
18395: 0.823929
18396: 0.823939
18397: 0.823948
18398: 0.823903
18399: 0.823859
18400: 0.823868
18401: 0.823878
18402: 0.823887
18403: 0.823897
18404: 0.823907
18405: 0.823916
18406: 0.823871
18407: 0.823881
18408: 0.82389
18409: 0.8239
18410: 0.82391
18411: 0.823919
18412: 0.823929
18413: 0.823938
18414: 0.823948
18415: 0.823957
18416: 0.823967
18417: 0.823977
18418: 0.823986
18419: 0.823996
18420: 0.824005
18421: 0.824015
18422: 0.824024
18423: 0.824034
18424: 0.824043
18425: 0.824053
18426: 0.824063
18427: 0.824072
18428: 0.824082
18429: 0.824091
18430: 0.824046
18431: 0.824002
18432: 0.823957
18433: 0.823912
18434: 0.823868
18435: 0.823823
18436: 0.823833
18437: 0.823842
18438: 0.823852
18439: 0.823861
18440: 0.823871
18441: 0.82388
18442: 0.82389
18443: 0.823899
18444: 0.823909
18445: 0.823918
18446: 0.823928
18447: 0.823938
18448: 0.823947
18449: 0.823957
18450: 0.823966
18451: 0.823976
18452: 0.823985
18453: 0.823995
18454: 0.824004
18455: 0.824014
18456: 0.824023
18457: 0.824033
18458: 0.824042
18459: 0.824052
18460: 0.824062
18461: 0.824071
18462: 0.824081
18463: 0.82409
18464: 0.824045
18465: 0.824055
18466: 0.824065
18467: 0.824074
18468: 0.824084
18469: 0.824093
18470: 0.824103
18471: 0.824112
18472: 0.824122
18473: 0.824131
18474: 0.824141
18475: 0.82415
18476: 0.824106
18477: 0.824061
18478: 0.824016
18479: 0.824026
18480: 0.824035
18481: 0.824045
18482: 0.824
18483: 0.82401
18484: 0.824019
18485: 0.824029
18486: 0.824039
18487: 0.824048
18488: 0.824058
18489: 0.824067
18490: 0.824077
18491: 0.824086
18492: 0.824096
18493: 0.824105
18494: 0.824115
18495: 0.824124
18496: 0.824134
18497: 0.824143
18498: 0.824153
18499: 0.824162
18500: 0.824172
18501: 0.824181
18502: 0.824191
18503: 0.8242
18504: 0.82421
18505: 0.824219
18506: 0.824229
18507: 0.824238
18508: 0.824248
18509: 0.824257
18510: 0.824267
18511: 0.824276
18512: 0.824286
18513: 0.824295
18514: 0.824251
18515: 0.824206
18516: 0.824162
18517: 0.824117
18518: 0.824073
18519: 0.824082
18520: 0.824092
18521: 0.824101
18522: 0.824111
18523: 0.82412
18524: 0.82413
18525: 0.824139
18526: 0.824149
18527: 0.824158
18528: 0.824114
18529: 0.824069
18530: 0.824079
18531: 0.824088
18532: 0.824098
18533: 0.824107
18534: 0.824117
18535: 0.824126
18536: 0.824136
18537: 0.824145
18538: 0.824154
18539: 0.824164
18540: 0.824173
18541: 0.824183
18542: 0.824192
18543: 0.824202
18544: 0.824211
18545: 0.824221
18546: 0.82423
18547: 0.82424
18548: 0.824249
18549: 0.824259
18550: 0.824268
18551: 0.824278
18552: 0.824287
18553: 0.824297
18554: 0.824252
18555: 0.824208
18556: 0.824163
18557: 0.824173
18558: 0.824182
18559: 0.824192
18560: 0.824201
18561: 0.824211
18562: 0.82422
18563: 0.824176
18564: 0.824185
18565: 0.824141
18566: 0.82415
18567: 0.82416
18568: 0.824169
18569: 0.824179
18570: 0.824188
18571: 0.824198
18572: 0.824153
18573: 0.824163
18574: 0.824172
18575: 0.824128
18576: 0.824137
18577: 0.824093
18578: 0.824049
18579: 0.824058
18580: 0.824068
18581: 0.824077
18582: 0.824087
18583: 0.824096
18584: 0.824105
18585: 0.824115
18586: 0.824124
18587: 0.824134
18588: 0.824143
18589: 0.824153
18590: 0.824162
18591: 0.824172
18592: 0.824181
18593: 0.824191
18594: 0.8242
18595: 0.82421
18596: 0.824219
18597: 0.824228
18598: 0.824238
18599: 0.824247
18600: 0.824257
18601: 0.824266
18602: 0.824276
18603: 0.824285
18604: 0.824295
18605: 0.824304
18606: 0.824313
18607: 0.824323
18608: 0.824332
18609: 0.824342
18610: 0.824297
18611: 0.824307
18612: 0.824316
18613: 0.824326
18614: 0.824335
18615: 0.824345
18616: 0.824354
18617: 0.824364
18618: 0.824373
18619: 0.824382
18620: 0.824392
18621: 0.824401
18622: 0.824411
18623: 0.82442
18624: 0.824376
18625: 0.824332
18626: 0.824341
18627: 0.82435
18628: 0.82436
18629: 0.824369
18630: 0.824379
18631: 0.824334
18632: 0.824344
18633: 0.824353
18634: 0.824363
18635: 0.824372
18636: 0.824382
18637: 0.824391
18638: 0.8244
18639: 0.82441
18640: 0.824419
18641: 0.824429
18642: 0.824438
18643: 0.824448
18644: 0.824457
18645: 0.824466
18646: 0.824422
18647: 0.824378
18648: 0.824387
18649: 0.824397
18650: 0.824406
18651: 0.824416
18652: 0.824425
18653: 0.824434
18654: 0.824444
18655: 0.824453
18656: 0.824463
18657: 0.824472
18658: 0.824428
18659: 0.824437
18660: 0.824447
18661: 0.824403
18662: 0.824412
18663: 0.824421
18664: 0.824431
18665: 0.82444
18666: 0.824396
18667: 0.824352
18668: 0.824361
18669: 0.824371
18670: 0.82438
18671: 0.824389
18672: 0.824399
18673: 0.824408
18674: 0.824364
18675: 0.82432
18676: 0.824276
18677: 0.824285
18678: 0.824241
18679: 0.824251
18680: 0.82426
18681: 0.824269
18682: 0.824279
18683: 0.824288
18684: 0.824298
18685: 0.824307
18686: 0.824316
18687: 0.824272
18688: 0.824282
18689: 0.824291
18690: 0.8243
18691: 0.82431
18692: 0.824319
18693: 0.824329
18694: 0.824338
18695: 0.824347
18696: 0.824357
18697: 0.824366
18698: 0.824376
18699: 0.824385
18700: 0.824341
18701: 0.82435
18702: 0.82436
18703: 0.824369
18704: 0.824379
18705: 0.824388
18706: 0.824344
18707: 0.824353
18708: 0.824363
18709: 0.824319
18710: 0.824328
18711: 0.824337
18712: 0.824347
18713: 0.824356
18714: 0.824365
18715: 0.824375
18716: 0.824331
18717: 0.824287
18718: 0.824296
18719: 0.824306
18720: 0.824315
18721: 0.824324
18722: 0.824334
18723: 0.824343
18724: 0.824352
18725: 0.824362
18726: 0.824371
18727: 0.824381
18728: 0.82439
18729: 0.824399
18730: 0.824409
18731: 0.824418
18732: 0.824427
18733: 0.824437
18734: 0.824446
18735: 0.824456
18736: 0.824465
18737: 0.824474
18738: 0.824484
18739: 0.824493
18740: 0.824502
18741: 0.824512
18742: 0.824521
18743: 0.824531
18744: 0.82454
18745: 0.824549
18746: 0.824559
18747: 0.824568
18748: 0.824577
18749: 0.824533
18750: 0.824543
18751: 0.824552
18752: 0.824561
18753: 0.824571
18754: 0.824527
18755: 0.824536
18756: 0.824546
18757: 0.824555
18758: 0.824564
18759: 0.824574
18760: 0.824583
18761: 0.824592
18762: 0.824602
18763: 0.824558
18764: 0.824514
18765: 0.82447
18766: 0.824479
18767: 0.824488
18768: 0.824498
18769: 0.824507
18770: 0.824517
18771: 0.824526
18772: 0.824535
18773: 0.824491
18774: 0.824447
18775: 0.824403
18776: 0.82436
18777: 0.824316
18778: 0.824325
18779: 0.824334
18780: 0.824344
18781: 0.824353
18782: 0.824362
18783: 0.824372
18784: 0.824381
18785: 0.824391
18786: 0.8244
18787: 0.824409
18788: 0.824365
18789: 0.824321
18790: 0.824278
18791: 0.824234
18792: 0.82419
18793: 0.824146
18794: 0.824102
18795: 0.824112
18796: 0.824121
18797: 0.82413
18798: 0.82414
18799: 0.824096
18800: 0.824105
18801: 0.824114
18802: 0.824124
18803: 0.824133
18804: 0.824143
18805: 0.824152
18806: 0.824161
18807: 0.824171
18808: 0.82418
18809: 0.824189
18810: 0.824199
18811: 0.824208
18812: 0.824217
18813: 0.824227
18814: 0.824236
18815: 0.824192
18816: 0.824202
18817: 0.824211
18818: 0.82422
18819: 0.82423
18820: 0.824239
18821: 0.824248
18822: 0.824258
18823: 0.824214
18824: 0.82417
18825: 0.824126
18826: 0.824082
18827: 0.824092
18828: 0.824101
18829: 0.82411
18830: 0.82412
18831: 0.824076
18832: 0.824085
18833: 0.824095
18834: 0.824104
18835: 0.82406
18836: 0.824017
18837: 0.824026
18838: 0.824035
18839: 0.824045
18840: 0.824054
18841: 0.824063
18842: 0.824073
18843: 0.824082
18844: 0.824091
18845: 0.824101
18846: 0.82411
18847: 0.824119
18848: 0.824129
18849: 0.824138
18850: 0.824147
18851: 0.824157
18852: 0.824166
18853: 0.824175
18854: 0.824185
18855: 0.824194
18856: 0.824203
18857: 0.824213
18858: 0.824222
18859: 0.824231
18860: 0.82424
18861: 0.82425
18862: 0.824259
18863: 0.824268
18864: 0.824225
18865: 0.824181
18866: 0.824137
18867: 0.824094
18868: 0.824103
18869: 0.824112
18870: 0.824069
18871: 0.824078
18872: 0.824087
18873: 0.824097
18874: 0.824106
18875: 0.824115
18876: 0.824125
18877: 0.824134
18878: 0.824143
18879: 0.824153
18880: 0.824162
18881: 0.824171
18882: 0.82418
18883: 0.82419
18884: 0.824199
18885: 0.824208
18886: 0.824218
18887: 0.824227
18888: 0.824236
18889: 0.824193
18890: 0.824149
18891: 0.824158
18892: 0.824168
18893: 0.824177
18894: 0.824186
18895: 0.824196
18896: 0.824205
18897: 0.824214
18898: 0.824224
18899: 0.824233
18900: 0.824189
18901: 0.824146
18902: 0.824102
18903: 0.824111
18904: 0.824121
18905: 0.82413
18906: 0.824139
18907: 0.824096
18908: 0.824052
18909: 0.824061
18910: 0.824071
18911: 0.824027
18912: 0.823984
18913: 0.823993
18914: 0.823949
18915: 0.823959
18916: 0.823968
18917: 0.823977
18918: 0.823986
18919: 0.823996
18920: 0.824005
18921: 0.824014
18922: 0.823971
18923: 0.82398
18924: 0.823989
18925: 0.823999
18926: 0.824008
18927: 0.824017
18928: 0.824027
18929: 0.824036
18930: 0.824045
18931: 0.824055
18932: 0.824064
18933: 0.824073
18934: 0.824082
18935: 0.824092
18936: 0.824048
18937: 0.824057
18938: 0.824067
18939: 0.824076
18940: 0.824085
18941: 0.824095
18942: 0.824104
18943: 0.82406
18944: 0.824017
18945: 0.823973
18946: 0.823983
18947: 0.823939
18948: 0.823896
18949: 0.823905
18950: 0.823914
18951: 0.823924
18952: 0.823933
18953: 0.823942
18954: 0.823899
18955: 0.823855
18956: 0.823812
18957: 0.823821
18958: 0.823778
18959: 0.823734
18960: 0.823743
18961: 0.823753
18962: 0.823762
18963: 0.823771
18964: 0.823781
18965: 0.82379
18966: 0.823799
18967: 0.823809
18968: 0.823818
18969: 0.823827
18970: 0.823836
18971: 0.823846
18972: 0.823855
18973: 0.823864
18974: 0.823874
18975: 0.823883
18976: 0.823892
18977: 0.823901
18978: 0.823911
18979: 0.82392
18980: 0.823929
18981: 0.823938
18982: 0.823895
18983: 0.823904
18984: 0.823914
18985: 0.823923
18986: 0.823879
18987: 0.823836
18988: 0.823793
18989: 0.823802
18990: 0.823811
18991: 0.823821
18992: 0.82383
18993: 0.823839
18994: 0.823848
18995: 0.823858
18996: 0.823867
18997: 0.823876
18998: 0.823885
18999: 0.823895
19000: 0.823904
19001: 0.823913
19002: 0.823923
19003: 0.823932
19004: 0.823941
19005: 0.82395
19006: 0.823907
19007: 0.823916
19008: 0.823926
19009: 0.823935
19010: 0.823944
19011: 0.823953
19012: 0.82391
19013: 0.823867
19014: 0.823876
19015: 0.823885
19016: 0.823894
19017: 0.823904
19018: 0.823913
19019: 0.823922
19020: 0.823931
19021: 0.823941
19022: 0.82395
19023: 0.823959
19024: 0.823968
19025: 0.823978
19026: 0.823987
19027: 0.823996
19028: 0.824005
19029: 0.824015
19030: 0.824024
19031: 0.824033
19032: 0.824042
19033: 0.824052
19034: 0.824061
19035: 0.82407
19036: 0.824079
19037: 0.824089
19038: 0.824098
19039: 0.824107
19040: 0.824116
19041: 0.824126
19042: 0.824135
19043: 0.824144
19044: 0.824153
19045: 0.824163
19046: 0.824172
19047: 0.824181
19048: 0.82419
19049: 0.824199
19050: 0.824209
19051: 0.824218
19052: 0.824227
19053: 0.824236
19054: 0.824246
19055: 0.824255
19056: 0.824212
19057: 0.824168
19058: 0.824178
19059: 0.824187
19060: 0.824196
19061: 0.824153
19062: 0.82411
19063: 0.824119
19064: 0.824128
19065: 0.824137
19066: 0.824146
19067: 0.824103
19068: 0.824112
19069: 0.824122
19070: 0.824131
19071: 0.824088
19072: 0.824097
19073: 0.824054
19074: 0.824063
19075: 0.82402
19076: 0.823977
19077: 0.823933
19078: 0.82389
19079: 0.823899
19080: 0.823909
19081: 0.823918
19082: 0.823927
19083: 0.823936
19084: 0.823946
19085: 0.823955
19086: 0.823964
19087: 0.823921
19088: 0.823878
19089: 0.823834
19090: 0.823844
19091: 0.823853
19092: 0.823862
19093: 0.823819
19094: 0.823776
19095: 0.823785
19096: 0.823794
19097: 0.823804
19098: 0.82376
19099: 0.82377
19100: 0.823779
19101: 0.823788
19102: 0.823745
19103: 0.823702
19104: 0.823659
19105: 0.823616
19106: 0.823625
19107: 0.823634
19108: 0.823643
19109: 0.823653
19110: 0.823662
19111: 0.823671
19112: 0.82368
19113: 0.823689
19114: 0.823699
19115: 0.823708
19116: 0.823717
19117: 0.823674
19118: 0.823683
19119: 0.823692
19120: 0.823702
19121: 0.823659
19122: 0.823616
19123: 0.823625
19124: 0.823634
19125: 0.823643
19126: 0.823652
19127: 0.823662
19128: 0.823671
19129: 0.82368
19130: 0.823689
19131: 0.823699
19132: 0.823655
19133: 0.823665
19134: 0.823674
19135: 0.823683
19136: 0.823692
19137: 0.823702
19138: 0.823711
19139: 0.82372
19140: 0.823729
19141: 0.823738
19142: 0.823748
19143: 0.823757
19144: 0.823766
19145: 0.823775
19146: 0.823784
19147: 0.823794
19148: 0.823803
19149: 0.823812
19150: 0.823769
19151: 0.823778
19152: 0.823787
19153: 0.823797
19154: 0.823806
19155: 0.823815
19156: 0.823824
19157: 0.823833
19158: 0.823843
19159: 0.823852
19160: 0.823861
19161: 0.82387
19162: 0.823879
19163: 0.823889
19164: 0.823898
19165: 0.823907
19166: 0.823864
19167: 0.823821
19168: 0.823778
19169: 0.823735
19170: 0.823744
19171: 0.823753
19172: 0.823763
19173: 0.823772
19174: 0.823729
19175: 0.823738
19176: 0.823747
19177: 0.823756
19178: 0.823766
19179: 0.823723
19180: 0.82368
19181: 0.823637
19182: 0.823646
19183: 0.823655
19184: 0.823664
19185: 0.823674
19186: 0.823631
19187: 0.82364
19188: 0.823649
19189: 0.823658
19190: 0.823667
19191: 0.823677
19192: 0.823686
19193: 0.823695
19194: 0.823704
19195: 0.823661
19196: 0.82367
19197: 0.82368
19198: 0.823689
19199: 0.823698
19200: 0.823655
19201: 0.823612
19202: 0.823569
19203: 0.823578
19204: 0.823588
19205: 0.823597
19206: 0.823606
19207: 0.823615
19208: 0.823572
19209: 0.823529
19210: 0.823539
19211: 0.823548
19212: 0.823557
19213: 0.823566
19214: 0.823575
19215: 0.823585
19216: 0.823594
19217: 0.823603
19218: 0.823612
19219: 0.823621
19220: 0.82363
19221: 0.82364
19222: 0.823649
19223: 0.823658
19224: 0.823667
19225: 0.823676
19226: 0.823685
19227: 0.823695
19228: 0.823652
19229: 0.823661
19230: 0.82367
19231: 0.823679
19232: 0.823688
19233: 0.823698
19234: 0.823707
19235: 0.823664
19236: 0.823673
19237: 0.823682
19238: 0.823691
19239: 0.823701
19240: 0.82371
19241: 0.823719
19242: 0.823728
19243: 0.823737
19244: 0.823746
19245: 0.823756
19246: 0.823765
19247: 0.823774
19248: 0.823783
19249: 0.823792
19250: 0.823801
19251: 0.823811
19252: 0.82382
19253: 0.823829
19254: 0.823838
19255: 0.823847
19256: 0.823856
19257: 0.823865
19258: 0.823875
19259: 0.823884
19260: 0.823893
19261: 0.823902
19262: 0.823859
19263: 0.823868
19264: 0.823877
19265: 0.823887
19266: 0.823896
19267: 0.823853
19268: 0.823862
19269: 0.823871
19270: 0.82388
19271: 0.82389
19272: 0.823899
19273: 0.823908
19274: 0.823917
19275: 0.823926
19276: 0.823935
19277: 0.823944
19278: 0.823954
19279: 0.823963
19280: 0.823972
19281: 0.823981
19282: 0.82399
19283: 0.823999
19284: 0.824008
19285: 0.824017
19286: 0.824027
19287: 0.824036
19288: 0.824045
19289: 0.824054
19290: 0.824063
19291: 0.824072
19292: 0.824081
19293: 0.82409
19294: 0.824048
19295: 0.824057
19296: 0.824066
19297: 0.824075
19298: 0.824084
19299: 0.824093
19300: 0.824102
19301: 0.82406
19302: 0.824069
19303: 0.824026
19304: 0.823983
19305: 0.823941
19306: 0.82395
19307: 0.823959
19308: 0.823968
19309: 0.823977
19310: 0.823986
19311: 0.823995
19312: 0.824005
19313: 0.824014
19314: 0.824023
19315: 0.824032
19316: 0.824041
19317: 0.82405
19318: 0.824059
19319: 0.824068
19320: 0.824077
19321: 0.824035
19322: 0.823992
19323: 0.823949
19324: 0.823907
19325: 0.823864
19326: 0.823822
19327: 0.823831
19328: 0.82384
19329: 0.823849
19330: 0.823858
19331: 0.823867
19332: 0.823876
19333: 0.823885
19334: 0.823894
19335: 0.823904
19336: 0.823861
19337: 0.82387
19338: 0.823879
19339: 0.823888
19340: 0.823897
19341: 0.823907
19342: 0.823916
19343: 0.823925
19344: 0.823934
19345: 0.823943
19346: 0.8239
19347: 0.823858
19348: 0.823867
19349: 0.823876
19350: 0.823885
19351: 0.823894
19352: 0.823852
19353: 0.823861
19354: 0.82387
19355: 0.823827
19356: 0.823785
19357: 0.823794
19358: 0.823751
19359: 0.823709
19360: 0.823718
19361: 0.823727
19362: 0.823736
19363: 0.823745
19364: 0.823754
19365: 0.823763
19366: 0.823772
19367: 0.82373
19368: 0.823687
19369: 0.823696
19370: 0.823706
19371: 0.823715
19372: 0.823724
19373: 0.823733
19374: 0.823742
19375: 0.823751
19376: 0.82376
19377: 0.823769
19378: 0.823778
19379: 0.823787
19380: 0.823797
19381: 0.823754
19382: 0.823763
19383: 0.823772
19384: 0.823781
19385: 0.82379
19386: 0.823799
19387: 0.823757
19388: 0.823714
19389: 0.823672
19390: 0.82363
19391: 0.823639
19392: 0.823648
19393: 0.823657
19394: 0.823614
19395: 0.823572
19396: 0.823581
19397: 0.82359
19398: 0.823599
19399: 0.823608
19400: 0.823617
19401: 0.823626
19402: 0.823636
19403: 0.823645
19404: 0.823654
19405: 0.823663
19406: 0.823672
19407: 0.823681
19408: 0.82369
19409: 0.823699
19410: 0.823708
19411: 0.823717
19412: 0.823726
19413: 0.823735
19414: 0.823745
19415: 0.823754
19416: 0.823763
19417: 0.82372
19418: 0.823678
19419: 0.823687
19420: 0.823645
19421: 0.823602
19422: 0.823611
19423: 0.82362
19424: 0.823629
19425: 0.823638
19426: 0.823648
19427: 0.823657
19428: 0.823666
19429: 0.823675
19430: 0.823684
19431: 0.823693
19432: 0.823702
19433: 0.823711
19434: 0.82372
19435: 0.823729
19436: 0.823738
19437: 0.823747
19438: 0.823756
19439: 0.823765
19440: 0.823774
19441: 0.823784
19442: 0.823793
19443: 0.823802
19444: 0.823811
19445: 0.82382
19446: 0.823829
19447: 0.823838
19448: 0.823847
19449: 0.823856
19450: 0.823865
19451: 0.823874
19452: 0.823883
19453: 0.823841
19454: 0.823799
19455: 0.823756
19456: 0.823714
19457: 0.823671
19458: 0.823681
19459: 0.82369
19460: 0.823699
19461: 0.823656
19462: 0.823614
19463: 0.823623
19464: 0.823632
19465: 0.823641
19466: 0.82365
19467: 0.823659
19468: 0.823668
19469: 0.823677
19470: 0.823687
19471: 0.823696
19472: 0.823705
19473: 0.823714
19474: 0.823723
19475: 0.823732
19476: 0.823741
19477: 0.82375
19478: 0.823759
19479: 0.823768
19480: 0.823777
19481: 0.823786
19482: 0.823795
19483: 0.823804
19484: 0.823813
19485: 0.823822
19486: 0.823831
19487: 0.82384
19488: 0.823798
19489: 0.823756
19490: 0.823714
19491: 0.823723
19492: 0.823732
19493: 0.823741
19494: 0.82375
19495: 0.823759
19496: 0.823768
19497: 0.823777
19498: 0.823735
19499: 0.823744
19500: 0.823753
19501: 0.823762
19502: 0.823771
19503: 0.823728
19504: 0.823738
19505: 0.823747
19506: 0.823756
19507: 0.823713
19508: 0.823722
19509: 0.823731
19510: 0.82374
19511: 0.823749
19512: 0.823759
19513: 0.823768
19514: 0.823777
19515: 0.823786
19516: 0.823795
19517: 0.823804
19518: 0.823813
19519: 0.823822
19520: 0.823831
19521: 0.82384
19522: 0.823849
19523: 0.823858
19524: 0.823867
19525: 0.823876
19526: 0.823885
19527: 0.823894
19528: 0.823903
19529: 0.823912
19530: 0.823921
19531: 0.82393
19532: 0.823939
19533: 0.823948
19534: 0.823957
19535: 0.823966
19536: 0.823975
19537: 0.823984
19538: 0.823993
19539: 0.824002
19540: 0.824011
19541: 0.82402
19542: 0.824029
19543: 0.823987
19544: 0.823945
19545: 0.823903
19546: 0.823912
19547: 0.823921
19548: 0.82393
19549: 0.823939
19550: 0.823896
19551: 0.823905
19552: 0.823914
19553: 0.823923
19554: 0.823932
19555: 0.823942
19556: 0.823951
19557: 0.823908
19558: 0.823866
19559: 0.823875
19560: 0.823884
19561: 0.823893
19562: 0.823902
19563: 0.823911
19564: 0.82392
19565: 0.823929
19566: 0.823938
19567: 0.823947
19568: 0.823956
19569: 0.823965
19570: 0.823974
19571: 0.823983
19572: 0.823992
19573: 0.824001
19574: 0.82401
19575: 0.824019
19576: 0.824028
19577: 0.824037
19578: 0.824046
19579: 0.824004
19580: 0.823962
19581: 0.823971
19582: 0.82398
19583: 0.823989
19584: 0.823998
19585: 0.824007
19586: 0.823965
19587: 0.823974
19588: 0.823983
19589: 0.823992
19590: 0.824001
19591: 0.82401
19592: 0.824019
19593: 0.824028
19594: 0.824037
19595: 0.824046
19596: 0.824055
19597: 0.824064
19598: 0.824073
19599: 0.824082
19600: 0.824091
19601: 0.8241
19602: 0.824109
19603: 0.824118
19604: 0.824126
19605: 0.824135
19606: 0.824144
19607: 0.824153
19608: 0.824162
19609: 0.824171
19610: 0.82418
19611: 0.824189
19612: 0.824147
19613: 0.824156
19614: 0.824165
19615: 0.824174
19616: 0.824132
19617: 0.824141
19618: 0.82415
19619: 0.824159
19620: 0.824168
19621: 0.824177
19622: 0.824186
19623: 0.824144
19624: 0.824153
19625: 0.824162
19626: 0.824171
19627: 0.82418
19628: 0.824189
19629: 0.824198
19630: 0.824207
19631: 0.824165
19632: 0.824123
19633: 0.824081
19634: 0.82409
19635: 0.824099
19636: 0.824108
19637: 0.824117
19638: 0.824075
19639: 0.824084
19640: 0.824092
19641: 0.824101
19642: 0.82411
19643: 0.824119
19644: 0.824128
19645: 0.824137
19646: 0.824146
19647: 0.824104
19648: 0.824113
19649: 0.824122
19650: 0.824131
19651: 0.82414
19652: 0.824149
19653: 0.824158
19654: 0.824167
19655: 0.824125
19656: 0.824134
19657: 0.824143
19658: 0.824152
19659: 0.824161
19660: 0.82417
19661: 0.824179
19662: 0.824188
19663: 0.824197
19664: 0.824205
19665: 0.824164
19666: 0.824172
19667: 0.824181
19668: 0.82419
19669: 0.824148
19670: 0.824157
19671: 0.824166
19672: 0.824175
19673: 0.824184
19674: 0.824193
19675: 0.824202
19676: 0.824211
19677: 0.82422
19678: 0.824229
19679: 0.824187
19680: 0.824145
19681: 0.824154
19682: 0.824163
19683: 0.824172
19684: 0.824181
19685: 0.82419
19686: 0.824199
19687: 0.824208
19688: 0.824217
19689: 0.824225
19690: 0.824234
19691: 0.824193
19692: 0.824201
19693: 0.82421
19694: 0.824219
19695: 0.824228
19696: 0.824237
19697: 0.824246
19698: 0.824204
19699: 0.824162
19700: 0.824121
19701: 0.82413
19702: 0.824138
19703: 0.824147
19704: 0.824156
19705: 0.824165
19706: 0.824123
19707: 0.824082
19708: 0.82404
19709: 0.824049
19710: 0.824058
19711: 0.824016
19712: 0.823974
19713: 0.823932
19714: 0.82389
19715: 0.823849
19716: 0.823858
19717: 0.823867
19718: 0.823825
19719: 0.823783
19720: 0.823792
19721: 0.823801
19722: 0.82381
19723: 0.823819
19724: 0.823828
19725: 0.823837
19726: 0.823845
19727: 0.823854
19728: 0.823863
19729: 0.823872
19730: 0.823881
19731: 0.82389
19732: 0.823899
19733: 0.823908
19734: 0.823917
19735: 0.823926
19736: 0.823935
19737: 0.823944
19738: 0.823953
19739: 0.823961
19740: 0.82397
19741: 0.823979
19742: 0.823988
19743: 0.823997
19744: 0.824006
19745: 0.824015
19746: 0.824024
19747: 0.824033
19748: 0.824042
19749: 0.824051
19750: 0.824009
19751: 0.823967
19752: 0.823976
19753: 0.823985
19754: 0.823994
19755: 0.824003
19756: 0.824012
19757: 0.824021
19758: 0.82403
19759: 0.824038
19760: 0.824047
19761: 0.824056
19762: 0.824065
19763: 0.824074
19764: 0.824083
19765: 0.824092
19766: 0.824101
19767: 0.82411
19768: 0.824119
19769: 0.824127
19770: 0.824086
19771: 0.824044
19772: 0.824053
19773: 0.824062
19774: 0.824071
19775: 0.82408
19776: 0.824089
19777: 0.824097
19778: 0.824106
19779: 0.824115
19780: 0.824074
19781: 0.824032
19782: 0.824041
19783: 0.82405
19784: 0.824059
19785: 0.824068
19786: 0.824076
19787: 0.824085
19788: 0.824094
19789: 0.824103
19790: 0.824112
19791: 0.824121
19792: 0.82413
19793: 0.824139
19794: 0.824097
19795: 0.824055
19796: 0.824014
19797: 0.824023
19798: 0.824032
19799: 0.82404
19800: 0.824049
19801: 0.824008
19802: 0.824017
19803: 0.824025
19804: 0.824034
19805: 0.824043
19806: 0.824052
19807: 0.824061
19808: 0.82407
19809: 0.824079
19810: 0.824088
19811: 0.824097
19812: 0.824105
19813: 0.824114
19814: 0.824123
19815: 0.824132
19816: 0.824141
19817: 0.824099
19818: 0.824108
19819: 0.824117
19820: 0.824126
19821: 0.824135
19822: 0.824093
19823: 0.824102
19824: 0.824111
19825: 0.82412
19826: 0.824129
19827: 0.824087
19828: 0.824096
19829: 0.824105
19830: 0.824114
19831: 0.824123
19832: 0.824131
19833: 0.82414
19834: 0.824149
19835: 0.824158
19836: 0.824167
19837: 0.824176
19838: 0.824134
19839: 0.824093
19840: 0.824102
19841: 0.82411
19842: 0.824119
19843: 0.824128
19844: 0.824137
19845: 0.824096
19846: 0.824104
19847: 0.824113
19848: 0.824122
19849: 0.824131
19850: 0.82414
19851: 0.824149
19852: 0.824158
19853: 0.824166
19854: 0.824175
19855: 0.824184
19856: 0.824193
19857: 0.824202
19858: 0.82416
19859: 0.824119
19860: 0.824128
19861: 0.824137
19862: 0.824145
19863: 0.824154
19864: 0.824113
19865: 0.824071
19866: 0.82408
19867: 0.824089
19868: 0.824098
19869: 0.824107
19870: 0.824065
19871: 0.824074
19872: 0.824033
19873: 0.823991
19874: 0.824
19875: 0.824009
19876: 0.824018
19877: 0.824027
19878: 0.824035
19879: 0.824044
19880: 0.824053
19881: 0.824062
19882: 0.824071
19883: 0.82408
19884: 0.824089
19885: 0.824097
19886: 0.824106
19887: 0.824115
19888: 0.824124
19889: 0.824133
19890: 0.824142
19891: 0.82415
19892: 0.824159
19893: 0.824168
19894: 0.824177
19895: 0.824186
19896: 0.824195
19897: 0.824203
19898: 0.824212
19899: 0.824221
19900: 0.82423
19901: 0.824239
19902: 0.824248
19903: 0.824256
19904: 0.824265
19905: 0.824274
19906: 0.824283
19907: 0.824292
19908: 0.824301
19909: 0.824309
19910: 0.824318
19911: 0.824327
19912: 0.824336
19913: 0.824345
19914: 0.824354
19915: 0.824312
19916: 0.824321
19917: 0.82433
19918: 0.824339
19919: 0.824347
19920: 0.824356
19921: 0.824365
19922: 0.824374
19923: 0.824383
19924: 0.824391
19925: 0.8244
19926: 0.824409
19927: 0.824418
19928: 0.824427
19929: 0.824436
19930: 0.824444
19931: 0.824403
19932: 0.824412
19933: 0.824421
19934: 0.824429
19935: 0.824438
19936: 0.824397
19937: 0.824406
19938: 0.824414
19939: 0.824423
19940: 0.824432
19941: 0.824441
19942: 0.82445
19943: 0.824458
19944: 0.824467
19945: 0.824476
19946: 0.824485
19947: 0.824494
19948: 0.824502
19949: 0.824511
19950: 0.82452
19951: 0.824529
19952: 0.824538
19953: 0.824546
19954: 0.824555
19955: 0.824564
19956: 0.824573
19957: 0.824582
19958: 0.82459
19959: 0.824599
19960: 0.824608
19961: 0.824617
19962: 0.824626
19963: 0.824584
19964: 0.824543
19965: 0.824502
19966: 0.82446
19967: 0.824469
19968: 0.824478
19969: 0.824487
19970: 0.824496
19971: 0.824504
19972: 0.824513
19973: 0.824522
19974: 0.824531
19975: 0.824489
19976: 0.824448
19977: 0.824457
19978: 0.824466
19979: 0.824474
19980: 0.824483
19981: 0.824492
19982: 0.824501
19983: 0.82451
19984: 0.824468
19985: 0.824477
19986: 0.824486
19987: 0.824495
19988: 0.824503
19989: 0.824512
19990: 0.824521
19991: 0.82453
19992: 0.824539
19993: 0.824547
19994: 0.824556
19995: 0.824565
19996: 0.824574
19997: 0.824582
19998: 0.824591
19999: 0.8246
20000: 0.824609
20001: 0.824618
20002: 0.824626
20003: 0.824635
20004: 0.824644
20005: 0.824603
20006: 0.824561
20007: 0.82457
20008: 0.824579
20009: 0.824588
20010: 0.824596
20011: 0.824555
20012: 0.824514
20013: 0.824473
20014: 0.824482
20015: 0.82449
20016: 0.824499
20017: 0.824508
20018: 0.824517
20019: 0.824525
20020: 0.824484
20021: 0.824443
20022: 0.824452
20023: 0.824461
20024: 0.824469
20025: 0.824478
20026: 0.824437
20027: 0.824446
20028: 0.824455
20029: 0.824463
20030: 0.824472
20031: 0.824431
20032: 0.82444
20033: 0.824448
20034: 0.824457
20035: 0.824416
20036: 0.824425
20037: 0.824434
20038: 0.824442
20039: 0.824401
20040: 0.82441
20041: 0.824419
20042: 0.824427
20043: 0.824436
20044: 0.824395
20045: 0.824354
20046: 0.824313
20047: 0.824322
20048: 0.82433
20049: 0.824339
20050: 0.824298
20051: 0.824257
20052: 0.824266
20053: 0.824225
20054: 0.824233
20055: 0.824242
20056: 0.824251
20057: 0.82426
20058: 0.824268
20059: 0.824277
20060: 0.824286
20061: 0.824295
20062: 0.824303
20063: 0.824312
20064: 0.824321
20065: 0.82433
20066: 0.824289
20067: 0.824297
20068: 0.824306
20069: 0.824315
20070: 0.824324
20071: 0.824332
20072: 0.824341
20073: 0.82435
20074: 0.824359
20075: 0.824367
20076: 0.824376
20077: 0.824385
20078: 0.824394
20079: 0.824402
20080: 0.824411
20081: 0.82442
20082: 0.824429
20083: 0.824437
20084: 0.824446
20085: 0.824455
20086: 0.824464
20087: 0.824472
20088: 0.824481
20089: 0.82449
20090: 0.824499
20091: 0.824507
20092: 0.824516
20093: 0.824525
20094: 0.824533
20095: 0.824542
20096: 0.824551
20097: 0.82456
20098: 0.824568
20099: 0.824527
20100: 0.824536
20101: 0.824545
20102: 0.824554
20103: 0.824562
20104: 0.824571
20105: 0.82453
20106: 0.824489
20107: 0.824448
20108: 0.824457
20109: 0.824465
20110: 0.824474
20111: 0.824483
20112: 0.824492
20113: 0.8245
20114: 0.824509
20115: 0.824518
20116: 0.824527
20117: 0.824535
20118: 0.824544
20119: 0.824553
20120: 0.824561
20121: 0.82457
20122: 0.824579
20123: 0.824588
20124: 0.824596
20125: 0.824605
20126: 0.824614
20127: 0.824622
20128: 0.824581
20129: 0.82459
20130: 0.824599
20131: 0.824608
20132: 0.824616
20133: 0.824625
20134: 0.824634
20135: 0.824642
20136: 0.824601
20137: 0.82461
20138: 0.824619
20139: 0.824628
20140: 0.824636
20141: 0.824645
20142: 0.824654
20143: 0.824662
20144: 0.824671
20145: 0.82468
20146: 0.824689
20147: 0.824697
20148: 0.824706
20149: 0.824665
20150: 0.824624
20151: 0.824583
20152: 0.824592
20153: 0.824601
20154: 0.824609
20155: 0.824618
20156: 0.824627
20157: 0.824635
20158: 0.824644
20159: 0.824603
20160: 0.824562
20161: 0.824571
20162: 0.82453
20163: 0.824539
20164: 0.824547
20165: 0.824556
20166: 0.824565
20167: 0.824574
20168: 0.824582
20169: 0.824591
20170: 0.8246
20171: 0.824608
20172: 0.824617
20173: 0.824626
20174: 0.824634
20175: 0.824643
20176: 0.824652
20177: 0.824661
20178: 0.824669
20179: 0.824678
20180: 0.824687
20181: 0.824695
20182: 0.824704
20183: 0.824713
20184: 0.824721
20185: 0.82473
20186: 0.824689
20187: 0.824648
20188: 0.824657
20189: 0.824666
20190: 0.824674
20191: 0.824683
20192: 0.824692
20193: 0.8247
20194: 0.824709
20195: 0.824718
20196: 0.824726
20197: 0.824735
20198: 0.824744
20199: 0.824752
20200: 0.824761
20201: 0.82477
20202: 0.824729
20203: 0.824688
20204: 0.824647
20205: 0.824607
20206: 0.824566
20207: 0.824525
20208: 0.824484
20209: 0.824443
20210: 0.824403
20211: 0.824362
20212: 0.82437
20213: 0.824379
20214: 0.824388
20215: 0.824397
20216: 0.824405
20217: 0.824414
20218: 0.824423
20219: 0.824431
20220: 0.82444
20221: 0.824449
20222: 0.824457
20223: 0.824466
20224: 0.824475
20225: 0.824483
20226: 0.824492
20227: 0.824501
20228: 0.824509
20229: 0.824518
20230: 0.824527
20231: 0.824486
20232: 0.824445
20233: 0.824454
20234: 0.824463
20235: 0.824471
20236: 0.82448
20237: 0.824489
20238: 0.824448
20239: 0.824407
20240: 0.824416
20241: 0.824424
20242: 0.824384
20243: 0.824343
20244: 0.824302
20245: 0.824262
20246: 0.82427
20247: 0.824279
20248: 0.824288
20249: 0.824247
20250: 0.824256
20251: 0.824215
20252: 0.824224
20253: 0.824232
20254: 0.824241
20255: 0.82425
20256: 0.824258
20257: 0.824267
20258: 0.824276
20259: 0.824284
20260: 0.824244
20261: 0.824252
20262: 0.824212
20263: 0.824171
20264: 0.82418
20265: 0.824188
20266: 0.824197
20267: 0.824206
20268: 0.824214
20269: 0.824223
20270: 0.824232
20271: 0.82424
20272: 0.824249
20273: 0.824208
20274: 0.824217
20275: 0.824226
20276: 0.824234
20277: 0.824243
20278: 0.824252
20279: 0.82426
20280: 0.824269
20281: 0.824278
20282: 0.824286
20283: 0.824246
20284: 0.824205
20285: 0.824164
20286: 0.824124
20287: 0.824083
20288: 0.824092
20289: 0.824051
20290: 0.82406
20291: 0.824069
20292: 0.824077
20293: 0.824086
20294: 0.824095
20295: 0.824103
20296: 0.824112
20297: 0.824121
20298: 0.82408
20299: 0.824089
20300: 0.824048
20301: 0.824057
20302: 0.824016
20303: 0.824025
20304: 0.824033
20305: 0.824042
20306: 0.824051
20307: 0.824059
20308: 0.824019
20309: 0.824028
20310: 0.824036
20311: 0.824045
20312: 0.824054
20313: 0.824062
20314: 0.824071
20315: 0.82408
20316: 0.824088
20317: 0.824097
20318: 0.824056
20319: 0.824065
20320: 0.824074
20321: 0.824082
20322: 0.824042
20323: 0.82405
20324: 0.824059
20325: 0.824068
20326: 0.824076
20327: 0.824085
20328: 0.824094
20329: 0.824102
20330: 0.824111
20331: 0.82412
20332: 0.824128
20333: 0.824088
20334: 0.824096
20335: 0.824105
20336: 0.824065
20337: 0.824024
20338: 0.824033
20339: 0.824041
20340: 0.82405
20341: 0.824059
20342: 0.824067
20343: 0.824027
20344: 0.823986
20345: 0.823995
20346: 0.824004
20347: 0.824012
20348: 0.823972
20349: 0.82398
20350: 0.823989
20351: 0.823998
20352: 0.824006
20353: 0.823966
20354: 0.823974
20355: 0.823983
20356: 0.823992
20357: 0.824
20358: 0.824009
20359: 0.824018
20360: 0.824026
20361: 0.824035
20362: 0.824044
20363: 0.824052
20364: 0.824061
20365: 0.82402
20366: 0.824029
20367: 0.824038
20368: 0.824046
20369: 0.824055
20370: 0.824064
20371: 0.824072
20372: 0.824081
20373: 0.82404
20374: 0.824049
20375: 0.824058
20376: 0.824066
20377: 0.824075
20378: 0.824084
20379: 0.824092
20380: 0.824101
20381: 0.82411
20382: 0.824069
20383: 0.824078
20384: 0.824086
20385: 0.824095
20386: 0.824104
20387: 0.824112
20388: 0.824072
20389: 0.82408
20390: 0.824089
20391: 0.824049
20392: 0.824008
20393: 0.824017
20394: 0.824025
20395: 0.824034
20396: 0.824043
20397: 0.824051
20398: 0.82406
20399: 0.824069
20400: 0.824077
20401: 0.824086
20402: 0.824094
20403: 0.824054
20404: 0.824063
20405: 0.824071
20406: 0.82408
20407: 0.824089
20408: 0.824097
20409: 0.824106
20410: 0.824114
20411: 0.824123
20412: 0.824083
20413: 0.824042
20414: 0.824002
20415: 0.824011
20416: 0.824019
20417: 0.824028
20418: 0.824036
20419: 0.824045
20420: 0.824054
20421: 0.824062
20422: 0.824071
20423: 0.82408
20424: 0.824088
20425: 0.824097
20426: 0.824056
20427: 0.824065
20428: 0.824074
20429: 0.824082
20430: 0.824091
20431: 0.824099
20432: 0.824108
20433: 0.824117
20434: 0.824125
20435: 0.824085
20436: 0.824045
20437: 0.824053
20438: 0.824062
20439: 0.82407
20440: 0.824079
20441: 0.824088
20442: 0.824096
20443: 0.824056
20444: 0.824065
20445: 0.824073
20446: 0.824082
20447: 0.82409
20448: 0.824099
20449: 0.824108
20450: 0.824116
20451: 0.824125
20452: 0.824133
20453: 0.824142
20454: 0.824151
20455: 0.824159
20456: 0.824168
20457: 0.824176
20458: 0.824185
20459: 0.824194
20460: 0.824202
20461: 0.824211
20462: 0.82417
20463: 0.824179
20464: 0.824188
20465: 0.824196
20466: 0.824205
20467: 0.824213
20468: 0.824222
20469: 0.824231
20470: 0.824239
20471: 0.824248
20472: 0.824256
20473: 0.824216
20474: 0.824176
20475: 0.824184
20476: 0.824193
20477: 0.824202
20478: 0.82421
20479: 0.824219
20480: 0.824227
20481: 0.824236
20482: 0.824244
20483: 0.824253
20484: 0.824213
20485: 0.824221
20486: 0.824181
20487: 0.82419
20488: 0.824198
20489: 0.824207
20490: 0.824216
20491: 0.824224
20492: 0.824233
20493: 0.824241
20494: 0.82425
20495: 0.824258
20496: 0.824267
20497: 0.824276
20498: 0.824284
20499: 0.824293
20500: 0.824252
20501: 0.824261
20502: 0.82427
20503: 0.824278
20504: 0.824287
20505: 0.824295
20506: 0.824304
20507: 0.824312
20508: 0.824321
20509: 0.82433
20510: 0.824338
20511: 0.824347
20512: 0.824355
20513: 0.824364
20514: 0.824372
20515: 0.824381
20516: 0.82439
20517: 0.824398
20518: 0.824407
20519: 0.824415
20520: 0.824424
20521: 0.824432
20522: 0.824441
20523: 0.824449
20524: 0.824458
20525: 0.824418
20526: 0.824426
20527: 0.824435
20528: 0.824443
20529: 0.824452
20530: 0.824461
20531: 0.824469
20532: 0.824478
20533: 0.824486
20534: 0.824495
20535: 0.824503
20536: 0.824512
20537: 0.82452
20538: 0.824529
20539: 0.824537
20540: 0.824546
20541: 0.824506
20542: 0.824514
20543: 0.824474
20544: 0.824483
20545: 0.824491
20546: 0.8245
20547: 0.824508
20548: 0.824517
20549: 0.824526
20550: 0.824534
20551: 0.824543
20552: 0.824551
20553: 0.82456
20554: 0.824568
20555: 0.824577
20556: 0.824585
20557: 0.824594
20558: 0.824602
20559: 0.824611
20560: 0.824571
20561: 0.824579
20562: 0.824588
20563: 0.824596
20564: 0.824605
20565: 0.824613
20566: 0.824622
20567: 0.82463
20568: 0.824639
20569: 0.824648
20570: 0.824656
20571: 0.824665
20572: 0.824673
20573: 0.824682
20574: 0.82469
20575: 0.82465
20576: 0.824659
20577: 0.824667
20578: 0.824676
20579: 0.824684
20580: 0.824693
20581: 0.824701
20582: 0.82471
20583: 0.824718
20584: 0.824727
20585: 0.824735
20586: 0.824744
20587: 0.824752
20588: 0.824761
20589: 0.824769
20590: 0.824778
20591: 0.824786
20592: 0.824795
20593: 0.824803
20594: 0.824812
20595: 0.82482
20596: 0.824829
20597: 0.824837
20598: 0.824797
20599: 0.824806
20600: 0.824814
20601: 0.824823
20602: 0.824831
20603: 0.82484
20604: 0.824848
20605: 0.824857
20606: 0.824865
20607: 0.824825
20608: 0.824785
20609: 0.824745
20610: 0.824754
20611: 0.824762
20612: 0.824771
20613: 0.824779
20614: 0.824788
20615: 0.824796
20616: 0.824805
20617: 0.824813
20618: 0.824822
20619: 0.82483
20620: 0.824839
20621: 0.824799
20622: 0.824807
20623: 0.824816
20624: 0.824824
20625: 0.824833
20626: 0.824841
20627: 0.824801
20628: 0.82481
20629: 0.824818
20630: 0.824827
20631: 0.824835
20632: 0.824844
20633: 0.824852
20634: 0.824861
20635: 0.824869
20636: 0.824878
20637: 0.824886
20638: 0.824895
20639: 0.824903
20640: 0.824912
20641: 0.82492
20642: 0.824929
20643: 0.824937
20644: 0.824946
20645: 0.824954
20646: 0.824962
20647: 0.824971
20648: 0.824979
20649: 0.824988
20650: 0.824996
20651: 0.825005
20652: 0.825013
20653: 0.825022
20654: 0.82503
20655: 0.825039
20656: 0.825047
20657: 0.825056
20658: 0.825064
20659: 0.825073
20660: 0.825081
20661: 0.825041
20662: 0.82505
20663: 0.825058
20664: 0.825067
20665: 0.825075
20666: 0.825083
20667: 0.825092
20668: 0.825052
20669: 0.82506
20670: 0.825069
20671: 0.825029
20672: 0.825037
20673: 0.825046
20674: 0.825054
20675: 0.825063
20676: 0.825071
20677: 0.82508
20678: 0.82504
20679: 0.825
20680: 0.825008
20681: 0.824969
20682: 0.824977
20683: 0.824985
20684: 0.824994
20685: 0.825002
20686: 0.825011
20687: 0.825019
20688: 0.825028
20689: 0.825036
20690: 0.825045
20691: 0.825053
20692: 0.825062
20693: 0.825022
20694: 0.82503
20695: 0.825039
20696: 0.825047
20697: 0.825056
20698: 0.825064
20699: 0.825072
20700: 0.825081
20701: 0.825089
20702: 0.825098
20703: 0.825106
20704: 0.825115
20705: 0.825123
20706: 0.825132
20707: 0.82514
20708: 0.825148
20709: 0.825157
20710: 0.825165
20711: 0.825174
20712: 0.825182
20713: 0.825191
20714: 0.825151
20715: 0.825111
20716: 0.825071
20717: 0.82508
20718: 0.825088
20719: 0.825097
20720: 0.825057
20721: 0.825017
20722: 0.825025
20723: 0.825034
20724: 0.825042
20725: 0.825002
20726: 0.824963
20727: 0.824923
20728: 0.824931
20729: 0.82494
20730: 0.824948
20731: 0.824957
20732: 0.824965
20733: 0.824973
20734: 0.824982
20735: 0.824942
20736: 0.824951
20737: 0.824959
20738: 0.824967
20739: 0.824976
20740: 0.824984
20741: 0.824993
20742: 0.825001
20743: 0.82501
20744: 0.825018
20745: 0.825027
20746: 0.825035
20747: 0.825043
20748: 0.825004
20749: 0.825012
20750: 0.82502
20751: 0.825029
20752: 0.825037
20753: 0.825046
20754: 0.825054
20755: 0.825063
20756: 0.825071
20757: 0.825079
20758: 0.825088
20759: 0.825096
20760: 0.825105
20761: 0.825113
20762: 0.825122
20763: 0.82513
20764: 0.825138
20765: 0.825147
20766: 0.825155
20767: 0.825164
20768: 0.825172
20769: 0.825181
20770: 0.825189
20771: 0.825197
20772: 0.825206
20773: 0.825214
20774: 0.825223
20775: 0.825231
20776: 0.825239
20777: 0.8252
20778: 0.82516
20779: 0.825168
20780: 0.825177
20781: 0.825185
20782: 0.825194
20783: 0.825202
20784: 0.82521
20785: 0.825219
20786: 0.825227
20787: 0.825236
20788: 0.825244
20789: 0.825253
20790: 0.825213
20791: 0.825221
20792: 0.82523
20793: 0.825238
20794: 0.825246
20795: 0.825255
20796: 0.825263
20797: 0.825272
20798: 0.82528
20799: 0.825288
20800: 0.825297
20801: 0.825305
20802: 0.825314
20803: 0.825322
20804: 0.82533
20805: 0.825339
20806: 0.825347
20807: 0.825356
20808: 0.825364
20809: 0.825372
20810: 0.825381
20811: 0.825389
20812: 0.825398
20813: 0.825406
20814: 0.825414
20815: 0.825423
20816: 0.825431
20817: 0.82544
20818: 0.825448
20819: 0.825456
20820: 0.825417
20821: 0.825425
20822: 0.825433
20823: 0.825442
20824: 0.82545
20825: 0.825459
20826: 0.825467
20827: 0.825475
20828: 0.825436
20829: 0.825444
20830: 0.825452
20831: 0.825461
20832: 0.825469
20833: 0.825478
20834: 0.825486
20835: 0.825494
20836: 0.825455
20837: 0.825415
20838: 0.825423
20839: 0.825432
20840: 0.82544
20841: 0.825449
20842: 0.825457
20843: 0.825465
20844: 0.825474
20845: 0.825482
20846: 0.82549
20847: 0.825499
20848: 0.825507
20849: 0.825516
20850: 0.825524
20851: 0.825532
20852: 0.825541
20853: 0.825549
20854: 0.825557
20855: 0.825566
20856: 0.825574
20857: 0.825583
20858: 0.825591
20859: 0.825599
20860: 0.825608
20861: 0.825616
20862: 0.825624
20863: 0.825633
20864: 0.825641
20865: 0.825649
20866: 0.825658
20867: 0.825666
20868: 0.825674
20869: 0.825683
20870: 0.825691
20871: 0.8257
20872: 0.82566
20873: 0.82562
20874: 0.825629
20875: 0.825637
20876: 0.825598
20877: 0.825606
20878: 0.825614
20879: 0.825623
20880: 0.825631
20881: 0.825639
20882: 0.825648
20883: 0.825656
20884: 0.825664
20885: 0.825673
20886: 0.825681
20887: 0.825689
20888: 0.82565
20889: 0.82561
20890: 0.825571
20891: 0.825531
20892: 0.82554
20893: 0.825548
20894: 0.825556
20895: 0.825565
20896: 0.825573
20897: 0.825581
20898: 0.82559
20899: 0.82555
20900: 0.825511
20901: 0.825519
20902: 0.825527
20903: 0.825536
20904: 0.825544
20905: 0.825552
20906: 0.825561
20907: 0.825521
20908: 0.825482
20909: 0.825442
20910: 0.825451
20911: 0.825459
20912: 0.825467
20913: 0.825476
20914: 0.825484
20915: 0.825492
20916: 0.825501
20917: 0.825509
20918: 0.825517
20919: 0.825526
20920: 0.825534
20921: 0.825542
20922: 0.825551
20923: 0.825559
20924: 0.825568
20925: 0.825576
20926: 0.825536
20927: 0.825497
20928: 0.825505
20929: 0.825514
20930: 0.825522
20931: 0.82553
20932: 0.825539
20933: 0.825547
20934: 0.825555
20935: 0.825516
20936: 0.825524
20937: 0.825533
20938: 0.825541
20939: 0.825501
20940: 0.825462
20941: 0.825423
20942: 0.825383
20943: 0.825392
20944: 0.8254
20945: 0.82536
20946: 0.825321
20947: 0.825282
20948: 0.825242
20949: 0.825203
20950: 0.825211
20951: 0.825172
20952: 0.82518
20953: 0.825189
20954: 0.825197
20955: 0.825205
20956: 0.825166
20957: 0.825126
20958: 0.825087
20959: 0.825095
20960: 0.825104
20961: 0.825112
20962: 0.82512
20963: 0.825129
20964: 0.825137
20965: 0.825145
20966: 0.825154
20967: 0.825162
20968: 0.82517
20969: 0.825179
20970: 0.825187
20971: 0.825195
20972: 0.825204
20973: 0.825164
20974: 0.825125
20975: 0.825086
20976: 0.825046
20977: 0.825055
20978: 0.825063
20979: 0.825071
20980: 0.825032
20981: 0.825041
20982: 0.825049
20983: 0.825057
20984: 0.825066
20985: 0.825074
20986: 0.825082
20987: 0.825091
20988: 0.825099
20989: 0.825107
20990: 0.825116
20991: 0.825124
20992: 0.825132
20993: 0.825141
20994: 0.825149
20995: 0.825157
20996: 0.825165
20997: 0.825174
20998: 0.825182
20999: 0.82519
21000: 0.825199
21001: 0.825207
21002: 0.825215
21003: 0.825224
21004: 0.825232
21005: 0.82524
21006: 0.825249
21007: 0.825257
21008: 0.825265
21009: 0.825274
21010: 0.825282
21011: 0.82529
21012: 0.825299
21013: 0.825307
21014: 0.825315
21015: 0.825324
21016: 0.825332
21017: 0.82534
21018: 0.825348
21019: 0.825357
21020: 0.825365
21021: 0.825373
21022: 0.825382
21023: 0.82539
21024: 0.825398
21025: 0.825407
21026: 0.825415
21027: 0.825423
21028: 0.825384
21029: 0.825345
21030: 0.825306
21031: 0.825314
21032: 0.825322
21033: 0.825283
21034: 0.825244
21035: 0.825252
21036: 0.82526
21037: 0.825269
21038: 0.825229
21039: 0.825238
21040: 0.825198
21041: 0.825207
21042: 0.825168
21043: 0.825176
21044: 0.825137
21045: 0.825145
21046: 0.825106
21047: 0.825114
21048: 0.825122
21049: 0.825131
21050: 0.825139
21051: 0.825147
21052: 0.825156
21053: 0.825164
21054: 0.825125
21055: 0.825085
21056: 0.825046
21057: 0.825055
21058: 0.825063
21059: 0.825071
21060: 0.825032
21061: 0.824993
21062: 0.825001
21063: 0.825009
21064: 0.825018
21065: 0.824979
21066: 0.824939
21067: 0.8249
21068: 0.824861
21069: 0.824869
21070: 0.824878
21071: 0.824886
21072: 0.824894
21073: 0.824903
21074: 0.824911
21075: 0.824919
21076: 0.824928
21077: 0.824936
21078: 0.824944
21079: 0.824953
21080: 0.824961
21081: 0.824969
21082: 0.824977
21083: 0.824986
21084: 0.824994
21085: 0.825002
21086: 0.825011
21087: 0.825019
21088: 0.825027
21089: 0.825036
21090: 0.825044
21091: 0.825052
21092: 0.82506
21093: 0.825069
21094: 0.825077
21095: 0.825085
21096: 0.825094
21097: 0.825102
21098: 0.82511
21099: 0.825118
21100: 0.825127
21101: 0.825135
21102: 0.825143
21103: 0.825152
21104: 0.82516
21105: 0.825168
21106: 0.825176
21107: 0.825185
21108: 0.825193
21109: 0.825154
21110: 0.825115
21111: 0.825123
21112: 0.825131
21113: 0.82514
21114: 0.825148
21115: 0.825156
21116: 0.825117
21117: 0.825125
21118: 0.825134
21119: 0.825142
21120: 0.82515
21121: 0.825159
21122: 0.825167
21123: 0.825175
21124: 0.825183
21125: 0.825192
21126: 0.8252
21127: 0.825208
21128: 0.825217
21129: 0.825225
21130: 0.825233
21131: 0.825241
21132: 0.82525
21133: 0.825258
21134: 0.825266
21135: 0.825274
21136: 0.825283
21137: 0.825291
21138: 0.825252
21139: 0.82526
21140: 0.825268
21141: 0.825277
21142: 0.825285
21143: 0.825246
21144: 0.825254
21145: 0.825262
21146: 0.825271
21147: 0.825232
21148: 0.825193
21149: 0.825154
21150: 0.825115
21151: 0.825076
21152: 0.825084
21153: 0.825092
21154: 0.8251
21155: 0.825109
21156: 0.825117
21157: 0.825125
21158: 0.825134
21159: 0.825142
21160: 0.82515
21161: 0.825158
21162: 0.825167
21163: 0.825128
21164: 0.825089
21165: 0.82505
21166: 0.825058
21167: 0.825066
21168: 0.825074
21169: 0.825083
21170: 0.825091
21171: 0.825099
21172: 0.825107
21173: 0.825116
21174: 0.825124
21175: 0.825085
21176: 0.825093
21177: 0.825102
21178: 0.82511
21179: 0.825118
21180: 0.825126
21181: 0.825135
21182: 0.825143
21183: 0.825151
21184: 0.825159
21185: 0.825168
21186: 0.825176
21187: 0.825184
21188: 0.825145
21189: 0.825153
21190: 0.825162
21191: 0.825123
21192: 0.825131
21193: 0.825139
21194: 0.825147
21195: 0.825156
21196: 0.825164
21197: 0.825172
21198: 0.82518
21199: 0.825189
21200: 0.825197
21201: 0.825158
21202: 0.825166
21203: 0.825174
21204: 0.825183
21205: 0.825191
21206: 0.825199
21207: 0.825207
21208: 0.825216
21209: 0.825224
21210: 0.825232
21211: 0.82524
21212: 0.825202
21213: 0.825163
21214: 0.825171
21215: 0.825179
21216: 0.825187
21217: 0.825196
21218: 0.825204
21219: 0.825212
21220: 0.82522
21221: 0.825229
21222: 0.82519
21223: 0.825151
21224: 0.825159
21225: 0.825167
21226: 0.825175
21227: 0.825137
21228: 0.825145
21229: 0.825153
21230: 0.825161
21231: 0.82517
21232: 0.825178
21233: 0.825186
21234: 0.825194
21235: 0.825155
21236: 0.825164
21237: 0.825172
21238: 0.82518
21239: 0.825188
21240: 0.825149
21241: 0.825158
21242: 0.825166
21243: 0.825174
21244: 0.825182
21245: 0.825191
21246: 0.825152
21247: 0.82516
21248: 0.825168
21249: 0.825176
21250: 0.825185
21251: 0.825193
21252: 0.825154
21253: 0.825162
21254: 0.825171
21255: 0.825179
21256: 0.825187
21257: 0.825195
21258: 0.825203
21259: 0.825212
21260: 0.82522
21261: 0.825181
21262: 0.825142
21263: 0.82515
21264: 0.825159
21265: 0.825167
21266: 0.825175
21267: 0.825183
21268: 0.825192
21269: 0.8252
21270: 0.825208
21271: 0.825216
21272: 0.825224
21273: 0.825233
21274: 0.825241
21275: 0.825249
21276: 0.825257
21277: 0.825266
21278: 0.825274
21279: 0.825235
21280: 0.825243
21281: 0.825251
21282: 0.82526
21283: 0.825268
21284: 0.825276
21285: 0.825284
21286: 0.825292
21287: 0.825301
21288: 0.825309
21289: 0.825317
21290: 0.825325
21291: 0.825333
21292: 0.825342
21293: 0.825303
21294: 0.825311
21295: 0.825319
21296: 0.825328
21297: 0.825336
21298: 0.825297
21299: 0.825258
21300: 0.825266
21301: 0.825275
21302: 0.825283
21303: 0.825291
21304: 0.825299
21305: 0.825307
21306: 0.825316
21307: 0.825324
21308: 0.825332
21309: 0.82534
21310: 0.825348
21311: 0.825357
21312: 0.825365
21313: 0.825373
21314: 0.825381
21315: 0.825389
21316: 0.825398
21317: 0.825406
21318: 0.825367
21319: 0.825375
21320: 0.825383
21321: 0.825392
21322: 0.8254
21323: 0.825408
21324: 0.825416
21325: 0.825424
21326: 0.825433
21327: 0.825441
21328: 0.825449
21329: 0.825457
21330: 0.825465
21331: 0.825427
21332: 0.825388
21333: 0.825349
21334: 0.825357
21335: 0.825366
21336: 0.825374
21337: 0.825382
21338: 0.82539
21339: 0.825398
21340: 0.825406
21341: 0.825415
21342: 0.825423
21343: 0.825431
21344: 0.825439
21345: 0.825447
21346: 0.825456
21347: 0.825464
21348: 0.825472
21349: 0.82548
21350: 0.825488
21351: 0.825496
21352: 0.825505
21353: 0.825513
21354: 0.825521
21355: 0.825482
21356: 0.825444
21357: 0.825405
21358: 0.825366
21359: 0.825375
21360: 0.825383
21361: 0.825391
21362: 0.825399
21363: 0.825407
21364: 0.825415
21365: 0.825424
21366: 0.825432
21367: 0.825393
21368: 0.825354
21369: 0.825363
21370: 0.825371
21371: 0.825379
21372: 0.825387
21373: 0.825395
21374: 0.825404
21375: 0.825412
21376: 0.82542
21377: 0.825428
21378: 0.825436
21379: 0.825398
21380: 0.825359
21381: 0.825367
21382: 0.825375
21383: 0.825383
21384: 0.825392
21385: 0.825353
21386: 0.825361
21387: 0.825369
21388: 0.825378
21389: 0.825386
21390: 0.825394
21391: 0.825402
21392: 0.82541
21393: 0.825418
21394: 0.825427
21395: 0.825435
21396: 0.825443
21397: 0.825451
21398: 0.825459
21399: 0.825467
21400: 0.825429
21401: 0.825437
21402: 0.825398
21403: 0.825406
21404: 0.825415
21405: 0.825423
21406: 0.825384
21407: 0.825392
21408: 0.825401
21409: 0.825409
21410: 0.82537
21411: 0.825332
21412: 0.82534
21413: 0.825348
21414: 0.825356
21415: 0.825364
21416: 0.825372
21417: 0.825381
21418: 0.825389
21419: 0.825397
21420: 0.825405
21421: 0.825366
21422: 0.825375
21423: 0.825383
21424: 0.825391
21425: 0.825399
21426: 0.825407
21427: 0.825415
21428: 0.825423
21429: 0.825432
21430: 0.825393
21431: 0.825401
21432: 0.825409
21433: 0.825418
21434: 0.825426
21435: 0.825387
21436: 0.825395
21437: 0.825403
21438: 0.825412
21439: 0.82542
21440: 0.825428
21441: 0.825436
21442: 0.825398
21443: 0.825406
21444: 0.825414
21445: 0.825422
21446: 0.82543
21447: 0.825438
21448: 0.825446
21449: 0.825455
21450: 0.825463
21451: 0.825471
21452: 0.825479
21453: 0.825487
21454: 0.825495
21455: 0.825503
21456: 0.825511
21457: 0.825473
21458: 0.825481
21459: 0.825489
21460: 0.825497
21461: 0.825506
21462: 0.825514
21463: 0.825475
21464: 0.825483
21465: 0.825491
21466: 0.8255
21467: 0.825508
21468: 0.825516
21469: 0.825524
21470: 0.825532
21471: 0.82554
21472: 0.825548
21473: 0.825556
21474: 0.825565
21475: 0.825573
21476: 0.825581
21477: 0.825589
21478: 0.825597
21479: 0.825605
21480: 0.825613
21481: 0.825621
21482: 0.82563
21483: 0.825638
21484: 0.825646
21485: 0.825654
21486: 0.825662
21487: 0.82567
21488: 0.825678
21489: 0.82564
21490: 0.825648
21491: 0.825656
21492: 0.825664
21493: 0.825626
21494: 0.825587
21495: 0.825595
21496: 0.825604
21497: 0.825612
21498: 0.82562
21499: 0.825628
21500: 0.82559
21501: 0.825598
21502: 0.825606
21503: 0.825567
21504: 0.825575
21505: 0.825584
21506: 0.825592
21507: 0.8256
21508: 0.825608
21509: 0.825616
21510: 0.825578
21511: 0.825586
21512: 0.825594
21513: 0.825602
21514: 0.82561
21515: 0.825572
21516: 0.82558
21517: 0.825541
21518: 0.825503
21519: 0.825511
21520: 0.825519
21521: 0.825527
21522: 0.825535
21523: 0.825544
21524: 0.825552
21525: 0.825513
21526: 0.825521
21527: 0.82553
21528: 0.825491
21529: 0.825453
21530: 0.825461
21531: 0.825469
21532: 0.825477
21533: 0.825439
21534: 0.825401
21535: 0.825362
21536: 0.82537
21537: 0.825378
21538: 0.825387
21539: 0.825395
21540: 0.825403
21541: 0.825411
21542: 0.825419
21543: 0.825427
21544: 0.825435
21545: 0.825443
21546: 0.825451
21547: 0.825459
21548: 0.825468
21549: 0.825476
21550: 0.825484
21551: 0.825492
21552: 0.8255
21553: 0.825508
21554: 0.825516
21555: 0.825524
21556: 0.825486
21557: 0.825448
21558: 0.825456
21559: 0.825464
21560: 0.825472
21561: 0.82548
21562: 0.825488
21563: 0.825496
21564: 0.825458
21565: 0.825466
21566: 0.825474
21567: 0.825482
21568: 0.82549
21569: 0.825498
21570: 0.825506
21571: 0.825515
21572: 0.825523
21573: 0.825531
21574: 0.825539
21575: 0.825547
21576: 0.825555
21577: 0.825563
21578: 0.825571
21579: 0.825579
21580: 0.825587
21581: 0.825549
21582: 0.825557
21583: 0.825565
21584: 0.825573
21585: 0.825581
21586: 0.825589
21587: 0.825598
21588: 0.825606
21589: 0.825614
21590: 0.825622
21591: 0.82563
21592: 0.825638
21593: 0.825646
21594: 0.825654
21595: 0.825616
21596: 0.825578
21597: 0.825539
21598: 0.825547
21599: 0.825556
21600: 0.825564
21601: 0.825572
21602: 0.82558
21603: 0.825588
21604: 0.825596
21605: 0.825604
21606: 0.825612
21607: 0.82562
21608: 0.825628
21609: 0.825636
21610: 0.825598
21611: 0.825606
21612: 0.825614
21613: 0.825622
21614: 0.82563
21615: 0.825638
21616: 0.825646
21617: 0.825655
21618: 0.825663
21619: 0.825671
21620: 0.825679
21621: 0.825687
21622: 0.825649
21623: 0.82561
21624: 0.825618
21625: 0.825627
21626: 0.825635
21627: 0.825596
21628: 0.825558
21629: 0.825566
21630: 0.825574
21631: 0.825582
21632: 0.825591
21633: 0.825599
21634: 0.825607
21635: 0.825615
21636: 0.825623
21637: 0.825631
21638: 0.825639
21639: 0.825601
21640: 0.825563
21641: 0.825524
21642: 0.825533
21643: 0.825541
21644: 0.825549
21645: 0.825557
21646: 0.825565
21647: 0.825573
21648: 0.825581
21649: 0.825589
21650: 0.825597
21651: 0.825605
21652: 0.825567
21653: 0.825575
21654: 0.825583
21655: 0.825591
21656: 0.825599
21657: 0.825607
21658: 0.825615
21659: 0.825623
21660: 0.825631
21661: 0.825639
21662: 0.825647
21663: 0.825655
21664: 0.825664
21665: 0.825625
21666: 0.825587
21667: 0.825549
21668: 0.825557
21669: 0.825565
21670: 0.825573
21671: 0.825581
21672: 0.825589
21673: 0.825597
21674: 0.825606
21675: 0.825614
21676: 0.825622
21677: 0.82563
21678: 0.825638
21679: 0.825646
21680: 0.825654
21681: 0.825616
21682: 0.825624
21683: 0.825632
21684: 0.825594
21685: 0.825602
21686: 0.82561
21687: 0.825618
21688: 0.825626
21689: 0.825634
21690: 0.825642
21691: 0.82565
21692: 0.825658
21693: 0.825666
21694: 0.825674
21695: 0.825682
21696: 0.82569
21697: 0.825698
21698: 0.825706
21699: 0.825714
21700: 0.825722
21701: 0.82573
21702: 0.825692
21703: 0.825654
21704: 0.825616
21705: 0.825578
21706: 0.825586
21707: 0.825594
21708: 0.825602
21709: 0.82561
21710: 0.825618
21711: 0.825626
21712: 0.825634
21713: 0.825642
21714: 0.82565
21715: 0.825659
21716: 0.825667
21717: 0.825675
21718: 0.825683
21719: 0.825691
21720: 0.825699
21721: 0.825707
21722: 0.825715
21723: 0.825723
21724: 0.825731
21725: 0.825739
21726: 0.825747
21727: 0.825755
21728: 0.825763
21729: 0.825725
21730: 0.825733
21731: 0.825741
21732: 0.825749
21733: 0.825757
21734: 0.825765
21735: 0.825773
21736: 0.825781
21737: 0.825789
21738: 0.825797
21739: 0.825759
21740: 0.825721
21741: 0.825729
21742: 0.825737
21743: 0.825745
21744: 0.825753
21745: 0.825761
21746: 0.825769
21747: 0.825777
21748: 0.825785
21749: 0.825793
21750: 0.825801
21751: 0.825809
21752: 0.825817
21753: 0.825825
21754: 0.825833
21755: 0.825841
21756: 0.825849
21757: 0.825811
21758: 0.825773
21759: 0.825781
21760: 0.825789
21761: 0.825797
21762: 0.825805
21763: 0.825813
21764: 0.825821
21765: 0.825829
21766: 0.825837
21767: 0.825845
21768: 0.825853
21769: 0.825861
21770: 0.825869
21771: 0.825877
21772: 0.825885
21773: 0.825893
21774: 0.825901
21775: 0.825909
21776: 0.825917
21777: 0.825925
21778: 0.825933
21779: 0.825941
21780: 0.825949
21781: 0.825911
21782: 0.825919
21783: 0.825927
21784: 0.825935
21785: 0.825943
21786: 0.825951
21787: 0.825959
21788: 0.825921
21789: 0.825929
21790: 0.825937
21791: 0.825945
21792: 0.825907
21793: 0.825915
21794: 0.825923
21795: 0.825931
21796: 0.825939
21797: 0.825947
21798: 0.825955
21799: 0.825963
21800: 0.825971
21801: 0.825979
21802: 0.825987
21803: 0.825995
21804: 0.826003
21805: 0.826011
21806: 0.826019
21807: 0.825981
21808: 0.825943
21809: 0.825906
21810: 0.825914
21811: 0.825922
21812: 0.825929
21813: 0.825937
21814: 0.825945
21815: 0.825953
21816: 0.825961
21817: 0.825969
21818: 0.825977
21819: 0.825985
21820: 0.825993
21821: 0.826001
21822: 0.826009
21823: 0.826017
21824: 0.826025
21825: 0.826033
21826: 0.826041
21827: 0.826003
21828: 0.826011
21829: 0.826019
21830: 0.826027
21831: 0.826035
21832: 0.826043
21833: 0.826005
21834: 0.826013
21835: 0.826021
21836: 0.826029
21837: 0.826037
21838: 0.826045
21839: 0.826053
21840: 0.826061
21841: 0.826069
21842: 0.826077
21843: 0.826039
21844: 0.826001
21845: 0.825964
21846: 0.825972
21847: 0.825979
21848: 0.825942
21849: 0.825904
21850: 0.825866
21851: 0.825874
21852: 0.825836
21853: 0.825844
21854: 0.825852
21855: 0.82586
21856: 0.825868
21857: 0.825876
21858: 0.825838
21859: 0.825801
21860: 0.825763
21861: 0.825725
21862: 0.825733
21863: 0.825741
21864: 0.825749
21865: 0.825757
21866: 0.825719
21867: 0.825727
21868: 0.825735
21869: 0.825743
21870: 0.825751
21871: 0.825759
21872: 0.825767
21873: 0.825775
21874: 0.825783
21875: 0.825745
21876: 0.825707
21877: 0.825715
21878: 0.825723
21879: 0.825731
21880: 0.825739
21881: 0.825747
21882: 0.825755
21883: 0.825763
21884: 0.825771
21885: 0.825779
21886: 0.825787
21887: 0.825795
21888: 0.825803
21889: 0.825811
21890: 0.825819
21891: 0.825781
21892: 0.825789
21893: 0.825797
21894: 0.825805
21895: 0.825813
21896: 0.825821
21897: 0.825829
21898: 0.825837
21899: 0.825845
21900: 0.825853
21901: 0.825861
21902: 0.825869
21903: 0.825877
21904: 0.825885
21905: 0.825892
21906: 0.8259
21907: 0.825908
21908: 0.825916
21909: 0.825924
21910: 0.825932
21911: 0.82594
21912: 0.825948
21913: 0.825956
21914: 0.825918
21915: 0.825926
21916: 0.825934
21917: 0.825942
21918: 0.825904
21919: 0.825867
21920: 0.825875
21921: 0.825837
21922: 0.825799
21923: 0.825807
21924: 0.825815
21925: 0.825778
21926: 0.825786
21927: 0.825794
21928: 0.825801
21929: 0.825809
21930: 0.825772
21931: 0.825734
21932: 0.825742
21933: 0.82575
21934: 0.825712
21935: 0.82572
21936: 0.825728
21937: 0.825736
21938: 0.825744
21939: 0.825752
21940: 0.82576
21941: 0.825768
21942: 0.825776
21943: 0.825738
21944: 0.825746
21945: 0.825709
21946: 0.825716
21947: 0.825724
21948: 0.825732
21949: 0.82574
21950: 0.825748
21951: 0.825756
21952: 0.825764
21953: 0.825727
21954: 0.825689
21955: 0.825697
21956: 0.825659
21957: 0.825667
21958: 0.825675
21959: 0.825683
21960: 0.825691
21961: 0.825699
21962: 0.825707
21963: 0.825715
21964: 0.825723
21965: 0.825731
21966: 0.825693
21967: 0.825655
21968: 0.825663
21969: 0.825671
21970: 0.825679
21971: 0.825687
21972: 0.825695
21973: 0.825703
21974: 0.825711
21975: 0.825719
21976: 0.825727
21977: 0.825735
21978: 0.825743
21979: 0.825751
21980: 0.825759
21981: 0.825721
21982: 0.825729
21983: 0.825737
21984: 0.825745
21985: 0.825753
21986: 0.825761
21987: 0.825769
21988: 0.825777
21989: 0.825784
21990: 0.825792
21991: 0.8258
21992: 0.825808
21993: 0.825816
21994: 0.825779
21995: 0.825741
21996: 0.825704
21997: 0.825711
21998: 0.825719
21999: 0.825682
22000: 0.82569
22001: 0.825698
22002: 0.825706
22003: 0.825668
22004: 0.825676
22005: 0.825684
22006: 0.825646
22007: 0.825609
22008: 0.825617
22009: 0.825625
22010: 0.825633
22011: 0.825641
22012: 0.825648
22013: 0.825656
22014: 0.825664
22015: 0.825672
22016: 0.82568
22017: 0.825688
22018: 0.825696
22019: 0.825704
22020: 0.825712
22021: 0.82572
22022: 0.825728
22023: 0.825736
22024: 0.825698
22025: 0.825661
22026: 0.825623
22027: 0.825631
22028: 0.825639
22029: 0.825647
22030: 0.825655
22031: 0.825617
22032: 0.825625
22033: 0.825633
22034: 0.825641
22035: 0.825649
22036: 0.825657
22037: 0.825665
22038: 0.825673
22039: 0.825681
22040: 0.825688
22041: 0.825696
22042: 0.825704
22043: 0.825712
22044: 0.82572
22045: 0.825728
22046: 0.825736
22047: 0.825744
22048: 0.825752
22049: 0.82576
22050: 0.825722
22051: 0.82573
22052: 0.825738
22053: 0.825746
22054: 0.825754
22055: 0.825762
22056: 0.82577
22057: 0.825777
22058: 0.825785
22059: 0.825793
22060: 0.825756
22061: 0.825718
22062: 0.825681
22063: 0.825689
22064: 0.825697
22065: 0.825705
22066: 0.825713
22067: 0.825721
22068: 0.825728
22069: 0.825736
22070: 0.825744
22071: 0.825752
22072: 0.82576
22073: 0.825768
22074: 0.825776
22075: 0.825784
22076: 0.825792
22077: 0.825799
22078: 0.825762
22079: 0.825725
22080: 0.825687
22081: 0.825695
22082: 0.825703
22083: 0.825711
22084: 0.825719
22085: 0.825727
22086: 0.825735
22087: 0.825742
22088: 0.82575
22089: 0.825713
22090: 0.825676
22091: 0.825638
22092: 0.825601
22093: 0.825609
22094: 0.825617
22095: 0.825625
22096: 0.825632
22097: 0.82564
22098: 0.825648
22099: 0.825656
22100: 0.825619
22101: 0.825581
22102: 0.825589
22103: 0.825597
22104: 0.825605
22105: 0.825613
22106: 0.825621
22107: 0.825629
22108: 0.825591
22109: 0.825599
22110: 0.825607
22111: 0.825615
22112: 0.825623
22113: 0.825631
22114: 0.825639
22115: 0.825647
22116: 0.825654
22117: 0.825662
22118: 0.82567
22119: 0.825633
22120: 0.825596
22121: 0.825558
22122: 0.825521
22123: 0.825529
22124: 0.825492
22125: 0.825454
22126: 0.825462
22127: 0.825425
22128: 0.825388
22129: 0.82535
22130: 0.825358
22131: 0.825366
22132: 0.825374
22133: 0.825337
22134: 0.825299
22135: 0.825307
22136: 0.825315
22137: 0.825323
22138: 0.825331
22139: 0.825339
22140: 0.825347
22141: 0.825309
22142: 0.825317
22143: 0.82528
22144: 0.825243
22145: 0.825205
22146: 0.825213
22147: 0.825221
22148: 0.825229
22149: 0.825237
22150: 0.825245
22151: 0.825253
22152: 0.825261
22153: 0.825269
22154: 0.825276
22155: 0.825284
22156: 0.825292
22157: 0.8253
22158: 0.825308
22159: 0.825316
22160: 0.825324
22161: 0.825332
22162: 0.825294
22163: 0.825302
22164: 0.82531
22165: 0.825318
22166: 0.825281
22167: 0.825244
22168: 0.825251
22169: 0.825214
22170: 0.825177
22171: 0.825185
22172: 0.825193
22173: 0.825201
22174: 0.825209
22175: 0.825216
22176: 0.825224
22177: 0.825232
22178: 0.82524
22179: 0.825248
22180: 0.825256
22181: 0.825264
22182: 0.825272
22183: 0.825279
22184: 0.825287
22185: 0.825295
22186: 0.825303
22187: 0.825311
22188: 0.825319
22189: 0.825327
22190: 0.825335
22191: 0.825342
22192: 0.82535
22193: 0.825358
22194: 0.825321
22195: 0.825329
22196: 0.825337
22197: 0.825345
22198: 0.825352
22199: 0.825315
22200: 0.825278
22201: 0.825241
22202: 0.825204
22203: 0.825212
22204: 0.82522
22205: 0.825227
22206: 0.825235
22207: 0.825243
22208: 0.825251
22209: 0.825259
22210: 0.825267
22211: 0.825275
22212: 0.825282
22213: 0.82529
22214: 0.825298
22215: 0.825306
22216: 0.825314
22217: 0.825322
22218: 0.82533
22219: 0.825338
22220: 0.825345
22221: 0.825353
22222: 0.825361
22223: 0.825369
22224: 0.825377
22225: 0.82534
22226: 0.825348
22227: 0.825355
22228: 0.825363
22229: 0.825371
22230: 0.825379
22231: 0.825387
22232: 0.825395
22233: 0.825403
22234: 0.82541
22235: 0.825418
22236: 0.825381
22237: 0.825389
22238: 0.825397
22239: 0.825405
22240: 0.825413
22241: 0.82542
22242: 0.825383
22243: 0.825346
22244: 0.825354
22245: 0.825362
22246: 0.82537
22247: 0.825333
22248: 0.825296
22249: 0.825303
22250: 0.825311
22251: 0.825319
22252: 0.825327
22253: 0.825335
22254: 0.825343
22255: 0.825306
22256: 0.825313
22257: 0.825321
22258: 0.825329
22259: 0.825337
22260: 0.825345
22261: 0.825308
22262: 0.825316
22263: 0.825323
22264: 0.825331
22265: 0.825339
22266: 0.825347
22267: 0.825355
22268: 0.825363
22269: 0.82537
22270: 0.825333
22271: 0.825341
22272: 0.825349
22273: 0.825312
22274: 0.82532
22275: 0.825328
22276: 0.825336
22277: 0.825343
22278: 0.825351
22279: 0.825359
22280: 0.825367
22281: 0.825375
22282: 0.825383
22283: 0.82539
22284: 0.825398
22285: 0.825406
22286: 0.825414
22287: 0.825422
22288: 0.825385
22289: 0.825348
22290: 0.825311
22291: 0.825318
22292: 0.825326
22293: 0.825334
22294: 0.825342
22295: 0.82535
22296: 0.825358
22297: 0.825366
22298: 0.825373
22299: 0.825381
22300: 0.825389
22301: 0.825397
22302: 0.825405
22303: 0.825412
22304: 0.82542
22305: 0.825383
22306: 0.825346
22307: 0.825354
22308: 0.825362
22309: 0.82537
22310: 0.825378
22311: 0.825385
22312: 0.825393
22313: 0.825401
22314: 0.825409
22315: 0.825417
22316: 0.825425
22317: 0.825432
22318: 0.82544
22319: 0.825448
22320: 0.825456
22321: 0.825464
22322: 0.825471
22323: 0.825479
22324: 0.825487
22325: 0.825495
22326: 0.825458
22327: 0.825466
22328: 0.825474
22329: 0.825481
22330: 0.825489
22331: 0.825497
22332: 0.825505
22333: 0.825513
22334: 0.82552
22335: 0.825528
22336: 0.825536
22337: 0.825544
22338: 0.825507
22339: 0.82547
22340: 0.825433
22341: 0.825441
22342: 0.825404
22343: 0.825412
22344: 0.82542
22345: 0.825427
22346: 0.825435
22347: 0.825443
22348: 0.825451
22349: 0.825459
22350: 0.825466
22351: 0.825474
22352: 0.825482
22353: 0.825445
22354: 0.825408
22355: 0.825416
22356: 0.825424
22357: 0.825432
22358: 0.825395
22359: 0.825358
22360: 0.825366
22361: 0.825329
22362: 0.825336
22363: 0.825344
22364: 0.825352
22365: 0.82536
22366: 0.825368
22367: 0.825376
22368: 0.825383
22369: 0.825391
22370: 0.825399
22371: 0.825407
22372: 0.825415
22373: 0.825422
22374: 0.82543
22375: 0.825393
22376: 0.825401
22377: 0.825409
22378: 0.825417
22379: 0.825424
22380: 0.825432
22381: 0.82544
22382: 0.825448
22383: 0.825456
22384: 0.825463
22385: 0.825471
22386: 0.825479
22387: 0.825487
22388: 0.825495
22389: 0.825502
22390: 0.82551
22391: 0.825518
22392: 0.825526
22393: 0.825534
22394: 0.825541
22395: 0.825505
22396: 0.825468
22397: 0.825475
22398: 0.825439
22399: 0.825446
22400: 0.825454
22401: 0.825462
22402: 0.82547
22403: 0.825478
22404: 0.825485
22405: 0.825493
22406: 0.825501
22407: 0.825464
22408: 0.825472
22409: 0.82548
22410: 0.825487
22411: 0.825495
22412: 0.825503
22413: 0.825511
22414: 0.825474
22415: 0.825482
22416: 0.82549
22417: 0.825453
22418: 0.825416
22419: 0.825424
22420: 0.825432
22421: 0.825439
22422: 0.825447
22423: 0.825455
22424: 0.825463
22425: 0.82547
22426: 0.825478
22427: 0.825486
22428: 0.825494
22429: 0.825457
22430: 0.82542
22431: 0.825428
22432: 0.825436
22433: 0.825444
22434: 0.825451
22435: 0.825459
22436: 0.825467
22437: 0.825475
22438: 0.825482
22439: 0.82549
22440: 0.825498
22441: 0.825506
22442: 0.825514
22443: 0.825521
22444: 0.825529
22445: 0.825537
22446: 0.825545
22447: 0.825552
22448: 0.82556
22449: 0.825523
22450: 0.825487
22451: 0.825494
22452: 0.825502
22453: 0.82551
22454: 0.825473
22455: 0.825481
22456: 0.825489
22457: 0.825452
22458: 0.82546
22459: 0.825423
22460: 0.825386
22461: 0.825349
22462: 0.825313
22463: 0.825321
22464: 0.825328
22465: 0.825336
22466: 0.825344
22467: 0.825352
22468: 0.825359
22469: 0.825367
22470: 0.825375
22471: 0.825383
22472: 0.825346
22473: 0.825354
22474: 0.825362
22475: 0.825369
22476: 0.825377
22477: 0.825385
22478: 0.825393
22479: 0.8254
22480: 0.825408
22481: 0.825416
22482: 0.825424
22483: 0.825387
22484: 0.825395
22485: 0.825402
22486: 0.82541
22487: 0.825418
22488: 0.825426
22489: 0.825434
22490: 0.825441
22491: 0.825449
22492: 0.825457
22493: 0.825465
22494: 0.825472
22495: 0.82548
22496: 0.825488
22497: 0.825496
22498: 0.825503
22499: 0.825467
22500: 0.82543
22501: 0.825438
22502: 0.825445
22503: 0.825409
22504: 0.825372
22505: 0.82538
22506: 0.825388
22507: 0.825351
22508: 0.825314
22509: 0.825278
22510: 0.825285
22511: 0.825293
22512: 0.825301
22513: 0.825264
22514: 0.825272
22515: 0.82528
22516: 0.825288
22517: 0.825295
22518: 0.825303
22519: 0.825311
22520: 0.825319
22521: 0.825326
22522: 0.825334
22523: 0.825342
22524: 0.82535
22525: 0.825357
22526: 0.825365
22527: 0.825328
22528: 0.825292
22529: 0.8253
22530: 0.825263
22531: 0.825226
22532: 0.825234
22533: 0.825242
22534: 0.82525
22535: 0.825213
22536: 0.825176
22537: 0.82514
22538: 0.825103
22539: 0.825111
22540: 0.825119
22541: 0.825126
22542: 0.825134
22543: 0.825098
22544: 0.825105
22545: 0.825113
22546: 0.825121
22547: 0.825129
22548: 0.825092
22549: 0.8251
22550: 0.825108
22551: 0.825115
22552: 0.825123
22553: 0.825131
22554: 0.825094
22555: 0.825058
22556: 0.825065
22557: 0.825029
22558: 0.825037
22559: 0.825044
22560: 0.825052
22561: 0.82506
22562: 0.825023
22563: 0.825031
22564: 0.825039
22565: 0.825047
22566: 0.825054
22567: 0.825062
22568: 0.82507
22569: 0.825078
22570: 0.825085
22571: 0.825093
22572: 0.825101
22573: 0.825109
22574: 0.825116
22575: 0.825124
22576: 0.825132
22577: 0.825095
22578: 0.825103
22579: 0.825111
22580: 0.825118
22581: 0.825126
22582: 0.825134
22583: 0.825142
22584: 0.825149
22585: 0.825157
22586: 0.825165
22587: 0.825173
22588: 0.82518
22589: 0.825188
22590: 0.825196
22591: 0.825159
22592: 0.825167
22593: 0.825175
22594: 0.825183
22595: 0.82519
22596: 0.825198
22597: 0.825206
22598: 0.825214
22599: 0.825221
22600: 0.825185
22601: 0.825192
22602: 0.8252
22603: 0.825208
22604: 0.825216
22605: 0.825223
22606: 0.825231
22607: 0.825239
22608: 0.825247
22609: 0.825254
22610: 0.825218
22611: 0.825226
22612: 0.825233
22613: 0.825241
22614: 0.825205
22615: 0.825212
22616: 0.82522
22617: 0.825228
22618: 0.825191
22619: 0.825199
22620: 0.825207
22621: 0.825214
22622: 0.825222
22623: 0.82523
22624: 0.825238
22625: 0.825245
22626: 0.825209
22627: 0.825172
22628: 0.825136
22629: 0.825099
22630: 0.825107
22631: 0.825115
22632: 0.825123
22633: 0.82513
22634: 0.825138
22635: 0.825146
22636: 0.825154
22637: 0.825161
22638: 0.825169
22639: 0.825177
22640: 0.825184
22641: 0.825192
22642: 0.8252
22643: 0.825208
22644: 0.825215
22645: 0.825223
22646: 0.825231
22647: 0.825238
22648: 0.825246
22649: 0.825254
22650: 0.825262
22651: 0.825269
22652: 0.825277
22653: 0.825285
22654: 0.825292
22655: 0.8253
22656: 0.825308
22657: 0.825316
22658: 0.825323
22659: 0.825331
22660: 0.825339
22661: 0.825346
22662: 0.825354
22663: 0.825362
22664: 0.82537
22665: 0.825377
22666: 0.825385
22667: 0.825393
22668: 0.825356
22669: 0.82532
22670: 0.825283
22671: 0.825247
22672: 0.825211
22673: 0.825218
22674: 0.825226
22675: 0.825234
22676: 0.825241
22677: 0.825249
22678: 0.825257
22679: 0.825265
22680: 0.825272
22681: 0.82528
22682: 0.825288
22683: 0.825295
22684: 0.825303
22685: 0.825311
22686: 0.825274
22687: 0.825238
22688: 0.825202
22689: 0.825165
22690: 0.825129
22691: 0.825137
22692: 0.825144
22693: 0.825152
22694: 0.82516
22695: 0.825167
22696: 0.825175
22697: 0.825183
22698: 0.825191
22699: 0.825198
22700: 0.825206
22701: 0.825214
22702: 0.825221
22703: 0.825229
22704: 0.825237
22705: 0.825244
22706: 0.825252
22707: 0.82526
22708: 0.825268
22709: 0.825275
22710: 0.825283
22711: 0.825247
22712: 0.825254
22713: 0.825262
22714: 0.82527
22715: 0.825277
22716: 0.825285
22717: 0.825293
22718: 0.8253
22719: 0.825264
22720: 0.825228
22721: 0.825191
22722: 0.825155
22723: 0.825163
22724: 0.825171
22725: 0.825178
22726: 0.825186
22727: 0.825194
22728: 0.825201
22729: 0.825209
22730: 0.825217
22731: 0.825224
22732: 0.825232
22733: 0.825196
22734: 0.825159
22735: 0.825167
22736: 0.825175
22737: 0.825183
22738: 0.82519
22739: 0.825198
22740: 0.825206
22741: 0.825213
22742: 0.825221
22743: 0.825229
22744: 0.825236
22745: 0.825244
22746: 0.825252
22747: 0.825215
22748: 0.825223
22749: 0.825231
22750: 0.825238
22751: 0.825202
22752: 0.82521
22753: 0.825174
22754: 0.825137
22755: 0.825101
22756: 0.825109
22757: 0.825116
22758: 0.825124
22759: 0.825132
22760: 0.825139
22761: 0.825147
22762: 0.825155
22763: 0.825163
22764: 0.82517
22765: 0.825178
22766: 0.825142
22767: 0.825149
22768: 0.825157
22769: 0.825165
22770: 0.825172
22771: 0.825136
22772: 0.825144
22773: 0.825151
22774: 0.825159
22775: 0.825167
22776: 0.825175
22777: 0.825182
22778: 0.82519
22779: 0.825198
22780: 0.825205
22781: 0.825213
22782: 0.825221
22783: 0.825228
22784: 0.825236
22785: 0.825244
22786: 0.825251
22787: 0.825259
22788: 0.825267
22789: 0.825274
22790: 0.825282
22791: 0.82529
22792: 0.825297
22793: 0.825261
22794: 0.825225
22795: 0.825232
22796: 0.82524
22797: 0.825248
22798: 0.825255
22799: 0.825263
22800: 0.825271
22801: 0.825278
22802: 0.825286
22803: 0.825294
22804: 0.825301
22805: 0.825309
22806: 0.825317
22807: 0.825324
22808: 0.825332
22809: 0.82534
22810: 0.825347
22811: 0.825355
22812: 0.825363
22813: 0.82537
22814: 0.825378
22815: 0.825386
22816: 0.825393
22817: 0.825401
22818: 0.825409
22819: 0.825416
22820: 0.825424
22821: 0.825432
22822: 0.825439
22823: 0.825403
22824: 0.825411
22825: 0.825375
22826: 0.825338
22827: 0.825346
22828: 0.825354
22829: 0.825361
22830: 0.825369
22831: 0.825333
22832: 0.825297
22833: 0.825304
22834: 0.825312
22835: 0.82532
22836: 0.825284
22837: 0.825291
22838: 0.825299
22839: 0.825263
22840: 0.825227
22841: 0.825234
22842: 0.825242
22843: 0.82525
22844: 0.825257
22845: 0.825265
22846: 0.825272
22847: 0.82528
22848: 0.825288
22849: 0.825295
22850: 0.825303
22851: 0.825311
22852: 0.825318
22853: 0.825326
22854: 0.825334
22855: 0.825298
22856: 0.825261
22857: 0.825269
22858: 0.825277
22859: 0.825284
22860: 0.825292
22861: 0.8253
22862: 0.825264
22863: 0.825271
22864: 0.825279
22865: 0.825286
22866: 0.825294
22867: 0.825302
22868: 0.825309
22869: 0.825317
22870: 0.825325
22871: 0.825332
22872: 0.82534
22873: 0.825348
22874: 0.825355
22875: 0.825319
22876: 0.825327
22877: 0.825334
22878: 0.825342
22879: 0.82535
22880: 0.825357
22881: 0.825365
22882: 0.825373
22883: 0.82538
22884: 0.825388
22885: 0.825395
22886: 0.825359
22887: 0.825323
22888: 0.825331
22889: 0.825339
22890: 0.825303
22891: 0.82531
22892: 0.825318
22893: 0.825325
22894: 0.825333
22895: 0.825341
22896: 0.825348
22897: 0.825356
22898: 0.825364
22899: 0.825371
22900: 0.825379
22901: 0.825386
22902: 0.825394
22903: 0.825402
22904: 0.825409
22905: 0.825417
22906: 0.825425
22907: 0.825432
22908: 0.82544
22909: 0.825447
22910: 0.825455
22911: 0.825463
22912: 0.82547
22913: 0.825478
22914: 0.825485
22915: 0.825449
22916: 0.825413
22917: 0.825421
22918: 0.825429
22919: 0.825436
22920: 0.825444
22921: 0.825452
22922: 0.825459
22923: 0.825423
22924: 0.825387
22925: 0.825395
22926: 0.825402
22927: 0.82541
22928: 0.825374
22929: 0.825338
22930: 0.825346
22931: 0.825353
22932: 0.825361
22933: 0.825368
22934: 0.825376
22935: 0.825384
22936: 0.825391
22937: 0.825355
22938: 0.825363
22939: 0.825371
22940: 0.825378
22941: 0.825386
22942: 0.825393
22943: 0.825401
22944: 0.825409
22945: 0.825416
22946: 0.825424
22947: 0.825431
22948: 0.825439
22949: 0.825447
22950: 0.825454
22951: 0.825462
22952: 0.825469
22953: 0.825433
22954: 0.825441
22955: 0.825449
22956: 0.825456
22957: 0.825464
22958: 0.825471
22959: 0.825479
22960: 0.825487
22961: 0.825451
22962: 0.825415
22963: 0.825379
22964: 0.825386
22965: 0.825394
22966: 0.825402
22967: 0.825366
22968: 0.82533
22969: 0.825337
22970: 0.825345
22971: 0.825353
22972: 0.82536
22973: 0.825324
22974: 0.825332
22975: 0.825339
22976: 0.825347
22977: 0.825355
22978: 0.825362
22979: 0.82537
22980: 0.825377
22981: 0.825385
22982: 0.825393
22983: 0.8254
22984: 0.825408
22985: 0.825415
22986: 0.82538
22987: 0.825344
22988: 0.825351
22989: 0.825359
22990: 0.825366
22991: 0.825374
22992: 0.825382
22993: 0.825389
22994: 0.825397
22995: 0.825361
22996: 0.825369
22997: 0.825376
22998: 0.825384
22999: 0.825391
23000: 0.825399
23001: 0.825406
23002: 0.825414
23003: 0.825378
23004: 0.825342
23005: 0.825306
23006: 0.825271
23007: 0.825278
23008: 0.825286
23009: 0.82525
23010: 0.825214
23011: 0.825222
23012: 0.825229
23013: 0.825237
23014: 0.825244
23015: 0.825252
23016: 0.82526
23017: 0.825267
23018: 0.825275
23019: 0.825282
23020: 0.82529
23021: 0.825298
23022: 0.825305
23023: 0.825313
23024: 0.82532
23025: 0.825328
23026: 0.825292
23027: 0.825256
23028: 0.825264
23029: 0.825271
23030: 0.825279
23031: 0.825243
23032: 0.825251
23033: 0.825258
23034: 0.825266
23035: 0.825273
23036: 0.825281
23037: 0.825289
23038: 0.825296
23039: 0.825304
23040: 0.825311
23041: 0.825319
23042: 0.825327
23043: 0.825334
23044: 0.825342
23045: 0.825306
23046: 0.825313
23047: 0.825321
23048: 0.825329
23049: 0.825336
23050: 0.825344
23051: 0.825308
23052: 0.825316
23053: 0.825323
23054: 0.825287
23055: 0.825252
23056: 0.825216
23057: 0.825223
23058: 0.825231
23059: 0.825195
23060: 0.825159
23061: 0.825167
23062: 0.825175
23063: 0.825182
23064: 0.825146
23065: 0.825154
23066: 0.825161
23067: 0.825169
23068: 0.825177
23069: 0.825141
23070: 0.825105
23071: 0.825069
23072: 0.825034
23073: 0.825041
23074: 0.825049
23075: 0.825013
23076: 0.824977
23077: 0.824985
23078: 0.824992
23079: 0.825
23080: 0.825008
23081: 0.825015
23082: 0.825023
23083: 0.82503
23084: 0.825038
23085: 0.825045
23086: 0.825053
23087: 0.825061
23088: 0.825068
23089: 0.825076
23090: 0.825083
23091: 0.825091
23092: 0.825099
23093: 0.825063
23094: 0.82507
23095: 0.825078
23096: 0.825042
23097: 0.825006
23098: 0.825014
23099: 0.825022
23100: 0.825029
23101: 0.825037
23102: 0.825044
23103: 0.825052
23104: 0.82506
23105: 0.825067
23106: 0.825075
23107: 0.825082
23108: 0.82509
23109: 0.825097
23110: 0.825105
23111: 0.825112
23112: 0.82512
23113: 0.825128
23114: 0.825135
23115: 0.825143
23116: 0.82515
23117: 0.825158
23118: 0.825165
23119: 0.825173
23120: 0.825181
23121: 0.825188
23122: 0.825196
23123: 0.82516
23124: 0.825168
23125: 0.825175
23126: 0.825183
23127: 0.825147
23128: 0.825111
23129: 0.825119
23130: 0.825126
23131: 0.825134
23132: 0.825142
23133: 0.825149
23134: 0.825157
23135: 0.825164
23136: 0.825172
23137: 0.825179
23138: 0.825187
23139: 0.825194
23140: 0.825202
23141: 0.82521
23142: 0.825217
23143: 0.825181
23144: 0.825189
23145: 0.825197
23146: 0.825204
23147: 0.825212
23148: 0.825219
23149: 0.825227
23150: 0.825234
23151: 0.825242
23152: 0.825249
23153: 0.825257
23154: 0.825265
23155: 0.825272
23156: 0.82528
23157: 0.825287
23158: 0.825295
23159: 0.825302
23160: 0.82531
23161: 0.825274
23162: 0.825239
23163: 0.825246
23164: 0.825254
23165: 0.825261
23166: 0.825269
23167: 0.825276
23168: 0.825284
23169: 0.825291
23170: 0.825299
23171: 0.825306
23172: 0.825271
23173: 0.825235
23174: 0.825243
23175: 0.82525
23176: 0.825258
23177: 0.825265
23178: 0.825273
23179: 0.82528
23180: 0.825288
23181: 0.825295
23182: 0.825303
23183: 0.825311
23184: 0.825318
23185: 0.825326
23186: 0.825333
23187: 0.825341
23188: 0.825348
23189: 0.825356
23190: 0.82532
23191: 0.825328
23192: 0.825335
23193: 0.825343
23194: 0.825307
23195: 0.825272
23196: 0.825279
23197: 0.825287
23198: 0.825294
23199: 0.825302
23200: 0.825309
23201: 0.825317
23202: 0.825324
23203: 0.825289
23204: 0.825296
23205: 0.825304
23206: 0.825268
23207: 0.825276
23208: 0.825283
23209: 0.825291
23210: 0.825298
23211: 0.825306
23212: 0.82527
23213: 0.825235
23214: 0.825242
23215: 0.82525
23216: 0.825257
23217: 0.825265
23218: 0.825229
23219: 0.825194
23220: 0.825158
23221: 0.825123
23222: 0.825087
23223: 0.825095
23224: 0.825102
23225: 0.82511
23226: 0.825117
23227: 0.825082
23228: 0.825046
23229: 0.825054
23230: 0.825018
23231: 0.825026
23232: 0.82499
23233: 0.824955
23234: 0.824919
23235: 0.824927
23236: 0.824891
23237: 0.824899
23238: 0.824906
23239: 0.824914
23240: 0.824921
23241: 0.824929
23242: 0.824937
23243: 0.824901
23244: 0.824909
23245: 0.824916
23246: 0.824924
23247: 0.824931
23248: 0.824939
23249: 0.824946
23250: 0.824954
23251: 0.824961
23252: 0.824969
23253: 0.824976
23254: 0.824984
23255: 0.824991
23256: 0.824999
23257: 0.825006
23258: 0.825014
23259: 0.825021
23260: 0.825029
23261: 0.825037
23262: 0.825044
23263: 0.825052
23264: 0.825059
23265: 0.825067
23266: 0.825074
23267: 0.825082
23268: 0.825089
23269: 0.825054
23270: 0.825061
23271: 0.825069
23272: 0.825033
23273: 0.824998
23274: 0.825005
23275: 0.82497
23276: 0.824977
23277: 0.824985
23278: 0.824992
23279: 0.825
23280: 0.825008
23281: 0.825015
23282: 0.825023
23283: 0.82503
23284: 0.825038
23285: 0.825045
23286: 0.825053
23287: 0.82506
23288: 0.825068
23289: 0.825075
23290: 0.825083
23291: 0.82509
23292: 0.825098
23293: 0.825105
23294: 0.825113
23295: 0.82512
23296: 0.825128
23297: 0.825135
23298: 0.825143
23299: 0.82515
23300: 0.825158
23301: 0.825165
23302: 0.825173
23303: 0.82518
23304: 0.825188
23305: 0.825195
23306: 0.825203
23307: 0.82521
23308: 0.825218
23309: 0.825225
23310: 0.82519
23311: 0.825197
23312: 0.825205
23313: 0.825169
23314: 0.825177
23315: 0.825184
23316: 0.825192
23317: 0.825199
23318: 0.825207
23319: 0.825214
23320: 0.825222
23321: 0.825229
23322: 0.825237
23323: 0.825244
23324: 0.825252
23325: 0.825259
23326: 0.825267
23327: 0.825274
23328: 0.825282
23329: 0.825289
23330: 0.825297
23331: 0.825304
23332: 0.825312
23333: 0.825319
23334: 0.825327
23335: 0.825334
23336: 0.825342
23337: 0.825306
23338: 0.825314
23339: 0.825321
23340: 0.825286
23341: 0.825293
23342: 0.825301
23343: 0.825308
23344: 0.825316
23345: 0.825323
23346: 0.825331
23347: 0.825338
23348: 0.825346
23349: 0.825353
23350: 0.825361
23351: 0.825368
23352: 0.825376
23353: 0.825383
23354: 0.825391
23355: 0.825398
23356: 0.825406
23357: 0.825413
23358: 0.825421
23359: 0.825428
23360: 0.825436
23361: 0.825443
23362: 0.82545
23363: 0.825458
23364: 0.825465
23365: 0.825473
23366: 0.82548
23367: 0.825488
23368: 0.825495
23369: 0.825503
23370: 0.82551
23371: 0.825518
23372: 0.825525
23373: 0.825533
23374: 0.82554
23375: 0.825548
23376: 0.825555
23377: 0.825562
23378: 0.82557
23379: 0.825577
23380: 0.825585
23381: 0.82555
23382: 0.825514
23383: 0.825479
23384: 0.825486
23385: 0.825494
23386: 0.825501
23387: 0.825509
23388: 0.825516
23389: 0.825524
23390: 0.825531
23391: 0.825539
23392: 0.825546
23393: 0.825554
23394: 0.825561
23395: 0.825568
23396: 0.825576
23397: 0.825583
23398: 0.825548
23399: 0.825556
23400: 0.825563
23401: 0.82557
23402: 0.825578
23403: 0.825585
23404: 0.825593
23405: 0.825558
23406: 0.825565
23407: 0.825572
23408: 0.82558
23409: 0.825587
23410: 0.825552
23411: 0.82556
23412: 0.825567
23413: 0.825532
23414: 0.825539
23415: 0.825547
23416: 0.825554
23417: 0.825562
23418: 0.825526
23419: 0.825491
23420: 0.825498
23421: 0.825506
23422: 0.825471
23423: 0.825478
23424: 0.825486
23425: 0.825493
23426: 0.8255
23427: 0.825508
23428: 0.825515
23429: 0.825523
23430: 0.82553
23431: 0.825538
23432: 0.825545
23433: 0.825553
23434: 0.82556
23435: 0.825568
23436: 0.825575
23437: 0.825582
23438: 0.82559
23439: 0.825597
23440: 0.825605
23441: 0.825612
23442: 0.82562
23443: 0.825627
23444: 0.825634
23445: 0.825642
23446: 0.825649
23447: 0.825657
23448: 0.825622
23449: 0.825586
23450: 0.825594
23451: 0.825601
23452: 0.825609
23453: 0.825616
23454: 0.825624
23455: 0.825588
23456: 0.825596
23457: 0.825603
23458: 0.825611
23459: 0.825618
23460: 0.825626
23461: 0.825633
23462: 0.82564
23463: 0.825648
23464: 0.825655
23465: 0.825663
23466: 0.82567
23467: 0.825678
23468: 0.825685
23469: 0.825692
23470: 0.825657
23471: 0.825665
23472: 0.825672
23473: 0.825679
23474: 0.825687
23475: 0.825694
23476: 0.825702
23477: 0.825709
23478: 0.825717
23479: 0.825681
23480: 0.825646
23481: 0.825611
23482: 0.825619
23483: 0.825626
23484: 0.825633
23485: 0.825641
23486: 0.825648
23487: 0.825656
23488: 0.825663
23489: 0.82567
23490: 0.825678
23491: 0.825685
23492: 0.825693
23493: 0.8257
23494: 0.825708
23495: 0.825715
23496: 0.825722
23497: 0.82573
23498: 0.825737
23499: 0.825745
23500: 0.82571
23501: 0.825717
23502: 0.825724
23503: 0.825732
23504: 0.825739
23505: 0.825747
23506: 0.825754
23507: 0.825761
23508: 0.825726
23509: 0.825734
23510: 0.825741
23511: 0.825706
23512: 0.825713
23513: 0.825721
23514: 0.825728
23515: 0.825736
23516: 0.825743
23517: 0.82575
23518: 0.825758
23519: 0.825765
23520: 0.82573
23521: 0.825695
23522: 0.82566
23523: 0.825667
23524: 0.825675
23525: 0.825682
23526: 0.82569
23527: 0.825697
23528: 0.825704
23529: 0.825712
23530: 0.825719
23531: 0.825727
23532: 0.825692
23533: 0.825699
23534: 0.825706
23535: 0.825714
23536: 0.825721
23537: 0.825729
23538: 0.825736
23539: 0.825743
23540: 0.825751
23541: 0.825758
23542: 0.825766
23543: 0.825773
23544: 0.82578
23545: 0.825788
23546: 0.825795
23547: 0.825803
23548: 0.82581
23549: 0.825817
23550: 0.825825
23551: 0.825832
23552: 0.82584
23553: 0.825847
23554: 0.825854
23555: 0.825862
23556: 0.825869
23557: 0.825877
23558: 0.825884
23559: 0.825891
23560: 0.825899
23561: 0.825864
23562: 0.825829
23563: 0.825794
23564: 0.825801
23565: 0.825808
23566: 0.825816
23567: 0.825823
23568: 0.825831
23569: 0.825838
23570: 0.825845
23571: 0.825853
23572: 0.82586
23573: 0.825867
23574: 0.825875
23575: 0.825882
23576: 0.82589
23577: 0.825897
23578: 0.825862
23579: 0.825869
23580: 0.825877
23581: 0.825884
23582: 0.825892
23583: 0.825899
23584: 0.825906
23585: 0.825914
23586: 0.825921
23587: 0.825928
23588: 0.825936
23589: 0.825943
23590: 0.825951
23591: 0.825958
23592: 0.825965
23593: 0.825973
23594: 0.82598
23595: 0.825987
23596: 0.825995
23597: 0.826002
23598: 0.82601
23599: 0.826017
23600: 0.826024
23601: 0.826032
23602: 0.826039
23603: 0.826046
23604: 0.826054
23605: 0.826061
23606: 0.826069
23607: 0.826076
23608: 0.826083
23609: 0.826091
23610: 0.826098
23611: 0.826105
23612: 0.826113
23613: 0.82612
23614: 0.826085
23615: 0.826092
23616: 0.8261
23617: 0.826107
23618: 0.826115
23619: 0.826122
23620: 0.826129
23621: 0.826137
23622: 0.826144
23623: 0.826151
23624: 0.826159
23625: 0.826166
23626: 0.826173
23627: 0.826138
23628: 0.826146
23629: 0.826153
23630: 0.826161
23631: 0.826168
23632: 0.826175
23633: 0.826183
23634: 0.82619
23635: 0.826197
23636: 0.826205
23637: 0.826212
23638: 0.826177
23639: 0.826184
23640: 0.826192
23641: 0.826199
23642: 0.826206
23643: 0.826214
23644: 0.826179
23645: 0.826186
23646: 0.826194
23647: 0.826201
23648: 0.826208
23649: 0.826216
23650: 0.826223
23651: 0.826188
23652: 0.826195
23653: 0.826203
23654: 0.82621
23655: 0.826217
23656: 0.826183
23657: 0.826148
23658: 0.826113
23659: 0.826078
23660: 0.826085
23661: 0.826092
23662: 0.8261
23663: 0.826107
23664: 0.826072
23665: 0.82608
23666: 0.826087
23667: 0.826094
23668: 0.826102
23669: 0.826109
23670: 0.826116
23671: 0.826124
23672: 0.826131
23673: 0.826138
23674: 0.826146
23675: 0.826153
23676: 0.82616
23677: 0.826168
23678: 0.826175
23679: 0.826182
23680: 0.82619
23681: 0.826155
23682: 0.82612
23683: 0.826127
23684: 0.826135
23685: 0.826142
23686: 0.826107
23687: 0.826072
23688: 0.82608
23689: 0.826087
23690: 0.826094
23691: 0.826059
23692: 0.826025
23693: 0.826032
23694: 0.826039
23695: 0.826004
23696: 0.82597
23697: 0.825977
23698: 0.825984
23699: 0.825992
23700: 0.825999
23701: 0.825964
23702: 0.825971
23703: 0.825979
23704: 0.825986
23705: 0.825993
23706: 0.826001
23707: 0.825966
23708: 0.825931
23709: 0.825938
23710: 0.825946
23711: 0.825953
23712: 0.82596
23713: 0.825968
23714: 0.825975
23715: 0.825982
23716: 0.82599
23717: 0.825997
23718: 0.826004
23719: 0.826012
23720: 0.826019
23721: 0.826026
23722: 0.826034
23723: 0.826041
23724: 0.826048
23725: 0.826056
23726: 0.826063
23727: 0.82607
23728: 0.826078
23729: 0.826085
23730: 0.826092
23731: 0.8261
23732: 0.826065
23733: 0.826072
23734: 0.82608
23735: 0.826087
23736: 0.826094
23737: 0.826102
23738: 0.826109
23739: 0.826116
23740: 0.826124
23741: 0.826131
23742: 0.826138
23743: 0.826103
23744: 0.826069
23745: 0.826034
23746: 0.826041
23747: 0.826049
23748: 0.826056
23749: 0.826063
23750: 0.826028
23751: 0.826036
23752: 0.826043
23753: 0.82605
23754: 0.826058
23755: 0.826065
23756: 0.826072
23757: 0.82608
23758: 0.826087
23759: 0.826094
23760: 0.826102
23761: 0.826109
23762: 0.826116
23763: 0.826124
23764: 0.826131
23765: 0.826138
23766: 0.826145
23767: 0.826153
23768: 0.82616
23769: 0.826167
23770: 0.826175
23771: 0.826182
23772: 0.826189
23773: 0.826197
23774: 0.826204
23775: 0.826211
23776: 0.826219
23777: 0.826226
23778: 0.826233
23779: 0.826241
23780: 0.826248
23781: 0.826213
23782: 0.82622
23783: 0.826228
23784: 0.826235
23785: 0.826242
23786: 0.82625
23787: 0.826257
23788: 0.826264
23789: 0.826272
23790: 0.826279
23791: 0.826286
23792: 0.826293
23793: 0.826301
23794: 0.826308
23795: 0.826315
23796: 0.826323
23797: 0.82633
23798: 0.826337
23799: 0.826345
23800: 0.826352
23801: 0.826359
23802: 0.826366
23803: 0.826374
23804: 0.826381
23805: 0.826346
23806: 0.826354
23807: 0.826361
23808: 0.826368
23809: 0.826375
23810: 0.826383
23811: 0.82639
23812: 0.826397
23813: 0.826405
23814: 0.826412
23815: 0.826419
23816: 0.826427
23817: 0.826434
23818: 0.826441
23819: 0.826448
23820: 0.826456
23821: 0.826463
23822: 0.82647
23823: 0.826478
23824: 0.826485
23825: 0.82645
23826: 0.826457
23827: 0.826465
23828: 0.826472
23829: 0.826437
23830: 0.826445
23831: 0.826452
23832: 0.826459
23833: 0.826424
23834: 0.82639
23835: 0.826397
23836: 0.826404
23837: 0.826412
23838: 0.826419
23839: 0.826426
23840: 0.826433
23841: 0.826441
23842: 0.826448
23843: 0.826455
23844: 0.826463
23845: 0.82647
23846: 0.826477
23847: 0.826484
23848: 0.826492
23849: 0.826499
23850: 0.826506
23851: 0.826513
23852: 0.826521
23853: 0.826528
23854: 0.826535
23855: 0.826501
23856: 0.826466
23857: 0.826473
23858: 0.826439
23859: 0.826404
23860: 0.826411
23861: 0.826419
23862: 0.826426
23863: 0.826433
23864: 0.826398
23865: 0.826364
23866: 0.826371
23867: 0.826378
23868: 0.826386
23869: 0.826393
23870: 0.8264
23871: 0.826408
23872: 0.826415
23873: 0.826422
23874: 0.826429
23875: 0.826437
23876: 0.826444
23877: 0.826451
23878: 0.826458
23879: 0.826466
23880: 0.826473
23881: 0.82648
23882: 0.826446
23883: 0.826411
23884: 0.826418
23885: 0.826426
23886: 0.826433
23887: 0.82644
23888: 0.826447
23889: 0.826455
23890: 0.826462
23891: 0.826469
23892: 0.826476
23893: 0.826484
23894: 0.826491
23895: 0.826498
23896: 0.826505
23897: 0.826513
23898: 0.82652
23899: 0.826527
23900: 0.826534
23901: 0.826542
23902: 0.826549
23903: 0.826556
23904: 0.826563
23905: 0.826571
23906: 0.826578
23907: 0.826543
23908: 0.826509
23909: 0.826516
23910: 0.826523
23911: 0.826531
23912: 0.826538
23913: 0.826545
23914: 0.826552
23915: 0.82656
23916: 0.826567
23917: 0.826574
23918: 0.826581
23919: 0.826547
23920: 0.826554
23921: 0.826561
23922: 0.826527
23923: 0.826534
23924: 0.826541
23925: 0.826549
23926: 0.826556
23927: 0.826521
23928: 0.826528
23929: 0.826536
23930: 0.826543
23931: 0.82655
23932: 0.826557
23933: 0.826565
23934: 0.82653
23935: 0.826496
23936: 0.826461
23937: 0.826468
23938: 0.826476
23939: 0.826483
23940: 0.82649
23941: 0.826456
23942: 0.826463
23943: 0.82647
23944: 0.826477
23945: 0.826485
23946: 0.826492
23947: 0.826457
23948: 0.826423
23949: 0.826388
23950: 0.826396
23951: 0.826403
23952: 0.82641
23953: 0.826417
23954: 0.826383
23955: 0.82639
23956: 0.826397
23957: 0.826405
23958: 0.826412
23959: 0.826419
23960: 0.826426
23961: 0.826434
23962: 0.826441
23963: 0.826448
23964: 0.826455
23965: 0.826462
23966: 0.826428
23967: 0.826394
23968: 0.826401
23969: 0.826408
23970: 0.826415
23971: 0.826422
23972: 0.82643
23973: 0.826437
23974: 0.826444
23975: 0.826451
23976: 0.826459
23977: 0.826466
23978: 0.826473
23979: 0.82648
23980: 0.826488
23981: 0.826495
23982: 0.826502
23983: 0.826468
23984: 0.826475
23985: 0.826482
23986: 0.826489
23987: 0.826497
23988: 0.826504
23989: 0.826511
23990: 0.826518
23991: 0.826484
23992: 0.826491
23993: 0.826498
23994: 0.826506
23995: 0.826513
23996: 0.826478
23997: 0.826486
23998: 0.826451
23999: 0.826458
24000: 0.826466
24001: 0.826473
24002: 0.82648
24003: 0.826487
24004: 0.826453
24005: 0.82646
24006: 0.826467
24007: 0.826475
24008: 0.826482
24009: 0.826489
24010: 0.826496
24011: 0.826503
24012: 0.826511
24013: 0.826518
24014: 0.826525
24015: 0.826532
24016: 0.82654
24017: 0.826547
24018: 0.826554
24019: 0.826561
24020: 0.826568
24021: 0.826576
24022: 0.826583
24023: 0.82659
24024: 0.826597
24025: 0.826605
24026: 0.826612
24027: 0.826577
24028: 0.826585
24029: 0.826592
24030: 0.826599
24031: 0.826606
24032: 0.826613
24033: 0.826621
24034: 0.826628
24035: 0.826635
24036: 0.826642
24037: 0.826649
24038: 0.826657
24039: 0.826664
24040: 0.82663
24041: 0.826595
24042: 0.826602
24043: 0.82661
24044: 0.826617
24045: 0.826582
24046: 0.82659
24047: 0.826597
24048: 0.826562
24049: 0.82657
24050: 0.826535
24051: 0.826501
24052: 0.826467
24053: 0.826474
24054: 0.826481
24055: 0.826488
24056: 0.826495
24057: 0.826461
24058: 0.826468
24059: 0.826475
24060: 0.826441
24061: 0.826448
24062: 0.826456
24063: 0.826463
24064: 0.82647
24065: 0.826436
24066: 0.826443
24067: 0.82645
24068: 0.826457
24069: 0.826464
24070: 0.826472
24071: 0.826479
24072: 0.826486
24073: 0.826493
24074: 0.826501
24075: 0.826508
24076: 0.826515
24077: 0.826522
24078: 0.826529
24079: 0.826537
24080: 0.826502
24081: 0.826509
24082: 0.826517
24083: 0.826524
24084: 0.826531
24085: 0.826538
24086: 0.826545
24087: 0.826553
24088: 0.82656
24089: 0.826567
24090: 0.826574
24091: 0.826581
24092: 0.826589
24093: 0.826596
24094: 0.826603
24095: 0.82661
24096: 0.826617
24097: 0.826625
24098: 0.826632
24099: 0.826639
24100: 0.826646
24101: 0.826653
24102: 0.826661
24103: 0.826626
24104: 0.826633
24105: 0.826641
24106: 0.826648
24107: 0.826655
24108: 0.826662
24109: 0.826669
24110: 0.826677
24111: 0.826684
24112: 0.826691
24113: 0.826698
24114: 0.826705
24115: 0.826713
24116: 0.82672
24117: 0.826727
24118: 0.826693
24119: 0.8267
24120: 0.826707
24121: 0.826714
24122: 0.826721
24123: 0.826687
24124: 0.826653
24125: 0.82666
24126: 0.826667
24127: 0.826674
24128: 0.826682
24129: 0.826689
24130: 0.826696
24131: 0.826703
24132: 0.82671
24133: 0.826717
24134: 0.826683
24135: 0.82669
24136: 0.826698
24137: 0.826705
24138: 0.826712
24139: 0.826719
24140: 0.826726
24141: 0.826733
24142: 0.826699
24143: 0.826665
24144: 0.826672
24145: 0.826679
24146: 0.826687
24147: 0.826694
24148: 0.826659
24149: 0.826667
24150: 0.826674
24151: 0.826681
24152: 0.826688
24153: 0.826695
24154: 0.826703
24155: 0.82671
24156: 0.826717
24157: 0.826724
24158: 0.826731
24159: 0.826738
24160: 0.826746
24161: 0.826753
24162: 0.82676
24163: 0.826767
24164: 0.826733
24165: 0.826699
24166: 0.826706
24167: 0.826713
24168: 0.82672
24169: 0.826727
24170: 0.826735
24171: 0.826742
24172: 0.826749
24173: 0.826756
24174: 0.826763
24175: 0.82677
24176: 0.826778
24177: 0.826785
24178: 0.826792
24179: 0.826758
24180: 0.826765
24181: 0.826772
24182: 0.826779
24183: 0.826786
24184: 0.826793
24185: 0.826801
24186: 0.826766
24187: 0.826774
24188: 0.826781
24189: 0.826788
24190: 0.826795
24191: 0.826802
24192: 0.826809
24193: 0.826817
24194: 0.826824
24195: 0.826831
24196: 0.826838
24197: 0.826845
24198: 0.826852
24199: 0.82686
24200: 0.826867
24201: 0.826874
24202: 0.826881
24203: 0.826888
24204: 0.826895
24205: 0.826902
24206: 0.82691
24207: 0.826917
24208: 0.826924
24209: 0.826931
24210: 0.826938
24211: 0.826945
24212: 0.826952
24213: 0.82696
24214: 0.826967
24215: 0.826974
24216: 0.82694
24217: 0.826906
24218: 0.826871
24219: 0.826879
24220: 0.826886
24221: 0.826893
24222: 0.826859
24223: 0.826825
24224: 0.826832
24225: 0.826839
24226: 0.826846
24227: 0.826853
24228: 0.82686
24229: 0.826868
24230: 0.826875
24231: 0.826882
24232: 0.826889
24233: 0.826896
24234: 0.826903
24235: 0.82691
24236: 0.826918
24237: 0.826883
24238: 0.826891
24239: 0.826898
24240: 0.826905
24241: 0.826912
24242: 0.826919
24243: 0.826926
24244: 0.826933
24245: 0.826941
24246: 0.826948
24247: 0.826955
24248: 0.826962
24249: 0.826969
24250: 0.826976
24251: 0.826983
24252: 0.82699
24253: 0.826998
24254: 0.827005
24255: 0.827012
24256: 0.827019
24257: 0.827026
24258: 0.827033
24259: 0.82704
24260: 0.827048
24261: 0.827055
24262: 0.827062
24263: 0.827069
24264: 0.827076
24265: 0.827083
24266: 0.82709
24267: 0.827097
24268: 0.827063
24269: 0.827029
24270: 0.827036
24271: 0.827044
24272: 0.827051
24273: 0.827058
24274: 0.827065
24275: 0.827072
24276: 0.827079
24277: 0.827086
24278: 0.827093
24279: 0.8271
24280: 0.827108
24281: 0.827115
24282: 0.827122
24283: 0.827129
24284: 0.827136
24285: 0.827143
24286: 0.82715
24287: 0.827157
24288: 0.827165
24289: 0.827172
24290: 0.827179
24291: 0.827186
24292: 0.827193
24293: 0.8272
24294: 0.827166
24295: 0.827132
24296: 0.827098
24297: 0.827064
24298: 0.82703
24299: 0.827037
24300: 0.827044
24301: 0.827051
24302: 0.827058
24303: 0.827066
24304: 0.827073
24305: 0.82708
24306: 0.827087
24307: 0.827094
24308: 0.827101
24309: 0.827108
24310: 0.827115
24311: 0.827122
24312: 0.82713
24313: 0.827137
24314: 0.827144
24315: 0.82711
24316: 0.827117
24317: 0.827124
24318: 0.827131
24319: 0.827138
24320: 0.827145
24321: 0.827152
24322: 0.827159
24323: 0.827167
24324: 0.827174
24325: 0.827181
24326: 0.827188
24327: 0.827195
24328: 0.827202
24329: 0.827168
24330: 0.827134
24331: 0.827141
24332: 0.827107
24333: 0.827073
24334: 0.827039
24335: 0.827046
24336: 0.827053
24337: 0.827061
24338: 0.827068
24339: 0.827075
24340: 0.827082
24341: 0.827048
24342: 0.827055
24343: 0.827062
24344: 0.827069
24345: 0.827076
24346: 0.827083
24347: 0.827091
24348: 0.827098
24349: 0.827105
24350: 0.827112
24351: 0.827119
24352: 0.827126
24353: 0.827133
24354: 0.82714
24355: 0.827147
24356: 0.827154
24357: 0.82712
24358: 0.827128
24359: 0.827135
24360: 0.827142
24361: 0.827149
24362: 0.827156
24363: 0.827122
24364: 0.827088
24365: 0.827054
24366: 0.827061
24367: 0.827068
24368: 0.827075
24369: 0.827082
24370: 0.82709
24371: 0.827097
24372: 0.827104
24373: 0.827111
24374: 0.827118
24375: 0.827125
24376: 0.827132
24377: 0.827139
24378: 0.827146
24379: 0.827153
24380: 0.82716
24381: 0.827168
24382: 0.827175
24383: 0.827182
24384: 0.827189
24385: 0.827196
24386: 0.827203
24387: 0.827169
24388: 0.827176
24389: 0.827183
24390: 0.827149
24391: 0.827156
24392: 0.827164
24393: 0.827171
24394: 0.827137
24395: 0.827144
24396: 0.827151
24397: 0.827117
24398: 0.827124
24399: 0.827131
24400: 0.827138
24401: 0.827145
24402: 0.827152
24403: 0.827159
24404: 0.827167
24405: 0.827174
24406: 0.827181
24407: 0.827188
24408: 0.827195
24409: 0.827202
24410: 0.827209
24411: 0.827216
24412: 0.827223
24413: 0.82723
24414: 0.827237
24415: 0.827244
24416: 0.827252
24417: 0.827259
24418: 0.827266
24419: 0.827273
24420: 0.82728
24421: 0.827287
24422: 0.827294
24423: 0.827301
24424: 0.827267
24425: 0.827274
24426: 0.827281
24427: 0.827288
24428: 0.827295
24429: 0.827302
24430: 0.82731
24431: 0.827276
24432: 0.827283
24433: 0.82729
24434: 0.827297
24435: 0.827304
24436: 0.82727
24437: 0.827277
24438: 0.827284
24439: 0.827291
24440: 0.827298
24441: 0.827305
24442: 0.827313
24443: 0.82732
24444: 0.827327
24445: 0.827334
24446: 0.827341
24447: 0.827348
24448: 0.827355
24449: 0.827362
24450: 0.827328
24451: 0.827294
24452: 0.827301
24453: 0.827308
24454: 0.827315
24455: 0.827323
24456: 0.82733
24457: 0.827337
24458: 0.827344
24459: 0.827351
24460: 0.827358
24461: 0.827365
24462: 0.827331
24463: 0.827297
24464: 0.827263
24465: 0.82727
24466: 0.827237
24467: 0.827203
24468: 0.827169
24469: 0.827135
24470: 0.827142
24471: 0.827149
24472: 0.827156
24473: 0.827164
24474: 0.827171
24475: 0.827137
24476: 0.827103
24477: 0.82711
24478: 0.827117
24479: 0.827124
24480: 0.827131
24481: 0.827138
24482: 0.827145
24483: 0.827152
24484: 0.827159
24485: 0.827167
24486: 0.827174
24487: 0.827181
24488: 0.827188
24489: 0.827195
24490: 0.827202
24491: 0.827168
24492: 0.827175
24493: 0.827182
24494: 0.827189
24495: 0.827196
24496: 0.827203
24497: 0.82717
24498: 0.827177
24499: 0.827184
24500: 0.82715
24501: 0.827157
24502: 0.827164
24503: 0.827171
24504: 0.827178
24505: 0.827185
24506: 0.827192
24507: 0.827158
24508: 0.827125
24509: 0.827091
24510: 0.827098
24511: 0.827105
24512: 0.827112
24513: 0.827078
24514: 0.827085
24515: 0.827093
24516: 0.827059
24517: 0.827025
24518: 0.827032
24519: 0.827039
24520: 0.827046
24521: 0.827053
24522: 0.82706
24523: 0.827027
24524: 0.826993
24525: 0.826959
24526: 0.826925
24527: 0.826892
24528: 0.826899
24529: 0.826865
24530: 0.826872
24531: 0.826879
24532: 0.826886
24533: 0.826893
24534: 0.8269
24535: 0.826907
24536: 0.826914
24537: 0.826881
24538: 0.826888
24539: 0.826895
24540: 0.826902
24541: 0.826909
24542: 0.826916
24543: 0.826923
24544: 0.82693
24545: 0.826937
24546: 0.826944
24547: 0.826951
24548: 0.826918
24549: 0.826884
24550: 0.82685
24551: 0.826817
24552: 0.826824
24553: 0.826831
24554: 0.826838
24555: 0.826845
24556: 0.826852
24557: 0.826859
24558: 0.826866
24559: 0.826832
24560: 0.826839
24561: 0.826846
24562: 0.826853
24563: 0.82686
24564: 0.826827
24565: 0.826793
24566: 0.826759
24567: 0.826726
24568: 0.826692
24569: 0.826699
24570: 0.826706
24571: 0.826713
24572: 0.82668
24573: 0.826687
24574: 0.826694
24575: 0.826701
24576: 0.826708
24577: 0.826715
24578: 0.826722
24579: 0.826729
24580: 0.826736
24581: 0.826743
24582: 0.82675
24583: 0.826757
24584: 0.826764
24585: 0.826771
24586: 0.826738
24587: 0.826704
24588: 0.82667
24589: 0.826637
24590: 0.826644
24591: 0.826651
24592: 0.826658
24593: 0.826665
24594: 0.826631
24595: 0.826638
24596: 0.826646
24597: 0.826653
24598: 0.82666
24599: 0.826626
24600: 0.826592
24601: 0.826599
24602: 0.826607
24603: 0.826614
24604: 0.826621
24605: 0.826587
24606: 0.826553
24607: 0.82652
24608: 0.826486
24609: 0.826493
24610: 0.8265
24611: 0.826507
24612: 0.826514
24613: 0.826521
24614: 0.826529
24615: 0.826536
24616: 0.826543
24617: 0.82655
24618: 0.826557
24619: 0.826523
24620: 0.82649
24621: 0.826456
24622: 0.826422
24623: 0.826389
24624: 0.826355
24625: 0.826362
24626: 0.826369
24627: 0.826376
24628: 0.826384
24629: 0.826391
24630: 0.826398
24631: 0.826405
24632: 0.826371
24633: 0.826378
24634: 0.826385
24635: 0.826392
24636: 0.826399
24637: 0.826406
24638: 0.826413
24639: 0.82642
24640: 0.826427
24641: 0.826435
24642: 0.826442
24643: 0.826449
24644: 0.826456
24645: 0.826463
24646: 0.82647
24647: 0.826477
24648: 0.826484
24649: 0.82645
24650: 0.826457
24651: 0.826464
24652: 0.826431
24653: 0.826438
24654: 0.826445
24655: 0.826411
24656: 0.826378
24657: 0.826385
24658: 0.826392
24659: 0.826399
24660: 0.826406
24661: 0.826413
24662: 0.82642
24663: 0.826427
24664: 0.826434
24665: 0.826401
24666: 0.826408
24667: 0.826415
24668: 0.826422
24669: 0.826429
24670: 0.826436
24671: 0.826443
24672: 0.82645
24673: 0.826457
24674: 0.826464
24675: 0.826471
24676: 0.826438
24677: 0.826404
24678: 0.826371
24679: 0.826378
24680: 0.826385
24681: 0.826392
24682: 0.826358
24683: 0.826365
24684: 0.826332
24685: 0.826339
24686: 0.826346
24687: 0.826353
24688: 0.82636
24689: 0.826367
24690: 0.826374
24691: 0.826381
24692: 0.826388
24693: 0.826395
24694: 0.826402
24695: 0.826409
24696: 0.826416
24697: 0.826423
24698: 0.82643
24699: 0.826437
24700: 0.826444
24701: 0.826451
24702: 0.826458
24703: 0.826465
24704: 0.826472
24705: 0.826479
24706: 0.826486
24707: 0.826493
24708: 0.8265
24709: 0.826507
24710: 0.826515
24711: 0.826522
24712: 0.826529
24713: 0.826536
24714: 0.826543
24715: 0.82655
24716: 0.826557
24717: 0.826564
24718: 0.826571
24719: 0.826578
24720: 0.826544
24721: 0.826511
24722: 0.826518
24723: 0.826525
24724: 0.826532
24725: 0.826498
24726: 0.826465
24727: 0.826472
24728: 0.826479
24729: 0.826486
24730: 0.826493
24731: 0.8265
24732: 0.826507
24733: 0.826474
24734: 0.82644
24735: 0.826407
24736: 0.826414
24737: 0.826421
24738: 0.826428
24739: 0.826435
24740: 0.826442
24741: 0.826449
24742: 0.826456
24743: 0.826463
24744: 0.82647
24745: 0.826477
24746: 0.826484
24747: 0.826491
24748: 0.826498
24749: 0.826465
24750: 0.826472
24751: 0.826479
24752: 0.826486
24753: 0.826493
24754: 0.8265
24755: 0.826507
24756: 0.826514
24757: 0.826521
24758: 0.826487
24759: 0.826454
24760: 0.826421
24761: 0.826387
24762: 0.826354
24763: 0.826361
24764: 0.826368
24765: 0.826375
24766: 0.826382
24767: 0.826389
24768: 0.826396
24769: 0.826403
24770: 0.82641
24771: 0.826417
24772: 0.826424
24773: 0.826431
24774: 0.826438
24775: 0.826445
24776: 0.826452
24777: 0.826459
24778: 0.826466
24779: 0.826473
24780: 0.82648
24781: 0.826447
24782: 0.826413
24783: 0.82638
24784: 0.826347
24785: 0.826313
24786: 0.82632
24787: 0.826327
24788: 0.826334
24789: 0.826341
24790: 0.826348
24791: 0.826355
24792: 0.826362
24793: 0.826369
24794: 0.826376
24795: 0.826383
24796: 0.82639
24797: 0.826397
24798: 0.826404
24799: 0.826371
24800: 0.826378
24801: 0.826385
24802: 0.826392
24803: 0.826359
24804: 0.826366
24805: 0.826373
24806: 0.82638
24807: 0.826387
24808: 0.826394
24809: 0.82636
24810: 0.826367
24811: 0.826374
24812: 0.826381
24813: 0.826348
24814: 0.826315
24815: 0.826322
24816: 0.826288
24817: 0.826295
24818: 0.826302
24819: 0.826309
24820: 0.826316
24821: 0.826323
24822: 0.82633
24823: 0.826337
24824: 0.826304
24825: 0.826271
24826: 0.826238
24827: 0.826245
24828: 0.826211
24829: 0.826218
24830: 0.826225
24831: 0.826192
24832: 0.826159
24833: 0.826166
24834: 0.826173
24835: 0.82618
24836: 0.826187
24837: 0.826194
24838: 0.826201
24839: 0.826167
24840: 0.826134
24841: 0.826101
24842: 0.826108
24843: 0.826075
24844: 0.826041
24845: 0.826008
24846: 0.825975
24847: 0.825982
24848: 0.825989
24849: 0.825996
24850: 0.826003
24851: 0.82601
24852: 0.826017
24853: 0.826024
24854: 0.826031
24855: 0.826038
24856: 0.826045
24857: 0.826052
24858: 0.826059
24859: 0.826066
24860: 0.826033
24861: 0.826
24862: 0.826007
24863: 0.826014
24864: 0.826021
24865: 0.826028
24866: 0.826035
24867: 0.826041
24868: 0.826048
24869: 0.826055
24870: 0.826062
24871: 0.826069
24872: 0.826076
24873: 0.826043
24874: 0.82601
24875: 0.825977
24876: 0.825984
24877: 0.825991
24878: 0.825998
24879: 0.826005
24880: 0.825972
24881: 0.825979
24882: 0.825986
24883: 0.825993
24884: 0.826
24885: 0.826007
24886: 0.826014
24887: 0.826021
24888: 0.826028
24889: 0.825994
24890: 0.826001
24891: 0.826008
24892: 0.826015
24893: 0.826022
24894: 0.825989
24895: 0.825996
24896: 0.826003
24897: 0.82601
24898: 0.826017
24899: 0.825984
24900: 0.825991
24901: 0.825998
24902: 0.826005
24903: 0.826012
24904: 0.825979
24905: 0.825986
24906: 0.825993
24907: 0.826
24908: 0.826007
24909: 0.826014
24910: 0.82598
24911: 0.825947
24912: 0.825954
24913: 0.825961
24914: 0.825968
24915: 0.825975
24916: 0.825982
24917: 0.825989
24918: 0.825956
24919: 0.825923
24920: 0.82589
24921: 0.825897
24922: 0.825864
24923: 0.825871
24924: 0.825878
24925: 0.825885
24926: 0.825892
24927: 0.825899
24928: 0.825906
24929: 0.825913
24930: 0.82592
24931: 0.825927
24932: 0.825934
24933: 0.82594
24934: 0.825947
24935: 0.825954
24936: 0.825961
24937: 0.825968
24938: 0.825975
24939: 0.825982
24940: 0.825989
24941: 0.825996
24942: 0.826003
24943: 0.82601
24944: 0.826017
24945: 0.826024
24946: 0.826031
24947: 0.826038
24948: 0.826045
24949: 0.826052
24950: 0.826059
24951: 0.826066
24952: 0.826033
24953: 0.826
24954: 0.826007
24955: 0.825974
24956: 0.825981
24957: 0.825988
24958: 0.825995
24959: 0.826002
24960: 0.826009
24961: 0.826016
24962: 0.826023
24963: 0.826029
24964: 0.826036
24965: 0.826043
24966: 0.82605
24967: 0.826057
24968: 0.826024
24969: 0.825991
24970: 0.825998
24971: 0.826005
24972: 0.826012
24973: 0.826019
24974: 0.826026
24975: 0.826033
24976: 0.82604
24977: 0.826047
24978: 0.826014
24979: 0.826021
24980: 0.826028
24981: 0.825995
24982: 0.825962
24983: 0.825969
24984: 0.825976
24985: 0.825983
24986: 0.82599
24987: 0.825956
24988: 0.825923
24989: 0.82593
24990: 0.825937
24991: 0.825944
24992: 0.825951
24993: 0.825918
24994: 0.825925
24995: 0.825932
24996: 0.825939
24997: 0.825946
24998: 0.825953
24999: 0.82596
25000: 0.825967
25001: 0.825974
25002: 0.825981
25003: 0.825988
25004: 0.825995
25005: 0.826002
25006: 0.826009
25007: 0.826016
25008: 0.825983
25009: 0.82599
25010: 0.825997
25011: 0.826004
25012: 0.82601
25013: 0.826017
25014: 0.825984
25015: 0.825951
25016: 0.825918
25017: 0.825885
25018: 0.825892
25019: 0.825899
25020: 0.825906
25021: 0.825913
25022: 0.82592
25023: 0.825927
25024: 0.825934
25025: 0.825941
25026: 0.825948
25027: 0.825955
25028: 0.825962
25029: 0.825969
25030: 0.825936
25031: 0.825903
25032: 0.82591
25033: 0.825917
25034: 0.825924
25035: 0.825931
25036: 0.825938
25037: 0.825945
25038: 0.825952
25039: 0.825958
25040: 0.825965
25041: 0.825972
25042: 0.825979
25043: 0.825986
25044: 0.825993
25045: 0.82596
25046: 0.825967
25047: 0.825974
25048: 0.825981
25049: 0.825988
25050: 0.825995
25051: 0.826002
25052: 0.826009
25053: 0.826016
25054: 0.826023
25055: 0.82603
25056: 0.825997
25057: 0.826004
25058: 0.826011
25059: 0.826018
25060: 0.826025
25061: 0.826031
25062: 0.826038
25063: 0.826045
25064: 0.826052
25065: 0.826019
25066: 0.825986
25067: 0.825953
25068: 0.82592
25069: 0.825927
25070: 0.825934
25071: 0.825941
25072: 0.825948
25073: 0.825955
25074: 0.825962
25075: 0.825969
25076: 0.825936
25077: 0.825943
25078: 0.82595
25079: 0.825957
25080: 0.825964
25081: 0.825971
25082: 0.825978
25083: 0.825985
25084: 0.825992
25085: 0.825999
25086: 0.826006
25087: 0.826012
25088: 0.826019
25089: 0.826026
25090: 0.825993
25091: 0.826
25092: 0.826007
25093: 0.826014
25094: 0.826021
25095: 0.826028
25096: 0.826035
25097: 0.826042
25098: 0.826049
25099: 0.826056
25100: 0.826063
25101: 0.82607
25102: 0.826077
25103: 0.826044
25104: 0.826011
25105: 0.826018
25106: 0.826025
25107: 0.826032
25108: 0.826038
25109: 0.826045
25110: 0.826052
25111: 0.826059
25112: 0.826066
25113: 0.826073
25114: 0.82608
25115: 0.826047
25116: 0.826054
25117: 0.826061
25118: 0.826068
25119: 0.826075
25120: 0.826082
25121: 0.826049
25122: 0.826016
25123: 0.826023
25124: 0.82603
25125: 0.826037
25126: 0.826044
25127: 0.826051
25128: 0.826058
25129: 0.826064
25130: 0.826071
25131: 0.826078
25132: 0.826085
25133: 0.826092
25134: 0.826099
25135: 0.826106
25136: 0.826113
25137: 0.82612
25138: 0.826127
25139: 0.826134
25140: 0.826101
25141: 0.826108
25142: 0.826115
25143: 0.826122
25144: 0.826128
25145: 0.826135
25146: 0.826142
25147: 0.826149
25148: 0.826156
25149: 0.826163
25150: 0.82617
25151: 0.826177
25152: 0.826184
25153: 0.826191
25154: 0.826198
25155: 0.826204
25156: 0.826211
25157: 0.826218
25158: 0.826225
25159: 0.826232
25160: 0.826239
25161: 0.826246
25162: 0.826253
25163: 0.82626
25164: 0.826267
25165: 0.826274
25166: 0.82628
25167: 0.826287
25168: 0.826255
25169: 0.826261
25170: 0.826229
25171: 0.826235
25172: 0.826242
25173: 0.82621
25174: 0.826216
25175: 0.826223
25176: 0.82623
25177: 0.826197
25178: 0.826204
25179: 0.826211
25180: 0.826218
25181: 0.826185
25182: 0.826192
25183: 0.826199
25184: 0.826166
25185: 0.826134
25186: 0.82614
25187: 0.826147
25188: 0.826154
25189: 0.826121
25190: 0.826128
25191: 0.826135
25192: 0.826142
25193: 0.826149
25194: 0.826156
25195: 0.826163
25196: 0.82617
25197: 0.826177
25198: 0.826144
25199: 0.826151
25200: 0.826158
25201: 0.826165
25202: 0.826171
25203: 0.826178
25204: 0.826185
25205: 0.826192
25206: 0.826199
25207: 0.826206
25208: 0.826213
25209: 0.82622
25210: 0.826227
25211: 0.826194
25212: 0.826201
25213: 0.826208
25214: 0.826175
25215: 0.826182
25216: 0.826189
25217: 0.826156
25218: 0.826123
25219: 0.82613
25220: 0.826137
25221: 0.826144
25222: 0.826151
25223: 0.826158
25224: 0.826165
25225: 0.826171
25226: 0.826178
25227: 0.826185
25228: 0.826192
25229: 0.826159
25230: 0.826127
25231: 0.826133
25232: 0.82614
25233: 0.826147
25234: 0.826115
25235: 0.826121
25236: 0.826128
25237: 0.826135
25238: 0.826142
25239: 0.826149
25240: 0.826156
25241: 0.826163
25242: 0.82617
25243: 0.826137
25244: 0.826144
25245: 0.826151
25246: 0.826158
25247: 0.826164
25248: 0.826171
25249: 0.826178
25250: 0.826185
25251: 0.826192
25252: 0.826199
25253: 0.826206
25254: 0.826173
25255: 0.82618
25256: 0.826187
25257: 0.826194
25258: 0.826201
25259: 0.826207
25260: 0.826214
25261: 0.826221
25262: 0.826228
25263: 0.826195
25264: 0.826202
25265: 0.826209
25266: 0.826216
25267: 0.826223
25268: 0.82623
25269: 0.826237
25270: 0.826244
25271: 0.82625
25272: 0.826257
25273: 0.826264
25274: 0.826271
25275: 0.826278
25276: 0.826285
25277: 0.826292
25278: 0.826299
25279: 0.826305
25280: 0.826312
25281: 0.826319
25282: 0.826326
25283: 0.826333
25284: 0.82634
25285: 0.826347
25286: 0.826353
25287: 0.82636
25288: 0.826367
25289: 0.826335
25290: 0.826302
25291: 0.826309
25292: 0.826316
25293: 0.826322
25294: 0.826329
25295: 0.826336
25296: 0.826343
25297: 0.82635
25298: 0.826357
25299: 0.826364
25300: 0.82637
25301: 0.826338
25302: 0.826345
25303: 0.826352
25304: 0.826358
25305: 0.826365
25306: 0.826372
25307: 0.826379
25308: 0.826386
25309: 0.826393
25310: 0.8264
25311: 0.826406
25312: 0.826374
25313: 0.826381
25314: 0.826388
25315: 0.826394
25316: 0.826401
25317: 0.826408
25318: 0.826375
25319: 0.826343
25320: 0.82631
25321: 0.826278
25322: 0.826284
25323: 0.826291
25324: 0.826298
25325: 0.826305
25326: 0.826312
25327: 0.826319
25328: 0.826326
25329: 0.826332
25330: 0.826339
25331: 0.826346
25332: 0.826314
25333: 0.82632
25334: 0.826327
25335: 0.826334
25336: 0.826341
25337: 0.826348
25338: 0.826355
25339: 0.826361
25340: 0.826368
25341: 0.826375
25342: 0.826382
25343: 0.826349
25344: 0.826317
25345: 0.826284
25346: 0.826252
25347: 0.826219
25348: 0.826226
25349: 0.826233
25350: 0.82624
25351: 0.826246
25352: 0.826253
25353: 0.82626
25354: 0.826228
25355: 0.826234
25356: 0.826241
25357: 0.826248
25358: 0.826255
25359: 0.826262
25360: 0.826269
25361: 0.826236
25362: 0.826204
25363: 0.826171
25364: 0.826178
25365: 0.826145
25366: 0.826152
25367: 0.826159
25368: 0.826126
25369: 0.826094
25370: 0.826101
25371: 0.826108
25372: 0.826114
25373: 0.826121
25374: 0.826128
25375: 0.826135
25376: 0.826142
25377: 0.826149
25378: 0.826155
25379: 0.826162
25380: 0.826169
25381: 0.826176
25382: 0.826183
25383: 0.82619
25384: 0.826197
25385: 0.826203
25386: 0.82621
25387: 0.826217
25388: 0.826224
25389: 0.826231
25390: 0.826238
25391: 0.826244
25392: 0.826212
25393: 0.826219
25394: 0.826226
25395: 0.826232
25396: 0.826239
25397: 0.826246
25398: 0.826253
25399: 0.82626
25400: 0.826267
25401: 0.826274
25402: 0.826241
25403: 0.826248
25404: 0.826215
25405: 0.826222
25406: 0.826229
25407: 0.826236
25408: 0.826243
25409: 0.82625
25410: 0.826256
25411: 0.826263
25412: 0.82627
25413: 0.826277
25414: 0.826284
25415: 0.826291
25416: 0.826297
25417: 0.826304
25418: 0.826311
25419: 0.826318
25420: 0.826325
25421: 0.826332
25422: 0.826338
25423: 0.826345
25424: 0.826352
25425: 0.82632
25426: 0.826326
25427: 0.826333
25428: 0.826301
25429: 0.826308
25430: 0.826314
25431: 0.826321
25432: 0.826328
25433: 0.826335
25434: 0.826342
25435: 0.826348
25436: 0.826355
25437: 0.826362
25438: 0.826369
25439: 0.826376
25440: 0.826383
25441: 0.826389
25442: 0.826396
25443: 0.826403
25444: 0.82641
25445: 0.826417
25446: 0.826384
25447: 0.826352
25448: 0.826359
25449: 0.826365
25450: 0.826372
25451: 0.826379
25452: 0.826347
25453: 0.826314
25454: 0.826321
25455: 0.826328
25456: 0.826335
25457: 0.826341
25458: 0.826348
25459: 0.826355
25460: 0.826362
25461: 0.826369
25462: 0.826376
25463: 0.826382
25464: 0.82635
25465: 0.826357
25466: 0.826364
25467: 0.82637
25468: 0.826377
25469: 0.826345
25470: 0.826352
25471: 0.826358
25472: 0.826365
25473: 0.826372
25474: 0.826379
25475: 0.826386
25476: 0.826392
25477: 0.826399
25478: 0.826406
25479: 0.826413
25480: 0.82642
25481: 0.826426
25482: 0.826433
25483: 0.82644
25484: 0.826447
25485: 0.826415
25486: 0.826382
25487: 0.82635
25488: 0.826317
25489: 0.826324
25490: 0.826331
25491: 0.826338
25492: 0.826344
25493: 0.826351
25494: 0.826358
25495: 0.826365
25496: 0.826372
25497: 0.826379
25498: 0.826385
25499: 0.826392
25500: 0.826399
25501: 0.826406
25502: 0.826413
25503: 0.82638
25504: 0.826387
25505: 0.826394
25506: 0.826401
25507: 0.826407
25508: 0.826414
25509: 0.826421
25510: 0.826428
25511: 0.826435
25512: 0.826402
25513: 0.826409
25514: 0.826416
25515: 0.826423
25516: 0.826429
25517: 0.826436
25518: 0.826443
25519: 0.82645
25520: 0.826457
25521: 0.826463
25522: 0.82647
25523: 0.826477
25524: 0.826484
25525: 0.826491
25526: 0.826497
25527: 0.826504
25528: 0.826511
25529: 0.826518
25530: 0.826525
25531: 0.826531
25532: 0.826538
25533: 0.826545
25534: 0.826552
25535: 0.826559
25536: 0.826526
25537: 0.826533
25538: 0.826501
25539: 0.826507
25540: 0.826514
25541: 0.826521
25542: 0.826489
25543: 0.826495
25544: 0.826502
25545: 0.826509
25546: 0.826477
25547: 0.826483
25548: 0.82649
25549: 0.826497
25550: 0.826465
25551: 0.826432
25552: 0.8264
25553: 0.826368
25554: 0.826374
25555: 0.826381
25556: 0.826388
25557: 0.826356
25558: 0.826363
25559: 0.826369
25560: 0.826376
25561: 0.826344
25562: 0.826351
25563: 0.826318
25564: 0.826286
25565: 0.826254
25566: 0.82626
25567: 0.826267
25568: 0.826274
25569: 0.826281
25570: 0.826288
25571: 0.826294
25572: 0.826301
25573: 0.826308
25574: 0.826315
25575: 0.826322
25576: 0.826328
25577: 0.826335
25578: 0.826342
25579: 0.826349
25580: 0.826355
25581: 0.826362
25582: 0.826369
25583: 0.826376
25584: 0.826383
25585: 0.826389
25586: 0.826357
25587: 0.826364
25588: 0.826371
25589: 0.826377
25590: 0.826384
25591: 0.826352
25592: 0.82632
25593: 0.826326
25594: 0.826333
25595: 0.82634
25596: 0.826347
25597: 0.826354
25598: 0.826321
25599: 0.826328
25600: 0.826296
25601: 0.826264
25602: 0.826231
25603: 0.826238
25604: 0.826206
25605: 0.826213
25606: 0.826219
25607: 0.826226
25608: 0.826194
25609: 0.826201
25610: 0.826207
25611: 0.826175
25612: 0.826143
25613: 0.82615
25614: 0.826157
25615: 0.826163
25616: 0.82617
25617: 0.826177
25618: 0.826184
25619: 0.82619
25620: 0.826197
25621: 0.826204
25622: 0.826211
25623: 0.826179
25624: 0.826185
25625: 0.826192
25626: 0.82616
25627: 0.826128
25628: 0.826134
25629: 0.826141
25630: 0.826148
25631: 0.826116
25632: 0.826123
25633: 0.826129
25634: 0.826136
25635: 0.826143
25636: 0.82615
25637: 0.826156
25638: 0.826163
25639: 0.82617
25640: 0.826177
25641: 0.826184
25642: 0.82619
25643: 0.826197
25644: 0.826204
25645: 0.826211
25646: 0.826217
25647: 0.826185
25648: 0.826153
25649: 0.82616
25650: 0.826167
25651: 0.826173
25652: 0.82618
25653: 0.826148
25654: 0.826155
25655: 0.826162
25656: 0.826168
25657: 0.826175
25658: 0.826182
25659: 0.826189
25660: 0.826195
25661: 0.826202
25662: 0.82617
25663: 0.826138
25664: 0.826145
25665: 0.826151
25666: 0.826158
25667: 0.826165
25668: 0.826172
25669: 0.826139
25670: 0.826146
25671: 0.826153
25672: 0.82616
25673: 0.826128
25674: 0.826134
25675: 0.826141
25676: 0.826148
25677: 0.826155
25678: 0.826161
25679: 0.826168
25680: 0.826175
25681: 0.826182
25682: 0.82615
25683: 0.826117
25684: 0.826124
25685: 0.826131
25686: 0.826138
25687: 0.826145
25688: 0.826151
25689: 0.826158
25690: 0.826165
25691: 0.826172
25692: 0.826178
25693: 0.826185
25694: 0.826192
25695: 0.826199
25696: 0.826205
25697: 0.826212
25698: 0.826219
25699: 0.826226
25700: 0.826232
25701: 0.8262
25702: 0.826207
25703: 0.826214
25704: 0.826221
25705: 0.826188
25706: 0.826156
25707: 0.826124
25708: 0.826131
25709: 0.826099
25710: 0.826067
25711: 0.826035
25712: 0.826002
25713: 0.82597
25714: 0.825938
25715: 0.825906
25716: 0.825913
25717: 0.82592
25718: 0.825926
25719: 0.825933
25720: 0.82594
25721: 0.825908
25722: 0.825915
25723: 0.825921
25724: 0.825928
25725: 0.825935
25726: 0.825903
25727: 0.82591
25728: 0.825916
25729: 0.825923
25730: 0.82593
25731: 0.825937
25732: 0.825943
25733: 0.82595
25734: 0.825957
25735: 0.825964
25736: 0.82597
25737: 0.825977
25738: 0.825984
25739: 0.825991
25740: 0.825997
25741: 0.825965
25742: 0.825933
25743: 0.82594
25744: 0.825947
25745: 0.825954
25746: 0.82596
25747: 0.825967
25748: 0.825974
25749: 0.825981
25750: 0.825987
25751: 0.825994
25752: 0.826001
25753: 0.826008
25754: 0.826014
25755: 0.826021
25756: 0.826028
25757: 0.826035
25758: 0.826041
25759: 0.826048
25760: 0.826055
25761: 0.826062
25762: 0.826068
25763: 0.826075
25764: 0.826082
25765: 0.826089
25766: 0.826095
25767: 0.826102
25768: 0.826109
25769: 0.826116
25770: 0.826122
25771: 0.826129
25772: 0.826136
25773: 0.826143
25774: 0.826149
25775: 0.826156
25776: 0.826163
25777: 0.82617
25778: 0.826176
25779: 0.826183
25780: 0.82619
25781: 0.826197
25782: 0.826203
25783: 0.82621
25784: 0.826178
25785: 0.826146
25786: 0.826114
25787: 0.826082
25788: 0.82605
25789: 0.826057
25790: 0.826063
25791: 0.826031
25792: 0.825999
25793: 0.826006
25794: 0.826013
25795: 0.82602
25796: 0.826026
25797: 0.826033
25798: 0.82604
25799: 0.826047
25800: 0.826053
25801: 0.82606
25802: 0.826067
25803: 0.826073
25804: 0.82608
25805: 0.826087
25806: 0.826094
25807: 0.8261
25808: 0.826107
25809: 0.826075
25810: 0.826043
25811: 0.82605
25812: 0.826057
25813: 0.826063
25814: 0.82607
25815: 0.826038
25816: 0.826045
25817: 0.826052
25818: 0.826058
25819: 0.826065
25820: 0.826072
25821: 0.82604
25822: 0.826047
25823: 0.826053
25824: 0.82606
25825: 0.826067
25826: 0.826073
25827: 0.826042
25828: 0.826048
25829: 0.826055
25830: 0.826062
25831: 0.826068
25832: 0.826075
25833: 0.826043
25834: 0.82605
25835: 0.826057
25836: 0.826063
25837: 0.82607
25838: 0.826077
25839: 0.826084
25840: 0.82609
25841: 0.826097
25842: 0.826104
25843: 0.826111
25844: 0.826117
25845: 0.826124
25846: 0.826131
25847: 0.826137
25848: 0.826144
25849: 0.826151
25850: 0.826158
25851: 0.826164
25852: 0.826171
25853: 0.826178
25854: 0.826184
25855: 0.826191
25856: 0.826198
25857: 0.826166
25858: 0.826173
25859: 0.826179
25860: 0.826186
25861: 0.826193
25862: 0.8262
25863: 0.826206
25864: 0.826213
25865: 0.82622
25866: 0.826226
25867: 0.826233
25868: 0.82624
25869: 0.826247
25870: 0.826253
25871: 0.826221
25872: 0.826228
25873: 0.826235
25874: 0.826242
25875: 0.826248
25876: 0.826255
25877: 0.826262
25878: 0.82623
25879: 0.826198
25880: 0.826205
25881: 0.826211
25882: 0.826218
25883: 0.826225
25884: 0.826193
25885: 0.826161
25886: 0.826168
25887: 0.826174
25888: 0.826181
25889: 0.826188
25890: 0.826194
25891: 0.826201
25892: 0.826208
25893: 0.826215
25894: 0.826221
25895: 0.826228
25896: 0.826235
25897: 0.826241
25898: 0.826248
25899: 0.826255
25900: 0.826262
25901: 0.826268
25902: 0.826275
25903: 0.826282
25904: 0.826288
25905: 0.826295
25906: 0.826263
25907: 0.82627
25908: 0.826277
25909: 0.826283
25910: 0.82629
25911: 0.826297
25912: 0.826303
25913: 0.82631
25914: 0.826317
25915: 0.826324
25916: 0.82633
25917: 0.826337
25918: 0.826305
25919: 0.826312
25920: 0.826318
25921: 0.826325
25922: 0.826332
25923: 0.826339
25924: 0.826345
25925: 0.826313
25926: 0.82632
25927: 0.826327
25928: 0.826333
25929: 0.82634
25930: 0.826347
25931: 0.826354
25932: 0.82636
25933: 0.826367
25934: 0.826374
25935: 0.826342
25936: 0.826348
25937: 0.826355
25938: 0.826362
25939: 0.826369
25940: 0.826337
25941: 0.826343
25942: 0.82635
25943: 0.826318
25944: 0.826286
25945: 0.826255
25946: 0.826261
25947: 0.826268
25948: 0.826275
25949: 0.826281
25950: 0.826288
25951: 0.826295
25952: 0.826263
25953: 0.82627
25954: 0.826276
25955: 0.826283
25956: 0.82629
25957: 0.826296
25958: 0.826303
25959: 0.82631
25960: 0.826316
25961: 0.826323
25962: 0.82633
25963: 0.826336
25964: 0.826343
25965: 0.82635
25966: 0.826357
25967: 0.826363
25968: 0.82637
25969: 0.826377
25970: 0.826383
25971: 0.826351
25972: 0.826358
25973: 0.826365
25974: 0.826333
25975: 0.826301
25976: 0.826269
25977: 0.826276
25978: 0.826283
25979: 0.826289
25980: 0.826296
25981: 0.826303
25982: 0.826271
25983: 0.826239
25984: 0.826207
25985: 0.826214
25986: 0.826221
25987: 0.826227
25988: 0.826234
25989: 0.826241
25990: 0.826248
25991: 0.826254
25992: 0.826222
25993: 0.826229
25994: 0.826236
25995: 0.826242
25996: 0.826249
25997: 0.826256
25998: 0.826263
25999: 0.826269
26000: 0.826276
26001: 0.826244
26002: 0.826251
26003: 0.826257
26004: 0.826264
26005: 0.826271
26006: 0.826278
26007: 0.826284
26008: 0.826291
26009: 0.826298
26010: 0.826304
26011: 0.826311
26012: 0.826318
26013: 0.826324
26014: 0.826331
26015: 0.826338
26016: 0.826344
26017: 0.826351
26018: 0.826358
26019: 0.826364
26020: 0.826371
26021: 0.826378
26022: 0.826384
26023: 0.826391
26024: 0.826398
26025: 0.826404
26026: 0.826411
26027: 0.826418
26028: 0.826424
26029: 0.826393
26030: 0.826361
26031: 0.826368
26032: 0.826374
26033: 0.826381
26034: 0.826388
26035: 0.826394
26036: 0.826401
26037: 0.826408
26038: 0.826414
26039: 0.826421
26040: 0.826389
26041: 0.826396
26042: 0.826402
26043: 0.826409
26044: 0.826416
26045: 0.826422
26046: 0.826429
26047: 0.826397
26048: 0.826404
26049: 0.826411
26050: 0.826379
26051: 0.826386
26052: 0.826392
26053: 0.826399
26054: 0.826406
26055: 0.826412
26056: 0.826419
26057: 0.826426
26058: 0.826432
26059: 0.826439
26060: 0.826446
26061: 0.826414
26062: 0.826421
26063: 0.826427
26064: 0.826434
26065: 0.826441
26066: 0.826447
26067: 0.826454
26068: 0.826461
26069: 0.826467
26070: 0.826474
26071: 0.826481
26072: 0.826487
26073: 0.826494
26074: 0.826462
26075: 0.826469
26076: 0.826437
26077: 0.826444
26078: 0.82645
26079: 0.826457
26080: 0.826464
26081: 0.82647
26082: 0.826477
26083: 0.826484
26084: 0.82649
26085: 0.826497
26086: 0.826504
26087: 0.82651
26088: 0.826517
26089: 0.826524
26090: 0.82653
26091: 0.826537
26092: 0.826544
26093: 0.82655
26094: 0.826557
26095: 0.826563
26096: 0.826532
26097: 0.8265
26098: 0.826507
26099: 0.826513
26100: 0.82652
26101: 0.826527
26102: 0.826495
26103: 0.826463
26104: 0.82647
26105: 0.826477
26106: 0.826483
26107: 0.82649
26108: 0.826497
26109: 0.826503
26110: 0.82651
26111: 0.826517
26112: 0.826523
26113: 0.82653
26114: 0.826536
26115: 0.826543
26116: 0.826511
26117: 0.826518
26118: 0.826486
26119: 0.826493
26120: 0.8265
26121: 0.826506
26122: 0.826513
26123: 0.82652
26124: 0.826526
26125: 0.826495
26126: 0.826501
26127: 0.826508
26128: 0.826515
26129: 0.826521
26130: 0.826528
26131: 0.826535
26132: 0.826541
26133: 0.826548
26134: 0.826554
26135: 0.826561
26136: 0.826568
26137: 0.826574
26138: 0.826581
26139: 0.826588
26140: 0.826594
26141: 0.826601
26142: 0.826608
26143: 0.826614
26144: 0.826621
26145: 0.826589
26146: 0.826596
26147: 0.826602
26148: 0.826609
26149: 0.826616
26150: 0.826622
26151: 0.826591
26152: 0.826597
26153: 0.826604
26154: 0.826611
26155: 0.826617
26156: 0.826624
26157: 0.82663
26158: 0.826637
26159: 0.826644
26160: 0.82665
26161: 0.826619
26162: 0.826587
26163: 0.826556
26164: 0.826562
26165: 0.826569
26166: 0.826575
26167: 0.826582
26168: 0.826589
26169: 0.826557
26170: 0.826564
26171: 0.82657
26172: 0.826577
26173: 0.826584
26174: 0.82659
26175: 0.826597
26176: 0.826604
26177: 0.82661
26178: 0.826617
26179: 0.826623
26180: 0.82663
26181: 0.826637
26182: 0.826643
26183: 0.826612
26184: 0.826618
26185: 0.826625
26186: 0.826632
26187: 0.826638
26188: 0.826645
26189: 0.826651
26190: 0.826658
26191: 0.826665
26192: 0.826633
26193: 0.82664
26194: 0.826646
26195: 0.826653
26196: 0.82666
26197: 0.826666
26198: 0.826673
26199: 0.826679
26200: 0.826686
26201: 0.826693
26202: 0.826699
26203: 0.826706
26204: 0.826712
26205: 0.826719
26206: 0.826726
26207: 0.826732
26208: 0.826701
26209: 0.826669
26210: 0.826638
26211: 0.826606
26212: 0.826613
26213: 0.826619
26214: 0.826626
26215: 0.826594
26216: 0.826563
26217: 0.82657
26218: 0.826576
26219: 0.826583
26220: 0.826589
26221: 0.826596
26222: 0.826603
26223: 0.826609
26224: 0.826616
26225: 0.826622
26226: 0.826629
26227: 0.826636
26228: 0.826642
26229: 0.826649
26230: 0.826655
26231: 0.826662
26232: 0.826669
26233: 0.826675
26234: 0.826682
26235: 0.826689
26236: 0.826657
26237: 0.826664
26238: 0.82667
26239: 0.826677
26240: 0.826683
26241: 0.82669
26242: 0.826697
26243: 0.826703
26244: 0.82671
26245: 0.826716
26246: 0.826685
26247: 0.826692
26248: 0.826698
26249: 0.826705
26250: 0.826711
26251: 0.826718
26252: 0.826725
26253: 0.826731
26254: 0.826738
26255: 0.826744
26256: 0.826751
26257: 0.826758
26258: 0.826726
26259: 0.826733
26260: 0.826739
26261: 0.826746
26262: 0.826752
26263: 0.826759
26264: 0.826728
26265: 0.826734
26266: 0.826703
26267: 0.826671
26268: 0.82664
26269: 0.826646
26270: 0.826653
26271: 0.826621
26272: 0.826628
26273: 0.826635
26274: 0.826641
26275: 0.826648
26276: 0.826654
26277: 0.826661
26278: 0.826668
26279: 0.826674
26280: 0.826681
26281: 0.826649
26282: 0.826618
26283: 0.826625
26284: 0.826631
26285: 0.826638
26286: 0.826644
26287: 0.826651
26288: 0.826658
26289: 0.826664
26290: 0.826671
26291: 0.826677
26292: 0.826684
26293: 0.82669
26294: 0.826659
26295: 0.826666
26296: 0.826672
26297: 0.826641
26298: 0.826609
26299: 0.826578
26300: 0.826547
26301: 0.826515
26302: 0.826522
26303: 0.82649
26304: 0.826497
26305: 0.826503
26306: 0.82651
26307: 0.826517
26308: 0.826523
26309: 0.82653
26310: 0.826536
26311: 0.826543
26312: 0.826512
26313: 0.826518
26314: 0.826525
26315: 0.826531
26316: 0.826538
26317: 0.826507
26318: 0.826513
26319: 0.82652
26320: 0.826526
26321: 0.826533
26322: 0.82654
26323: 0.826546
26324: 0.826553
26325: 0.826559
26326: 0.826566
26327: 0.826572
26328: 0.826579
26329: 0.826586
26330: 0.826592
26331: 0.826599
26332: 0.826605
26333: 0.826612
26334: 0.826619
26335: 0.826625
26336: 0.826632
26337: 0.826638
26338: 0.826645
26339: 0.826614
26340: 0.826582
26341: 0.826589
26342: 0.826595
26343: 0.826602
26344: 0.826608
26345: 0.826615
26346: 0.826584
26347: 0.826552
26348: 0.826521
26349: 0.82649
26350: 0.826496
26351: 0.826503
26352: 0.826509
26353: 0.826516
26354: 0.826485
26355: 0.826453
26356: 0.826422
26357: 0.826428
26358: 0.826435
26359: 0.826442
26360: 0.826448
26361: 0.826455
26362: 0.826461
26363: 0.82643
26364: 0.826437
26365: 0.826443
26366: 0.82645
26367: 0.826456
26368: 0.826425
26369: 0.826432
26370: 0.826438
26371: 0.826445
26372: 0.826451
26373: 0.826458
26374: 0.826464
26375: 0.826471
26376: 0.826478
26377: 0.826484
26378: 0.826491
26379: 0.826497
26380: 0.826504
26381: 0.82651
26382: 0.826517
26383: 0.826524
26384: 0.82653
26385: 0.826537
26386: 0.826543
26387: 0.82655
26388: 0.826519
26389: 0.826487
26390: 0.826494
26391: 0.8265
26392: 0.826507
26393: 0.826514
26394: 0.82652
26395: 0.826527
26396: 0.826533
26397: 0.82654
26398: 0.826509
26399: 0.826515
26400: 0.826522
26401: 0.826528
26402: 0.826535
26403: 0.826541
26404: 0.826548
26405: 0.826555
26406: 0.826561
26407: 0.826568
26408: 0.826574
26409: 0.826581
26410: 0.826587
26411: 0.826594
26412: 0.826601
26413: 0.826607
26414: 0.826576
26415: 0.826545
26416: 0.826551
26417: 0.826558
26418: 0.826564
26419: 0.826571
26420: 0.826577
26421: 0.826546
26422: 0.826515
26423: 0.826483
26424: 0.82649
26425: 0.826459
26426: 0.826428
26427: 0.826434
26428: 0.826441
26429: 0.826447
26430: 0.826454
26431: 0.82646
26432: 0.826467
26433: 0.826473
26434: 0.82648
26435: 0.826449
26436: 0.826455
26437: 0.826462
26438: 0.826468
26439: 0.826475
26440: 0.826482
26441: 0.82645
26442: 0.826419
26443: 0.826388
26444: 0.826394
26445: 0.826401
26446: 0.826408
26447: 0.826414
26448: 0.826421
26449: 0.826427
26450: 0.826434
26451: 0.82644
26452: 0.826447
26453: 0.826453
26454: 0.82646
26455: 0.826429
26456: 0.826398
26457: 0.826404
26458: 0.826411
26459: 0.826417
26460: 0.826424
26461: 0.82643
26462: 0.826437
26463: 0.826406
26464: 0.826412
26465: 0.826419
26466: 0.826388
26467: 0.826356
26468: 0.826363
26469: 0.826369
26470: 0.826338
26471: 0.826345
26472: 0.826351
26473: 0.82632
26474: 0.826327
26475: 0.826333
26476: 0.82634
26477: 0.826346
26478: 0.826353
26479: 0.82636
26480: 0.826366
26481: 0.826373
26482: 0.826379
26483: 0.826386
26484: 0.826392
26485: 0.826399
26486: 0.826405
26487: 0.826412
26488: 0.826419
26489: 0.826425
26490: 0.826394
26491: 0.826363
26492: 0.826331
26493: 0.826338
26494: 0.826345
26495: 0.826351
26496: 0.82632
26497: 0.826327
26498: 0.826333
26499: 0.82634
26500: 0.826346
26501: 0.826353
26502: 0.826359
26503: 0.826366
26504: 0.826372
26505: 0.826341
26506: 0.82631
26507: 0.826317
26508: 0.826323
26509: 0.82633
26510: 0.826336
26511: 0.826343
26512: 0.826349
26513: 0.826356
26514: 0.826362
26515: 0.826369
26516: 0.826376
26517: 0.826344
26518: 0.826351
26519: 0.82632
26520: 0.826326
26521: 0.826333
26522: 0.826339
26523: 0.826346
26524: 0.826352
26525: 0.826359
26526: 0.826366
26527: 0.826372
26528: 0.826379
26529: 0.826385
26530: 0.826392
26531: 0.826398
26532: 0.826405
26533: 0.826411
26534: 0.826418
26535: 0.826387
26536: 0.826356
26537: 0.826362
26538: 0.826369
26539: 0.826375
26540: 0.826382
26541: 0.826388
26542: 0.826395
26543: 0.826364
26544: 0.826333
26545: 0.826339
26546: 0.826346
26547: 0.826352
26548: 0.826359
26549: 0.826365
26550: 0.826372
26551: 0.826341
26552: 0.826347
26553: 0.826354
26554: 0.82636
26555: 0.826367
26556: 0.826373
26557: 0.82638
26558: 0.826387
26559: 0.826393
26560: 0.8264
26561: 0.826406
26562: 0.826413
26563: 0.826419
26564: 0.826426
26565: 0.826432
26566: 0.826439
26567: 0.826445
26568: 0.826452
26569: 0.826458
26570: 0.826427
26571: 0.826434
26572: 0.826403
26573: 0.826372
26574: 0.826341
26575: 0.826309
26576: 0.826316
26577: 0.826323
26578: 0.826329
26579: 0.826298
26580: 0.826305
26581: 0.826311
26582: 0.826318
26583: 0.826324
26584: 0.826331
26585: 0.826337
26586: 0.826344
26587: 0.82635
26588: 0.826357
26589: 0.826363
26590: 0.82637
26591: 0.826376
26592: 0.826383
26593: 0.826389
26594: 0.826396
26595: 0.826402
26596: 0.826409
26597: 0.826416
26598: 0.826422
26599: 0.826429
26600: 0.826435
26601: 0.826442
26602: 0.826448
26603: 0.826455
26604: 0.826461
26605: 0.82643
26606: 0.826399
26607: 0.826368
26608: 0.826337
26609: 0.826306
26610: 0.826312
26611: 0.826319
26612: 0.826325
26613: 0.826332
26614: 0.826339
26615: 0.826345
26616: 0.826352
26617: 0.826358
26618: 0.826365
26619: 0.826371
26620: 0.826378
26621: 0.826384
26622: 0.826353
26623: 0.826322
26624: 0.826329
26625: 0.826298
26626: 0.826304
26627: 0.826311
26628: 0.826317
26629: 0.826324
26630: 0.82633
26631: 0.826337
26632: 0.826343
26633: 0.82635
26634: 0.826356
26635: 0.826363
26636: 0.826332
26637: 0.826301
26638: 0.826307
26639: 0.826314
26640: 0.82632
26641: 0.826327
26642: 0.826333
26643: 0.82634
26644: 0.826309
26645: 0.826315
26646: 0.826322
26647: 0.826328
26648: 0.826335
26649: 0.826304
26650: 0.82631
26651: 0.826317
26652: 0.826323
26653: 0.82633
26654: 0.826299
26655: 0.826306
26656: 0.826312
26657: 0.826319
26658: 0.826325
26659: 0.826294
26660: 0.826301
26661: 0.826307
26662: 0.826314
26663: 0.82632
26664: 0.826327
26665: 0.826333
26666: 0.82634
26667: 0.826346
26668: 0.826353
26669: 0.826359
26670: 0.826366
26671: 0.826372
26672: 0.826379
26673: 0.826348
26674: 0.826317
26675: 0.826323
26676: 0.826292
26677: 0.826261
26678: 0.826268
26679: 0.826274
26680: 0.826243
26681: 0.82625
26682: 0.826219
26683: 0.826188
26684: 0.826157
26685: 0.826164
26686: 0.82617
26687: 0.826177
26688: 0.826183
26689: 0.826152
26690: 0.826121
26691: 0.826128
26692: 0.826134
26693: 0.826141
26694: 0.826147
26695: 0.826154
26696: 0.826123
26697: 0.826129
26698: 0.826136
26699: 0.826142
26700: 0.826149
26701: 0.826118
26702: 0.826087
26703: 0.826093
26704: 0.8261
26705: 0.826069
26706: 0.826038
26707: 0.826045
26708: 0.826051
26709: 0.826058
26710: 0.826064
26711: 0.826033
26712: 0.826002
26713: 0.825971
26714: 0.825978
26715: 0.825984
26716: 0.825991
26717: 0.825997
26718: 0.826004
26719: 0.82601
26720: 0.826017
26721: 0.825986
26722: 0.825955
26723: 0.825924
26724: 0.825931
26725: 0.825937
26726: 0.825944
26727: 0.82595
26728: 0.825957
26729: 0.825963
26730: 0.82597
26731: 0.825976
26732: 0.825983
26733: 0.825989
26734: 0.825996
26735: 0.825965
26736: 0.825972
26737: 0.825978
26738: 0.825985
26739: 0.825991
26740: 0.825998
26741: 0.826004
26742: 0.826011
26743: 0.826017
26744: 0.826024
26745: 0.82603
26746: 0.826037
26747: 0.826043
26748: 0.82605
26749: 0.826056
26750: 0.826063
26751: 0.826069
26752: 0.826076
26753: 0.826082
26754: 0.826089
26755: 0.826095
26756: 0.826064
26757: 0.826071
26758: 0.826077
26759: 0.826084
26760: 0.826053
26761: 0.826022
26762: 0.825991
26763: 0.825998
26764: 0.826004
26765: 0.826011
26766: 0.826017
26767: 0.826024
26768: 0.82603
26769: 0.826037
26770: 0.826043
26771: 0.82605
26772: 0.826056
26773: 0.826063
26774: 0.826069
26775: 0.826076
26776: 0.826082
26777: 0.826089
26778: 0.826095
26779: 0.826102
26780: 0.826108
26781: 0.826115
26782: 0.826084
26783: 0.82609
26784: 0.826097
26785: 0.826103
26786: 0.82611
26787: 0.826116
26788: 0.826123
26789: 0.826092
26790: 0.826098
26791: 0.826105
26792: 0.826111
26793: 0.826118
26794: 0.826124
26795: 0.826131
26796: 0.826137
26797: 0.826144
26798: 0.82615
26799: 0.826157
26800: 0.826163
26801: 0.82617
26802: 0.826139
26803: 0.826108
26804: 0.826077
26805: 0.826084
26806: 0.82609
26807: 0.826097
26808: 0.826103
26809: 0.826072
26810: 0.826042
26811: 0.826048
26812: 0.826055
26813: 0.826061
26814: 0.826067
26815: 0.826037
26816: 0.826043
26817: 0.82605
26818: 0.826056
26819: 0.826063
26820: 0.826069
26821: 0.826076
26822: 0.826082
26823: 0.826089
26824: 0.826095
26825: 0.826064
26826: 0.826071
26827: 0.826077
26828: 0.826046
26829: 0.826016
26830: 0.825985
26831: 0.825954
26832: 0.825923
26833: 0.825893
26834: 0.825899
26835: 0.825906
26836: 0.825912
26837: 0.825918
26838: 0.825925
26839: 0.825931
26840: 0.825938
26841: 0.825907
26842: 0.825876
26843: 0.825846
26844: 0.825815
26845: 0.825784
26846: 0.825791
26847: 0.825797
26848: 0.825804
26849: 0.825773
26850: 0.825742
26851: 0.825711
26852: 0.825718
26853: 0.825724
26854: 0.825731
26855: 0.8257
26856: 0.825707
26857: 0.825713
26858: 0.825682
26859: 0.825652
26860: 0.825658
26861: 0.825665
26862: 0.825671
26863: 0.825677
26864: 0.825684
26865: 0.825653
26866: 0.825623
26867: 0.825629
26868: 0.825598
26869: 0.825605
26870: 0.825611
26871: 0.825618
26872: 0.825587
26873: 0.825594
26874: 0.8256
26875: 0.825606
26876: 0.825613
26877: 0.825619
26878: 0.825626
26879: 0.825632
26880: 0.825639
26881: 0.825645
26882: 0.825652
26883: 0.825621
26884: 0.825628
26885: 0.825634
26886: 0.825641
26887: 0.825647
26888: 0.825654
26889: 0.82566
26890: 0.825667
26891: 0.825636
26892: 0.825605
26893: 0.825612
26894: 0.825618
26895: 0.825625
26896: 0.825594
26897: 0.8256
26898: 0.825607
26899: 0.825613
26900: 0.82562
26901: 0.825626
26902: 0.825633
26903: 0.825639
26904: 0.825646
26905: 0.825652
26906: 0.825659
26907: 0.825665
26908: 0.825672
26909: 0.825678
26910: 0.825685
26911: 0.825691
26912: 0.825698
26913: 0.825704
26914: 0.825673
26915: 0.82568
26916: 0.825686
26917: 0.825693
26918: 0.825699
26919: 0.825706
26920: 0.825712
26921: 0.825682
26922: 0.825651
26923: 0.82562
26924: 0.825627
26925: 0.825633
26926: 0.825603
26927: 0.825609
26928: 0.825616
26929: 0.825622
26930: 0.825628
26931: 0.825635
26932: 0.825641
26933: 0.825648
26934: 0.825654
26935: 0.825661
26936: 0.825667
26937: 0.825674
26938: 0.82568
26939: 0.825687
26940: 0.825693
26941: 0.8257
26942: 0.825706
26943: 0.825713
26944: 0.825719
26945: 0.825726
26946: 0.825732
26947: 0.825738
26948: 0.825745
26949: 0.825714
26950: 0.825684
26951: 0.82569
26952: 0.825697
26953: 0.825703
26954: 0.82571
26955: 0.825716
26956: 0.825722
26957: 0.825729
26958: 0.825735
26959: 0.825705
26960: 0.825711
26961: 0.825718
26962: 0.825724
26963: 0.825731
26964: 0.825737
26965: 0.825744
26966: 0.82575
26967: 0.825719
26968: 0.825726
26969: 0.825732
26970: 0.825739
26971: 0.825745
26972: 0.825752
26973: 0.825758
26974: 0.825728
26975: 0.825734
26976: 0.82574
26977: 0.825747
26978: 0.825753
26979: 0.82576
26980: 0.825766
26981: 0.825773
26982: 0.825779
26983: 0.825786
26984: 0.825792
26985: 0.825799
26986: 0.825805
26987: 0.825811
26988: 0.825818
26989: 0.825824
26990: 0.825831
26991: 0.825837
26992: 0.825844
26993: 0.82585
26994: 0.825857
26995: 0.825863
26996: 0.82587
26997: 0.825876
26998: 0.825845
26999: 0.825852
27000: 0.825858
27001: 0.825865
27002: 0.825871
27003: 0.825878
27004: 0.825884
27005: 0.825891
27006: 0.825897
27007: 0.825903
27008: 0.82591
27009: 0.825916
27010: 0.825923
27011: 0.825892
27012: 0.825862
27013: 0.825868
27014: 0.825875
27015: 0.825881
27016: 0.825887
27017: 0.825894
27018: 0.8259
27019: 0.825907
27020: 0.825913
27021: 0.82592
27022: 0.825889
27023: 0.825896
27024: 0.825902
27025: 0.825908
27026: 0.825915
27027: 0.825921
27028: 0.825928
27029: 0.825934
27030: 0.825941
27031: 0.825947
27032: 0.825953
27033: 0.82596
27034: 0.825929
27035: 0.825936
27036: 0.825942
27037: 0.825949
27038: 0.825955
27039: 0.825962
27040: 0.825968
27041: 0.825974
27042: 0.825981
27043: 0.825987
27044: 0.825994
27045: 0.826
27046: 0.826007
27047: 0.826013
27048: 0.826019
27049: 0.825989
27050: 0.825995
27051: 0.826002
27052: 0.826008
27053: 0.826015
27054: 0.825984
27055: 0.825991
27056: 0.825997
27057: 0.826003
27058: 0.82601
27059: 0.826016
27060: 0.826023
27061: 0.826029
27062: 0.826036
27063: 0.826042
27064: 0.826048
27065: 0.826055
27066: 0.826061
27067: 0.826068
27068: 0.826074
27069: 0.826044
27070: 0.82605
27071: 0.826056
27072: 0.826063
27073: 0.826069
27074: 0.826076
27075: 0.826082
27076: 0.826089
27077: 0.826058
27078: 0.826064
27079: 0.826071
27080: 0.826077
27081: 0.826084
27082: 0.826053
27083: 0.826023
27084: 0.826029
27085: 0.826036
27086: 0.826042
27087: 0.826048
27088: 0.826055
27089: 0.826024
27090: 0.825994
27091: 0.826
27092: 0.826007
27093: 0.826013
27094: 0.825983
27095: 0.825989
27096: 0.825995
27097: 0.826002
27098: 0.826008
27099: 0.826015
27100: 0.826021
27101: 0.826028
27102: 0.826034
27103: 0.82604
27104: 0.826047
27105: 0.826053
27106: 0.82606
27107: 0.826029
27108: 0.826036
27109: 0.826042
27110: 0.826048
27111: 0.826055
27112: 0.826061
27113: 0.826068
27114: 0.826074
27115: 0.826044
27116: 0.82605
27117: 0.826056
27118: 0.826063
27119: 0.826069
27120: 0.826076
27121: 0.826045
27122: 0.826015
27123: 0.826021
27124: 0.826028
27125: 0.826034
27126: 0.82604
27127: 0.826047
27128: 0.826053
27129: 0.82606
27130: 0.826066
27131: 0.826073
27132: 0.826079
27133: 0.826085
27134: 0.826092
27135: 0.826098
27136: 0.826105
27137: 0.826111
27138: 0.826081
27139: 0.82605
27140: 0.826057
27141: 0.826063
27142: 0.826069
27143: 0.826076
27144: 0.826082
27145: 0.826089
27146: 0.826095
27147: 0.826101
27148: 0.826108
27149: 0.826114
27150: 0.826121
27151: 0.826127
27152: 0.826133
27153: 0.82614
27154: 0.826146
27155: 0.826153
27156: 0.826159
27157: 0.826165
27158: 0.826172
27159: 0.826178
27160: 0.826185
27161: 0.826154
27162: 0.826161
27163: 0.826167
27164: 0.826173
27165: 0.82618
27166: 0.826186
27167: 0.826193
27168: 0.826199
27169: 0.826205
27170: 0.826212
27171: 0.826181
27172: 0.826151
27173: 0.826121
27174: 0.826127
27175: 0.826133
27176: 0.82614
27177: 0.826146
27178: 0.826153
27179: 0.826159
27180: 0.826165
27181: 0.826172
27182: 0.826178
27183: 0.826185
27184: 0.826154
27185: 0.826124
27186: 0.82613
27187: 0.826137
27188: 0.826143
27189: 0.826149
27190: 0.826156
27191: 0.826162
27192: 0.826168
27193: 0.826138
27194: 0.826145
27195: 0.826151
27196: 0.826157
27197: 0.826164
27198: 0.82617
27199: 0.82614
27200: 0.826146
27201: 0.826152
27202: 0.826159
27203: 0.826165
27204: 0.826135
27205: 0.826141
27206: 0.826148
27207: 0.826117
27208: 0.826124
27209: 0.82613
27210: 0.826136
27211: 0.826143
27212: 0.826149
27213: 0.826156
27214: 0.826162
27215: 0.826168
27216: 0.826175
27217: 0.826181
27218: 0.826188
27219: 0.826194
27220: 0.8262
27221: 0.82617
27222: 0.82614
27223: 0.826146
27224: 0.826152
27225: 0.826159
27226: 0.826165
27227: 0.826172
27228: 0.826178
27229: 0.826184
27230: 0.826191
27231: 0.826197
27232: 0.826204
27233: 0.82621
27234: 0.826216
27235: 0.826223
27236: 0.826229
27237: 0.826235
27238: 0.826205
27239: 0.826175
27240: 0.826144
27241: 0.826114
27242: 0.82612
27243: 0.82609
27244: 0.82606
27245: 0.82603
27246: 0.826036
27247: 0.826042
27248: 0.826049
27249: 0.826055
27250: 0.826061
27251: 0.826068
27252: 0.826074
27253: 0.826081
27254: 0.826087
27255: 0.826093
27256: 0.8261
27257: 0.826106
27258: 0.826112
27259: 0.826119
27260: 0.826125
27261: 0.826132
27262: 0.826138
27263: 0.826144
27264: 0.826151
27265: 0.826157
27266: 0.826163
27267: 0.82617
27268: 0.826176
27269: 0.826183
27270: 0.826152
27271: 0.826159
27272: 0.826165
27273: 0.826171
27274: 0.826141
27275: 0.826148
27276: 0.826154
27277: 0.82616
27278: 0.826167
27279: 0.826173
27280: 0.826179
27281: 0.826186
27282: 0.826192
27283: 0.826199
27284: 0.826205
27285: 0.826175
27286: 0.826144
27287: 0.826114
27288: 0.826084
27289: 0.826053
27290: 0.826023
27291: 0.825993
27292: 0.825999
27293: 0.826006
27294: 0.826012
27295: 0.826018
27296: 0.826025
27297: 0.826031
27298: 0.826038
27299: 0.826044
27300: 0.82605
27301: 0.826057
27302: 0.826026
27303: 0.826033
27304: 0.826039
27305: 0.826046
27306: 0.826052
27307: 0.826058
27308: 0.826065
27309: 0.826034
27310: 0.826004
27311: 0.826011
27312: 0.826017
27313: 0.826023
27314: 0.82603
27315: 0.826036
27316: 0.826042
27317: 0.826049
27318: 0.826055
27319: 0.826061
27320: 0.826068
27321: 0.826074
27322: 0.826081
27323: 0.826087
27324: 0.826093
27325: 0.8261
27326: 0.826106
27327: 0.826112
27328: 0.826119
27329: 0.826089
27330: 0.826095
27331: 0.826101
27332: 0.826108
27333: 0.826114
27334: 0.82612
27335: 0.82609
27336: 0.826096
27337: 0.826066
27338: 0.826073
27339: 0.826079
27340: 0.826085
27341: 0.826092
27342: 0.826098
27343: 0.826068
27344: 0.826074
27345: 0.826081
27346: 0.826087
27347: 0.826057
27348: 0.826063
27349: 0.826033
27350: 0.826003
27351: 0.826009
27352: 0.826015
27353: 0.826022
27354: 0.826028
27355: 0.825998
27356: 0.826004
27357: 0.826011
27358: 0.826017
27359: 0.826023
27360: 0.82603
27361: 0.826036
27362: 0.826042
27363: 0.826049
27364: 0.826055
27365: 0.826062
27366: 0.826068
27367: 0.826074
27368: 0.826081
27369: 0.826087
27370: 0.826093
27371: 0.826063
27372: 0.826069
27373: 0.826076
27374: 0.826082
27375: 0.826089
27376: 0.826095
27377: 0.826065
27378: 0.826071
27379: 0.826077
27380: 0.826084
27381: 0.82609
27382: 0.826096
27383: 0.826103
27384: 0.826109
27385: 0.826116
27386: 0.826122
27387: 0.826128
27388: 0.826135
27389: 0.826104
27390: 0.826074
27391: 0.826081
27392: 0.826087
27393: 0.826093
27394: 0.8261
27395: 0.826106
27396: 0.826112
27397: 0.826119
27398: 0.826125
27399: 0.826131
27400: 0.826101
27401: 0.826071
27402: 0.826077
27403: 0.826084
27404: 0.82609
27405: 0.826096
27406: 0.826103
27407: 0.826109
27408: 0.826116
27409: 0.826122
27410: 0.826092
27411: 0.826098
27412: 0.826068
27413: 0.826074
27414: 0.826081
27415: 0.82605
27416: 0.82602
27417: 0.826027
27418: 0.826033
27419: 0.826039
27420: 0.826046
27421: 0.826052
27422: 0.826058
27423: 0.826065
27424: 0.826071
27425: 0.826077
27426: 0.826084
27427: 0.82609
27428: 0.826096
27429: 0.826103
27430: 0.826109
27431: 0.826115
27432: 0.826122
27433: 0.826128
27434: 0.826134
27435: 0.826141
27436: 0.826147
27437: 0.826154
27438: 0.826123
27439: 0.82613
27440: 0.826136
27441: 0.826142
27442: 0.826149
27443: 0.826155
27444: 0.826125
27445: 0.826131
27446: 0.826138
27447: 0.826144
27448: 0.826114
27449: 0.82612
27450: 0.826127
27451: 0.826133
27452: 0.826103
27453: 0.826109
27454: 0.826115
27455: 0.826085
27456: 0.826092
27457: 0.826062
27458: 0.826032
27459: 0.826001
27460: 0.826008
27461: 0.826014
27462: 0.82602
27463: 0.82599
27464: 0.82596
27465: 0.825967
27466: 0.825973
27467: 0.825979
27468: 0.825986
27469: 0.825992
27470: 0.825998
27471: 0.826005
27472: 0.826011
27473: 0.826017
27474: 0.826024
27475: 0.82603
27476: 0.826036
27477: 0.826043
27478: 0.826049
27479: 0.826055
27480: 0.826062
27481: 0.826068
27482: 0.826074
27483: 0.826081
27484: 0.826087
27485: 0.826057
27486: 0.826063
27487: 0.82607
27488: 0.826076
27489: 0.826082
27490: 0.826089
27491: 0.826095
27492: 0.826101
27493: 0.826108
27494: 0.826114
27495: 0.82612
27496: 0.826126
27497: 0.826133
27498: 0.826139
27499: 0.826145
27500: 0.826152
27501: 0.826158
27502: 0.826128
27503: 0.826134
27504: 0.826141
27505: 0.826147
27506: 0.826153
27507: 0.82616
27508: 0.826166
27509: 0.826172
27510: 0.826179
27511: 0.826185
27512: 0.826191
27513: 0.826161
27514: 0.826168
27515: 0.826174
27516: 0.82618
27517: 0.826186
27518: 0.826193
27519: 0.826199
27520: 0.826205
27521: 0.826212
27522: 0.826182
27523: 0.826188
27524: 0.826194
27525: 0.826201
27526: 0.826207
27527: 0.826177
27528: 0.826183
27529: 0.82619
27530: 0.826196
27531: 0.826202
27532: 0.826172
27533: 0.826179
27534: 0.826185
27535: 0.826191
27536: 0.826161
27537: 0.826131
27538: 0.826101
27539: 0.826107
27540: 0.826114
27541: 0.82612
27542: 0.826126
27543: 0.826133
27544: 0.826139
27545: 0.826145
27546: 0.826152
27547: 0.826158
27548: 0.826164
27549: 0.826171
27550: 0.826177
27551: 0.826183
27552: 0.82619
27553: 0.826196
27554: 0.826166
27555: 0.826172
27556: 0.826178
27557: 0.826185
27558: 0.826191
27559: 0.826197
27560: 0.826204
27561: 0.82621
27562: 0.826216
27563: 0.826223
27564: 0.826193
27565: 0.826199
27566: 0.826205
27567: 0.826212
27568: 0.826182
27569: 0.826152
27570: 0.826158
27571: 0.826128
27572: 0.826098
27573: 0.826104
27574: 0.826111
27575: 0.826081
27576: 0.826087
27577: 0.826093
27578: 0.8261
27579: 0.826106
27580: 0.826112
27581: 0.826118
27582: 0.826125
27583: 0.826131
27584: 0.826137
27585: 0.826144
27586: 0.82615
27587: 0.826156
27588: 0.826163
27589: 0.826169
27590: 0.826175
27591: 0.826182
27592: 0.826188
27593: 0.826194
27594: 0.8262
27595: 0.826207
27596: 0.826213
27597: 0.826219
27598: 0.826189
27599: 0.826159
27600: 0.826166
27601: 0.826172
27602: 0.826178
27603: 0.826185
27604: 0.826155
27605: 0.826161
27606: 0.826131
27607: 0.826137
27608: 0.826107
27609: 0.826114
27610: 0.82612
27611: 0.826126
27612: 0.826096
27613: 0.826066
27614: 0.826073
27615: 0.826079
27616: 0.826049
27617: 0.826019
27618: 0.826026
27619: 0.826032
27620: 0.826002
27621: 0.825972
27622: 0.825942
27623: 0.825948
27624: 0.825955
27625: 0.825961
27626: 0.825967
27627: 0.825974
27628: 0.825944
27629: 0.825914
27630: 0.82592
27631: 0.825926
27632: 0.825933
27633: 0.825939
27634: 0.825945
27635: 0.825952
27636: 0.825958
27637: 0.825964
27638: 0.825971
27639: 0.825977
27640: 0.825983
27641: 0.825989
27642: 0.825996
27643: 0.826002
27644: 0.826008
27645: 0.826015
27646: 0.826021
27647: 0.826027
27648: 0.826033
27649: 0.82604
27650: 0.826046
27651: 0.826016
27652: 0.826022
27653: 0.826029
27654: 0.826035
27655: 0.826041
27656: 0.826048
27657: 0.826054
27658: 0.82606
27659: 0.82603
27660: 0.826037
27661: 0.826043
27662: 0.826049
27663: 0.826056
27664: 0.826062
27665: 0.826068
27666: 0.826074
27667: 0.826081
27668: 0.826051
27669: 0.826057
27670: 0.826063
27671: 0.82607
27672: 0.826076
27673: 0.826082
27674: 0.826089
27675: 0.826095
27676: 0.826101
27677: 0.826107
27678: 0.826114
27679: 0.82612
27680: 0.82609
27681: 0.82606
27682: 0.826067
27683: 0.826073
27684: 0.826079
27685: 0.826049
27686: 0.826019
27687: 0.82599
27688: 0.82596
27689: 0.825966
27690: 0.825972
27691: 0.825979
27692: 0.825985
27693: 0.825991
27694: 0.825997
27695: 0.826004
27696: 0.82601
27697: 0.826016
27698: 0.826023
27699: 0.826029
27700: 0.826035
27701: 0.826005
27702: 0.825976
27703: 0.825982
27704: 0.825988
27705: 0.825994
27706: 0.826001
27707: 0.826007
27708: 0.826013
27709: 0.825983
27710: 0.825954
27711: 0.82596
27712: 0.825966
27713: 0.825972
27714: 0.825979
27715: 0.825985
27716: 0.825991
27717: 0.825998
27718: 0.825968
27719: 0.825938
27720: 0.825944
27721: 0.825951
27722: 0.825957
27723: 0.825963
27724: 0.825969
27725: 0.825976
27726: 0.825982
27727: 0.825988
27728: 0.825994
27729: 0.826001
27730: 0.826007
27731: 0.826013
27732: 0.82602
27733: 0.826026
27734: 0.826032
27735: 0.826002
27736: 0.825973
27737: 0.825979
27738: 0.825985
27739: 0.825955
27740: 0.825962
27741: 0.825968
27742: 0.825974
27743: 0.82598
27744: 0.825987
27745: 0.825993
27746: 0.825999
27747: 0.826005
27748: 0.826012
27749: 0.826018
27750: 0.826024
27751: 0.826031
27752: 0.826037
27753: 0.826043
27754: 0.826049
27755: 0.826056
27756: 0.826062
27757: 0.826068
27758: 0.826074
27759: 0.826081
27760: 0.826051
27761: 0.826057
27762: 0.826063
27763: 0.82607
27764: 0.826076
27765: 0.826082
27766: 0.826089
27767: 0.826095
27768: 0.826101
27769: 0.826107
27770: 0.826114
27771: 0.82612
27772: 0.826126
27773: 0.826132
27774: 0.826139
27775: 0.826145
27776: 0.826151
27777: 0.826157
27778: 0.826164
27779: 0.82617
27780: 0.82614
27781: 0.826146
27782: 0.826153
27783: 0.826159
27784: 0.826165
27785: 0.826171
27786: 0.826178
27787: 0.826184
27788: 0.82619
27789: 0.826196
27790: 0.826203
27791: 0.826209
27792: 0.826215
27793: 0.826221
27794: 0.826228
27795: 0.826234
27796: 0.82624
27797: 0.826246
27798: 0.826253
27799: 0.826259
27800: 0.826265
27801: 0.826271
27802: 0.826278
27803: 0.826248
27804: 0.826254
27805: 0.826225
27806: 0.826231
27807: 0.826237
27808: 0.826243
27809: 0.82625
27810: 0.826256
27811: 0.826262
27812: 0.826268
27813: 0.826275
27814: 0.826281
27815: 0.826287
27816: 0.826293
27817: 0.8263
27818: 0.826306
27819: 0.826312
27820: 0.826318
27821: 0.826324
27822: 0.826331
27823: 0.826337
27824: 0.826343
27825: 0.826314
27826: 0.826284
27827: 0.826254
27828: 0.82626
27829: 0.826267
27830: 0.826237
27831: 0.826207
27832: 0.826178
27833: 0.826184
27834: 0.82619
27835: 0.826196
27836: 0.826167
27837: 0.826137
27838: 0.826143
27839: 0.826149
27840: 0.826156
27841: 0.826162
27842: 0.826168
27843: 0.826174
27844: 0.826181
27845: 0.826151
27846: 0.826121
27847: 0.826092
27848: 0.826098
27849: 0.826104
27850: 0.82611
27851: 0.826117
27852: 0.826123
27853: 0.826129
27854: 0.826135
27855: 0.826142
27856: 0.826148
27857: 0.826154
27858: 0.82616
27859: 0.826167
27860: 0.826137
27861: 0.826107
27862: 0.826113
27863: 0.82612
27864: 0.82609
27865: 0.826096
27866: 0.826103
27867: 0.826109
27868: 0.826115
27869: 0.826121
27870: 0.826128
27871: 0.826098
27872: 0.826068
27873: 0.826039
27874: 0.826009
27875: 0.826015
27876: 0.826021
27877: 0.826028
27878: 0.826034
27879: 0.82604
27880: 0.826046
27881: 0.826053
27882: 0.826059
27883: 0.826065
27884: 0.826071
27885: 0.826078
27886: 0.826084
27887: 0.82609
27888: 0.826096
27889: 0.826103
27890: 0.826109
27891: 0.826079
27892: 0.826085
27893: 0.826092
27894: 0.826098
27895: 0.826104
27896: 0.826074
27897: 0.826045
27898: 0.826051
27899: 0.826022
27900: 0.825992
27901: 0.825998
27902: 0.826004
27903: 0.826011
27904: 0.826017
27905: 0.826023
27906: 0.825993
27907: 0.826
27908: 0.826006
27909: 0.826012
27910: 0.826018
27911: 0.826025
27912: 0.826031
27913: 0.826037
27914: 0.826043
27915: 0.82605
27916: 0.826056
27917: 0.826062
27918: 0.826068
27919: 0.826074
27920: 0.826081
27921: 0.826087
27922: 0.826093
27923: 0.826064
27924: 0.82607
27925: 0.826076
27926: 0.826082
27927: 0.826089
27928: 0.826095
27929: 0.826101
27930: 0.826107
27931: 0.826113
27932: 0.82612
27933: 0.826126
27934: 0.826132
27935: 0.826138
27936: 0.826145
27937: 0.826151
27938: 0.826157
27939: 0.826163
27940: 0.826169
27941: 0.826176
27942: 0.826182
27943: 0.826152
27944: 0.826123
27945: 0.826093
27946: 0.826099
27947: 0.826106
27948: 0.826112
27949: 0.826118
27950: 0.826124
27951: 0.826131
27952: 0.826137
27953: 0.826143
27954: 0.826113
27955: 0.826084
27956: 0.82609
27957: 0.826096
27958: 0.826067
27959: 0.826037
27960: 0.826008
27961: 0.825978
27962: 0.825949
27963: 0.825919
27964: 0.82589
27965: 0.82586
27966: 0.82583
27967: 0.825801
27968: 0.825807
27969: 0.825813
27970: 0.82582
27971: 0.825826
27972: 0.825832
27973: 0.825803
27974: 0.825809
27975: 0.825815
27976: 0.825821
27977: 0.825827
27978: 0.825834
27979: 0.825804
27980: 0.82581
27981: 0.825817
27982: 0.825823
27983: 0.825829
27984: 0.8258
27985: 0.82577
27986: 0.825776
27987: 0.825782
27988: 0.825789
27989: 0.825795
27990: 0.825801
27991: 0.825807
27992: 0.825814
27993: 0.825784
27994: 0.825755
27995: 0.825761
27996: 0.825767
27997: 0.825773
27998: 0.825779
27999: 0.825786
28000: 0.825792
28001: 0.825798
28002: 0.825804
28003: 0.825811
28004: 0.825817
28005: 0.825823
28006: 0.825829
28007: 0.8258
28008: 0.82577
28009: 0.825777
28010: 0.825783
28011: 0.825789
28012: 0.825795
28013: 0.825801
28014: 0.825808
28015: 0.825814
28016: 0.82582
28017: 0.825826
28018: 0.825832
28019: 0.825839
28020: 0.825845
28021: 0.825851
28022: 0.825857
28023: 0.825864
28024: 0.82587
28025: 0.825876
28026: 0.825882
28027: 0.825888
28028: 0.825895
28029: 0.825901
28030: 0.825907
28031: 0.825913
28032: 0.825919
28033: 0.82589
28034: 0.825896
28035: 0.825902
28036: 0.825873
28037: 0.825879
28038: 0.825885
28039: 0.825892
28040: 0.825898
28041: 0.825868
28042: 0.825875
28043: 0.825881
28044: 0.825887
28045: 0.825893
28046: 0.825899
28047: 0.825906
28048: 0.825912
28049: 0.825918
28050: 0.825924
28051: 0.82593
28052: 0.825937
28053: 0.825943
28054: 0.825949
28055: 0.82592
28056: 0.825926
28057: 0.825932
28058: 0.825938
28059: 0.825944
28060: 0.825951
28061: 0.825957
28062: 0.825927
28063: 0.825934
28064: 0.82594
28065: 0.825946
28066: 0.825917
28067: 0.825923
28068: 0.825929
28069: 0.825935
28070: 0.825941
28071: 0.825948
28072: 0.825954
28073: 0.82596
28074: 0.825966
28075: 0.825937
28076: 0.825943
28077: 0.825949
28078: 0.82592
28079: 0.825926
28080: 0.825932
28081: 0.825938
28082: 0.825945
28083: 0.825951
28084: 0.825957
28085: 0.825963
28086: 0.825969
28087: 0.825976
28088: 0.825982
28089: 0.825952
28090: 0.825923
28091: 0.825893
28092: 0.825864
28093: 0.82587
28094: 0.825876
28095: 0.825847
28096: 0.825853
28097: 0.825859
28098: 0.825866
28099: 0.825872
28100: 0.825878
28101: 0.825884
28102: 0.82589
28103: 0.825897
28104: 0.825903
28105: 0.825909
28106: 0.825915
28107: 0.825921
28108: 0.825928
28109: 0.825934
28110: 0.825904
28111: 0.825875
28112: 0.825881
28113: 0.825887
28114: 0.825894
28115: 0.8259
28116: 0.825906
28117: 0.825912
28118: 0.825918
28119: 0.825925
28120: 0.825931
28121: 0.825937
28122: 0.825943
28123: 0.825949
28124: 0.825956
28125: 0.825962
28126: 0.825932
28127: 0.825903
28128: 0.825909
28129: 0.825915
28130: 0.825922
28131: 0.825892
28132: 0.825863
28133: 0.825869
28134: 0.825875
28135: 0.825881
28136: 0.825852
28137: 0.825858
28138: 0.825864
28139: 0.825871
28140: 0.825877
28141: 0.825883
28142: 0.825889
28143: 0.825895
28144: 0.825902
28145: 0.825908
28146: 0.825914
28147: 0.825885
28148: 0.825855
28149: 0.825861
28150: 0.825868
28151: 0.825874
28152: 0.82588
28153: 0.825886
28154: 0.825892
28155: 0.825899
28156: 0.825905
28157: 0.825911
28158: 0.825917
28159: 0.825923
28160: 0.825929
28161: 0.825936
28162: 0.825942
28163: 0.825948
28164: 0.825919
28165: 0.825925
28166: 0.825896
28167: 0.825902
28168: 0.825908
28169: 0.825914
28170: 0.82592
28171: 0.825926
28172: 0.825933
28173: 0.825939
28174: 0.825945
28175: 0.825951
28176: 0.825957
28177: 0.825964
28178: 0.82597
28179: 0.825976
28180: 0.825982
28181: 0.825988
28182: 0.825994
28183: 0.826001
28184: 0.826007
28185: 0.826013
28186: 0.826019
28187: 0.826025
28188: 0.826031
28189: 0.826038
28190: 0.826044
28191: 0.82605
28192: 0.826056
28193: 0.826062
28194: 0.826068
28195: 0.826075
28196: 0.826081
28197: 0.826087
28198: 0.826093
28199: 0.826099
28200: 0.82607
28201: 0.826076
28202: 0.826082
28203: 0.826088
28204: 0.826095
28205: 0.826101
28206: 0.826107
28207: 0.826113
28208: 0.826119
28209: 0.826125
28210: 0.826132
28211: 0.826138
28212: 0.826144
28213: 0.82615
28214: 0.826156
28215: 0.826162
28216: 0.826169
28217: 0.826175
28218: 0.826181
28219: 0.826187
28220: 0.826193
28221: 0.826199
28222: 0.826206
28223: 0.826212
28224: 0.826218
28225: 0.826224
28226: 0.82623
28227: 0.826236
28228: 0.826243
28229: 0.826249
28230: 0.826255
28231: 0.826226
28232: 0.826196
28233: 0.826202
28234: 0.826209
28235: 0.826215
28236: 0.826221
28237: 0.826227
28238: 0.826233
28239: 0.826239
28240: 0.826246
28241: 0.826252
28242: 0.826258
28243: 0.826264
28244: 0.82627
28245: 0.826241
28246: 0.826212
28247: 0.826182
28248: 0.826153
28249: 0.826159
28250: 0.82613
28251: 0.826136
28252: 0.826142
28253: 0.826149
28254: 0.826155
28255: 0.826161
28256: 0.826167
28257: 0.826173
28258: 0.826179
28259: 0.826185
28260: 0.826192
28261: 0.826198
28262: 0.826204
28263: 0.82621
28264: 0.826216
28265: 0.826222
28266: 0.826228
28267: 0.826199
28268: 0.826205
28269: 0.826212
28270: 0.826218
28271: 0.826224
28272: 0.82623
28273: 0.826236
28274: 0.826242
28275: 0.826248
28276: 0.826219
28277: 0.82619
28278: 0.826196
28279: 0.826202
28280: 0.826208
28281: 0.826215
28282: 0.826221
28283: 0.826227
28284: 0.826233
28285: 0.826239
28286: 0.826245
28287: 0.826251
28288: 0.826258
28289: 0.826264
28290: 0.82627
28291: 0.826276
28292: 0.826282
28293: 0.826288
28294: 0.826294
28295: 0.826301
28296: 0.826307
28297: 0.826313
28298: 0.826319
28299: 0.82629
28300: 0.826296
28301: 0.826302
28302: 0.826308
28303: 0.826279
28304: 0.82625
28305: 0.826221
28306: 0.826227
28307: 0.826233
28308: 0.826239
28309: 0.826245
28310: 0.826251
28311: 0.826257
28312: 0.826264
28313: 0.82627
28314: 0.826276
28315: 0.826282
28316: 0.826288
28317: 0.826294
28318: 0.8263
28319: 0.826271
28320: 0.826242
28321: 0.826248
28322: 0.826254
28323: 0.82626
28324: 0.826267
28325: 0.826273
28326: 0.826279
28327: 0.826285
28328: 0.826291
28329: 0.826297
28330: 0.826303
28331: 0.826309
28332: 0.826316
28333: 0.826322
28334: 0.826328
28335: 0.826334
28336: 0.82634
28337: 0.826346
28338: 0.826317
28339: 0.826323
28340: 0.826329
28341: 0.826335
28342: 0.826342
28343: 0.826348
28344: 0.826354
28345: 0.82636
28346: 0.826366
28347: 0.826372
28348: 0.826378
28349: 0.826384
28350: 0.826391
28351: 0.826397
28352: 0.826403
28353: 0.826409
28354: 0.826415
28355: 0.826386
28356: 0.826392
28357: 0.826398
28358: 0.826404
28359: 0.82641
28360: 0.826417
28361: 0.826423
28362: 0.826429
28363: 0.826435
28364: 0.826441
28365: 0.826447
28366: 0.826453
28367: 0.826459
28368: 0.826466
28369: 0.826472
28370: 0.826478
28371: 0.826484
28372: 0.82649
28373: 0.826496
28374: 0.826502
28375: 0.826508
28376: 0.826514
28377: 0.826521
28378: 0.826527
28379: 0.826533
28380: 0.826539
28381: 0.826545
28382: 0.826551
28383: 0.826557
28384: 0.826563
28385: 0.826569
28386: 0.826576
28387: 0.826582
28388: 0.826588
28389: 0.826594
28390: 0.8266
28391: 0.826606
28392: 0.826577
28393: 0.826583
28394: 0.826589
28395: 0.826595
28396: 0.826601
28397: 0.826608
28398: 0.826614
28399: 0.82662
28400: 0.826626
28401: 0.826632
28402: 0.826638
28403: 0.826644
28404: 0.82665
28405: 0.826656
28406: 0.826662
28407: 0.826669
28408: 0.826675
28409: 0.826681
28410: 0.826687
28411: 0.826693
28412: 0.826699
28413: 0.826705
28414: 0.826711
28415: 0.826717
28416: 0.826723
28417: 0.82673
28418: 0.826736
28419: 0.826742
28420: 0.826748
28421: 0.826754
28422: 0.82676
28423: 0.826766
28424: 0.826772
28425: 0.826778
28426: 0.826784
28427: 0.82679
28428: 0.826797
28429: 0.826803
28430: 0.826809
28431: 0.82678
28432: 0.826786
28433: 0.826792
28434: 0.826798
28435: 0.826804
28436: 0.82681
28437: 0.826816
28438: 0.826822
28439: 0.826828
28440: 0.826834
28441: 0.826841
28442: 0.826847
28443: 0.826853
28444: 0.826824
28445: 0.82683
28446: 0.826836
28447: 0.826842
28448: 0.826848
28449: 0.826854
28450: 0.82686
28451: 0.826866
28452: 0.826872
28453: 0.826878
28454: 0.826885
28455: 0.826891
28456: 0.826897
28457: 0.826903
28458: 0.826909
28459: 0.826915
28460: 0.826921
28461: 0.826927
28462: 0.826898
28463: 0.826904
28464: 0.826875
28465: 0.826881
28466: 0.826852
28467: 0.826823
28468: 0.826829
28469: 0.8268
28470: 0.826771
28471: 0.826777
28472: 0.826783
28473: 0.826789
28474: 0.826795
28475: 0.826802
28476: 0.826808
28477: 0.826814
28478: 0.82682
28479: 0.826826
28480: 0.826832
28481: 0.826838
28482: 0.826809
28483: 0.826815
28484: 0.826821
28485: 0.826827
28486: 0.826833
28487: 0.826839
28488: 0.826845
28489: 0.826852
28490: 0.826858
28491: 0.826864
28492: 0.82687
28493: 0.826876
28494: 0.826882
28495: 0.826853
28496: 0.826859
28497: 0.826865
28498: 0.826871
28499: 0.826877
28500: 0.826883
28501: 0.826889
28502: 0.826895
28503: 0.826901
28504: 0.826908
28505: 0.826879
28506: 0.826885
28507: 0.826891
28508: 0.826897
28509: 0.826903
28510: 0.826909
28511: 0.82688
28512: 0.826851
28513: 0.826822
28514: 0.826828
28515: 0.826834
28516: 0.82684
28517: 0.826846
28518: 0.826852
28519: 0.826858
28520: 0.826829
28521: 0.8268
28522: 0.826771
28523: 0.826777
28524: 0.826784
28525: 0.82679
28526: 0.826796
28527: 0.826802
28528: 0.826773
28529: 0.826779
28530: 0.826785
28531: 0.826791
28532: 0.826797
28533: 0.826768
28534: 0.826739
28535: 0.826745
28536: 0.826751
28537: 0.826757
28538: 0.826763
28539: 0.826769
28540: 0.826776
28541: 0.826782
28542: 0.826788
28543: 0.826794
28544: 0.8268
28545: 0.826806
28546: 0.826812
28547: 0.826818
28548: 0.826824
28549: 0.82683
28550: 0.826836
28551: 0.826842
28552: 0.826848
28553: 0.826854
28554: 0.82686
28555: 0.826831
28556: 0.826803
28557: 0.826809
28558: 0.826815
28559: 0.826821
28560: 0.826827
28561: 0.826833
28562: 0.826804
28563: 0.82681
28564: 0.826781
28565: 0.826752
28566: 0.826758
28567: 0.826764
28568: 0.826735
28569: 0.826706
28570: 0.826712
28571: 0.826718
28572: 0.826725
28573: 0.826731
28574: 0.826737
28575: 0.826743
28576: 0.826749
28577: 0.826755
28578: 0.826726
28579: 0.826732
28580: 0.826738
28581: 0.826744
28582: 0.82675
28583: 0.826756
28584: 0.826762
28585: 0.826768
28586: 0.826774
28587: 0.82678
28588: 0.826787
28589: 0.826793
28590: 0.826799
28591: 0.826805
28592: 0.826811
28593: 0.826817
28594: 0.826823
28595: 0.826829
28596: 0.8268
28597: 0.826806
28598: 0.826812
28599: 0.826818
28600: 0.826824
28601: 0.82683
28602: 0.826836
28603: 0.826842
28604: 0.826848
28605: 0.826855
28606: 0.826861
28607: 0.826832
28608: 0.826803
28609: 0.826809
28610: 0.826815
28611: 0.826786
28612: 0.826792
28613: 0.826798
28614: 0.826769
28615: 0.82674
28616: 0.826746
28617: 0.826752
28618: 0.826724
28619: 0.82673
28620: 0.826736
28621: 0.826742
28622: 0.826748
28623: 0.826754
28624: 0.82676
28625: 0.826766
28626: 0.826772
28627: 0.826778
28628: 0.826784
28629: 0.826755
28630: 0.826726
28631: 0.826732
28632: 0.826738
28633: 0.826744
28634: 0.82675
28635: 0.826757
28636: 0.826763
28637: 0.826769
28638: 0.826775
28639: 0.826746
28640: 0.826752
28641: 0.826758
28642: 0.826764
28643: 0.826735
28644: 0.826741
28645: 0.826747
28646: 0.826753
28647: 0.826759
28648: 0.826765
28649: 0.826771
28650: 0.826777
28651: 0.826783
28652: 0.826755
28653: 0.826726
28654: 0.826732
28655: 0.826738
28656: 0.826744
28657: 0.82675
28658: 0.826756
28659: 0.826727
28660: 0.826733
28661: 0.826704
28662: 0.82671
28663: 0.826716
28664: 0.826688
28665: 0.826659
28666: 0.826665
28667: 0.826636
28668: 0.826642
28669: 0.826648
28670: 0.826619
28671: 0.82659
28672: 0.826562
28673: 0.826568
28674: 0.826574
28675: 0.826545
28676: 0.826551
28677: 0.826557
28678: 0.826563
28679: 0.826569
28680: 0.826575
28681: 0.826581
28682: 0.826587
28683: 0.826593
28684: 0.826599
28685: 0.826605
28686: 0.826611
28687: 0.826617
28688: 0.826623
28689: 0.826629
28690: 0.826636
28691: 0.826642
28692: 0.826648
28693: 0.826654
28694: 0.82666
28695: 0.826666
28696: 0.826672
28697: 0.826678
28698: 0.826684
28699: 0.82669
28700: 0.826696
28701: 0.826702
28702: 0.826708
28703: 0.826714
28704: 0.82672
28705: 0.826726
28706: 0.826732
28707: 0.826738
28708: 0.826744
28709: 0.82675
28710: 0.826756
28711: 0.826762
28712: 0.826768
28713: 0.826774
28714: 0.82678
28715: 0.826752
28716: 0.826758
28717: 0.826764
28718: 0.826735
28719: 0.826741
28720: 0.826747
28721: 0.826753
28722: 0.826759
28723: 0.826765
28724: 0.826771
28725: 0.826742
28726: 0.826748
28727: 0.826754
28728: 0.82676
28729: 0.826766
28730: 0.826772
28731: 0.826779
28732: 0.826785
28733: 0.826791
28734: 0.826797
28735: 0.826803
28736: 0.826809
28737: 0.826815
28738: 0.826821
28739: 0.826792
28740: 0.826798
28741: 0.826769
28742: 0.826775
28743: 0.826781
28744: 0.826787
28745: 0.826793
28746: 0.826799
28747: 0.826771
28748: 0.826742
28749: 0.826748
28750: 0.826754
28751: 0.82676
28752: 0.826766
28753: 0.826772
28754: 0.826778
28755: 0.826784
28756: 0.82679
28757: 0.826796
28758: 0.826802
28759: 0.826808
28760: 0.826814
28761: 0.82682
28762: 0.826826
28763: 0.826832
28764: 0.826838
28765: 0.826844
28766: 0.82685
28767: 0.826856
28768: 0.826862
28769: 0.826868
28770: 0.82684
28771: 0.826846
28772: 0.826817
28773: 0.826823
28774: 0.826829
28775: 0.826835
28776: 0.826841
28777: 0.826847
28778: 0.826853
28779: 0.826859
28780: 0.826865
28781: 0.826871
28782: 0.826877
28783: 0.826883
28784: 0.826889
28785: 0.826895
28786: 0.826901
28787: 0.826907
28788: 0.826878
28789: 0.82685
28790: 0.826856
28791: 0.826862
28792: 0.826868
28793: 0.826874
28794: 0.82688
28795: 0.826886
28796: 0.826892
28797: 0.826898
28798: 0.826904
28799: 0.82691
28800: 0.826916
28801: 0.826922
28802: 0.826928
28803: 0.826934
28804: 0.826905
28805: 0.826911
28806: 0.826917
28807: 0.826923
28808: 0.826929
28809: 0.826935
28810: 0.826941
28811: 0.826947
28812: 0.826953
28813: 0.826959
28814: 0.826965
28815: 0.826971
28816: 0.826977
28817: 0.826983
28818: 0.826989
28819: 0.826995
28820: 0.827001
28821: 0.827007
28822: 0.827013
28823: 0.827019
28824: 0.827025
28825: 0.827031
28826: 0.827037
28827: 0.827043
28828: 0.827049
28829: 0.827055
28830: 0.827061
28831: 0.827067
28832: 0.827073
28833: 0.827079
28834: 0.827085
28835: 0.827091
28836: 0.827097
28837: 0.827103
28838: 0.827109
28839: 0.827115
28840: 0.827121
28841: 0.827092
28842: 0.827098
28843: 0.827104
28844: 0.82711
28845: 0.827116
28846: 0.827122
28847: 0.827128
28848: 0.827134
28849: 0.82714
28850: 0.827146
28851: 0.827152
28852: 0.827158
28853: 0.827164
28854: 0.827136
28855: 0.827142
28856: 0.827148
28857: 0.827154
28858: 0.827125
28859: 0.827131
28860: 0.827137
28861: 0.827143
28862: 0.827149
28863: 0.82712
28864: 0.827126
28865: 0.827132
28866: 0.827138
28867: 0.827144
28868: 0.82715
28869: 0.827156
28870: 0.827162
28871: 0.827168
28872: 0.827174
28873: 0.82718
28874: 0.827186
28875: 0.827192
28876: 0.827163
28877: 0.827135
28878: 0.827106
28879: 0.827078
28880: 0.827084
28881: 0.82709
28882: 0.827096
28883: 0.827067
28884: 0.827038
28885: 0.827044
28886: 0.82705
28887: 0.827056
28888: 0.827028
28889: 0.827034
28890: 0.82704
28891: 0.827046
28892: 0.827052
28893: 0.827058
28894: 0.827064
28895: 0.827069
28896: 0.827075
28897: 0.827081
28898: 0.827087
28899: 0.827093
28900: 0.827099
28901: 0.827105
28902: 0.827111
28903: 0.827083
28904: 0.827089
28905: 0.827095
28906: 0.827101
28907: 0.827107
28908: 0.827113
28909: 0.827119
28910: 0.827125
28911: 0.827131
28912: 0.827102
28913: 0.827073
28914: 0.827045
28915: 0.827051
28916: 0.827057
28917: 0.827063
28918: 0.827069
28919: 0.827075
28920: 0.827081
28921: 0.827087
28922: 0.827093
28923: 0.827099
28924: 0.827105
28925: 0.827076
28926: 0.827082
28927: 0.827088
28928: 0.827094
28929: 0.8271
28930: 0.827106
28931: 0.827077
28932: 0.827083
28933: 0.827089
28934: 0.827095
28935: 0.827101
28936: 0.827107
28937: 0.827079
28938: 0.827085
28939: 0.827091
28940: 0.827097
28941: 0.827102
28942: 0.827108
28943: 0.827114
28944: 0.82712
28945: 0.827126
28946: 0.827132
28947: 0.827138
28948: 0.82711
28949: 0.827116
28950: 0.827087
28951: 0.827059
28952: 0.82703
28953: 0.827036
28954: 0.827042
28955: 0.827048
28956: 0.827054
28957: 0.82706
28958: 0.827031
28959: 0.827037
28960: 0.827043
28961: 0.827049
28962: 0.827055
28963: 0.827061
28964: 0.827067
28965: 0.827073
28966: 0.827079
28967: 0.827085
28968: 0.827091
28969: 0.827097
28970: 0.827103
28971: 0.827109
28972: 0.827115
28973: 0.827121
28974: 0.827127
28975: 0.827098
28976: 0.827104
28977: 0.82711
28978: 0.827116
28979: 0.827122
28980: 0.827128
28981: 0.827134
28982: 0.827106
28983: 0.827112
28984: 0.827117
28985: 0.827123
28986: 0.827129
28987: 0.827135
28988: 0.827141
28989: 0.827147
28990: 0.827119
28991: 0.827125
28992: 0.827131
28993: 0.827137
28994: 0.827143
28995: 0.827149
28996: 0.827155
28997: 0.82716
28998: 0.827166
28999: 0.827172
29000: 0.827178
29001: 0.827184
29002: 0.827156
29003: 0.827127
29004: 0.827099
29005: 0.827105
29006: 0.827111
29007: 0.827117
29008: 0.827123
29009: 0.827129
29010: 0.8271
29011: 0.827072
29012: 0.827078
29013: 0.827083
29014: 0.827089
29015: 0.827095
29016: 0.827101
29017: 0.827107
29018: 0.827113
29019: 0.827119
29020: 0.827091
29021: 0.827097
29022: 0.827103
29023: 0.827109
29024: 0.827115
29025: 0.827121
29026: 0.827092
29027: 0.827098
29028: 0.827104
29029: 0.827075
29030: 0.827081
29031: 0.827087
29032: 0.827093
29033: 0.827099
29034: 0.827105
29035: 0.827111
29036: 0.827117
29037: 0.827089
29038: 0.827095
29039: 0.827101
29040: 0.827072
29041: 0.827044
29042: 0.82705
29043: 0.827056
29044: 0.827061
29045: 0.827067
29046: 0.827073
29047: 0.827079
29048: 0.827085
29049: 0.827091
29050: 0.827097
29051: 0.827103
29052: 0.827109
29053: 0.827115
29054: 0.827121
29055: 0.827127
29056: 0.827133
29057: 0.827139
29058: 0.827145
29059: 0.827151
29060: 0.827157
29061: 0.827163
29062: 0.827169
29063: 0.827175
29064: 0.82718
29065: 0.827186
29066: 0.827192
29067: 0.827198
29068: 0.827204
29069: 0.82721
29070: 0.827216
29071: 0.827222
29072: 0.827228
29073: 0.827234
29074: 0.82724
29075: 0.827246
29076: 0.827217
29077: 0.827223
29078: 0.827229
29079: 0.827235
29080: 0.827207
29081: 0.827178
29082: 0.82715
29083: 0.827121
29084: 0.827127
29085: 0.827099
29086: 0.827105
29087: 0.827076
29088: 0.827082
29089: 0.827088
29090: 0.827094
29091: 0.8271
29092: 0.827106
29093: 0.827112
29094: 0.827118
29095: 0.827124
29096: 0.82713
29097: 0.827102
29098: 0.827073
29099: 0.827079
29100: 0.827085
29101: 0.827091
29102: 0.827063
29103: 0.827034
29104: 0.82704
29105: 0.827046
29106: 0.827052
29107: 0.827058
29108: 0.827064
29109: 0.82707
29110: 0.827076
29111: 0.827082
29112: 0.827088
29113: 0.827093
29114: 0.827065
29115: 0.827071
29116: 0.827077
29117: 0.827083
29118: 0.827089
29119: 0.827095
29120: 0.827101
29121: 0.827072
29122: 0.827078
29123: 0.827084
29124: 0.82709
29125: 0.827096
29126: 0.827102
29127: 0.827108
29128: 0.82708
29129: 0.827085
29130: 0.827057
29131: 0.827029
29132: 0.827
29133: 0.827006
29134: 0.827012
29135: 0.827018
29136: 0.82699
29137: 0.826996
29138: 0.827002
29139: 0.827008
29140: 0.827013
29141: 0.827019
29142: 0.826991
29143: 0.826963
29144: 0.826934
29145: 0.82694
29146: 0.826912
29147: 0.826918
29148: 0.826924
29149: 0.82693
29150: 0.826936
29151: 0.826942
29152: 0.826913
29153: 0.826919
29154: 0.826925
29155: 0.826931
29156: 0.826937
29157: 0.826909
29158: 0.82688
29159: 0.826886
29160: 0.826892
29161: 0.826898
29162: 0.82687
29163: 0.826876
29164: 0.826882
29165: 0.826887
29166: 0.826893
29167: 0.826899
29168: 0.826905
29169: 0.826911
29170: 0.826917
29171: 0.826923
29172: 0.826895
29173: 0.826866
29174: 0.826872
29175: 0.826878
29176: 0.826884
29177: 0.82689
29178: 0.826896
29179: 0.826902
29180: 0.826908
29181: 0.826914
29182: 0.82692
29183: 0.826926
29184: 0.826897
29185: 0.826903
29186: 0.826909
29187: 0.826915
29188: 0.826921
29189: 0.826927
29190: 0.826933
29191: 0.826939
29192: 0.826945
29193: 0.826951
29194: 0.826957
29195: 0.826928
29196: 0.826934
29197: 0.82694
29198: 0.826946
29199: 0.826952
29200: 0.826958
29201: 0.826964
29202: 0.82697
29203: 0.826976
29204: 0.826982
29205: 0.826988
29206: 0.826994
29207: 0.826999
29208: 0.826971
29209: 0.826943
29210: 0.826949
29211: 0.826955
29212: 0.826961
29213: 0.826967
29214: 0.826972
29215: 0.826944
29216: 0.826916
29217: 0.826888
29218: 0.826859
29219: 0.826865
29220: 0.826871
29221: 0.826877
29222: 0.826883
29223: 0.826889
29224: 0.826895
29225: 0.826901
29226: 0.826907
29227: 0.826913
29228: 0.826918
29229: 0.826924
29230: 0.82693
29231: 0.826936
29232: 0.826908
29233: 0.82688
29234: 0.826886
29235: 0.826857
29236: 0.826863
29237: 0.826869
29238: 0.826875
29239: 0.826881
29240: 0.826887
29241: 0.826893
29242: 0.826899
29243: 0.826905
29244: 0.826911
29245: 0.826882
29246: 0.826854
29247: 0.82686
29248: 0.826866
29249: 0.826872
29250: 0.826878
29251: 0.826849
29252: 0.826855
29253: 0.826861
29254: 0.826867
29255: 0.826873
29256: 0.826879
29257: 0.826851
29258: 0.826823
29259: 0.826828
29260: 0.826834
29261: 0.82684
29262: 0.826846
29263: 0.826852
29264: 0.826858
29265: 0.826864
29266: 0.82687
29267: 0.826876
29268: 0.826882
29269: 0.826888
29270: 0.826894
29271: 0.826865
29272: 0.826871
29273: 0.826877
29274: 0.826883
29275: 0.826889
29276: 0.826895
29277: 0.826901
29278: 0.826907
29279: 0.826913
29280: 0.826884
29281: 0.82689
29282: 0.826862
29283: 0.826834
29284: 0.826806
29285: 0.826777
29286: 0.826749
29287: 0.826755
29288: 0.826761
29289: 0.826767
29290: 0.826773
29291: 0.826779
29292: 0.826785
29293: 0.82679
29294: 0.826796
29295: 0.826802
29296: 0.826808
29297: 0.826814
29298: 0.82682
29299: 0.826826
29300: 0.826832
29301: 0.826838
29302: 0.82681
29303: 0.826781
29304: 0.826787
29305: 0.826793
29306: 0.826799
29307: 0.826771
29308: 0.826743
29309: 0.826749
29310: 0.826754
29311: 0.826726
29312: 0.826698
29313: 0.826704
29314: 0.826676
29315: 0.826682
29316: 0.826688
29317: 0.826693
29318: 0.826699
29319: 0.826705
29320: 0.826711
29321: 0.826717
29322: 0.826723
29323: 0.826729
29324: 0.826735
29325: 0.826741
29326: 0.826747
29327: 0.826753
29328: 0.826724
29329: 0.826696
29330: 0.826668
29331: 0.826674
29332: 0.82668
29333: 0.826652
29334: 0.826623
29335: 0.826629
29336: 0.826635
29337: 0.826641
29338: 0.826613
29339: 0.826619
29340: 0.826625
29341: 0.826597
29342: 0.826603
29343: 0.826609
29344: 0.826614
29345: 0.82662
29346: 0.826626
29347: 0.826632
29348: 0.826638
29349: 0.826644
29350: 0.82665
29351: 0.826656
29352: 0.826662
29353: 0.826668
29354: 0.826673
29355: 0.826679
29356: 0.826651
29357: 0.826657
29358: 0.826663
29359: 0.826669
29360: 0.826641
29361: 0.826647
29362: 0.826653
29363: 0.826658
29364: 0.826664
29365: 0.82667
29366: 0.826676
29367: 0.826682
29368: 0.826654
29369: 0.826626
29370: 0.826632
29371: 0.826638
29372: 0.826644
29373: 0.826649
29374: 0.826655
29375: 0.826661
29376: 0.826667
29377: 0.826673
29378: 0.826679
29379: 0.826685
29380: 0.826691
29381: 0.826697
29382: 0.826703
29383: 0.826708
29384: 0.826714
29385: 0.82672
29386: 0.826692
29387: 0.826664
29388: 0.82667
29389: 0.826642
29390: 0.826648
29391: 0.826654
29392: 0.826659
29393: 0.826665
29394: 0.826671
29395: 0.826643
29396: 0.826615
29397: 0.826587
29398: 0.826593
29399: 0.826599
29400: 0.826605
29401: 0.82661
29402: 0.826616
29403: 0.826588
29404: 0.826594
29405: 0.8266
29406: 0.826606
29407: 0.826612
29408: 0.826584
29409: 0.826556
29410: 0.826561
29411: 0.826567
29412: 0.826573
29413: 0.826545
29414: 0.826551
29415: 0.826557
29416: 0.826563
29417: 0.826535
29418: 0.826541
29419: 0.826547
29420: 0.826552
29421: 0.826558
29422: 0.826564
29423: 0.82657
29424: 0.826576
29425: 0.826582
29426: 0.826554
29427: 0.82656
29428: 0.826566
29429: 0.826572
29430: 0.826577
29431: 0.826549
29432: 0.826555
29433: 0.826561
29434: 0.826567
29435: 0.826539
29436: 0.826511
29437: 0.826517
29438: 0.826523
29439: 0.826529
29440: 0.826534
29441: 0.826506
29442: 0.826512
29443: 0.826518
29444: 0.826524
29445: 0.82653
29446: 0.826536
29447: 0.826542
29448: 0.826548
29449: 0.826553
29450: 0.826559
29451: 0.826565
29452: 0.826571
29453: 0.826577
29454: 0.826583
29455: 0.826589
29456: 0.826561
29457: 0.826567
29458: 0.826573
29459: 0.826578
29460: 0.826584
29461: 0.826556
29462: 0.826562
29463: 0.826568
29464: 0.826574
29465: 0.82658
29466: 0.826586
29467: 0.826558
29468: 0.826564
29469: 0.826535
29470: 0.826541
29471: 0.826547
29472: 0.826553
29473: 0.826559
29474: 0.826565
29475: 0.826571
29476: 0.826543
29477: 0.826549
29478: 0.826554
29479: 0.82656
29480: 0.826566
29481: 0.826572
29482: 0.826578
29483: 0.826584
29484: 0.82659
29485: 0.826596
29486: 0.826602
29487: 0.826607
29488: 0.826613
29489: 0.826619
29490: 0.826625
29491: 0.826631
29492: 0.826637
29493: 0.826643
29494: 0.826649
29495: 0.826654
29496: 0.82666
29497: 0.826632
29498: 0.826638
29499: 0.826644
29500: 0.82665
29501: 0.826656
29502: 0.826662
29503: 0.826668
29504: 0.826673
29505: 0.826645
29506: 0.826651
29507: 0.826657
29508: 0.826663
29509: 0.826669
29510: 0.826675
29511: 0.826681
29512: 0.826687
29513: 0.826692
29514: 0.826698
29515: 0.826704
29516: 0.82671
29517: 0.826682
29518: 0.826654
29519: 0.826626
29520: 0.826632
29521: 0.826638
29522: 0.82661
29523: 0.826616
29524: 0.826622
29525: 0.826627
29526: 0.826633
29527: 0.826605
29528: 0.826577
29529: 0.826549
29530: 0.826521
29531: 0.826527
29532: 0.826533
29533: 0.826539
29534: 0.826545
29535: 0.826551
29536: 0.826557
29537: 0.826562
29538: 0.826534
29539: 0.826506
29540: 0.826478
29541: 0.826484
29542: 0.82649
29543: 0.826496
29544: 0.826468
29545: 0.826474
29546: 0.82648
29547: 0.826486
29548: 0.826458
29549: 0.826464
29550: 0.826469
29551: 0.826442
29552: 0.826447
29553: 0.826419
29554: 0.826425
29555: 0.826431
29556: 0.826403
29557: 0.826409
29558: 0.826415
29559: 0.826421
29560: 0.826427
29561: 0.826433
29562: 0.826438
29563: 0.826444
29564: 0.82645
29565: 0.826456
29566: 0.826462
29567: 0.826468
29568: 0.826474
29569: 0.826446
29570: 0.826452
29571: 0.826457
29572: 0.826463
29573: 0.826469
29574: 0.826475
29575: 0.826447
29576: 0.826453
29577: 0.826425
29578: 0.826397
29579: 0.826369
29580: 0.826375
29581: 0.826381
29582: 0.826387
29583: 0.826393
29584: 0.826399
29585: 0.826404
29586: 0.82641
29587: 0.826416
29588: 0.826422
29589: 0.826428
29590: 0.826434
29591: 0.82644
29592: 0.826445
29593: 0.826451
29594: 0.826457
29595: 0.826463
29596: 0.826469
29597: 0.826475
29598: 0.826481
29599: 0.826486
29600: 0.826492
29601: 0.826498
29602: 0.826504
29603: 0.82651
29604: 0.826516
29605: 0.826522
29606: 0.826528
29607: 0.826533
29608: 0.826539
29609: 0.826545
29610: 0.826551
29611: 0.826557
29612: 0.826563
29613: 0.826569
29614: 0.826574
29615: 0.82658
29616: 0.826586
29617: 0.826592
29618: 0.826598
29619: 0.82657
29620: 0.826576
29621: 0.826582
29622: 0.826587
29623: 0.826593
29624: 0.826599
29625: 0.826605
29626: 0.826611
29627: 0.826617
29628: 0.826623
29629: 0.826628
29630: 0.826634
29631: 0.826606
29632: 0.826612
29633: 0.826618
29634: 0.82659
29635: 0.826596
29636: 0.826602
29637: 0.826608
29638: 0.826614
29639: 0.826619
29640: 0.826625
29641: 0.826631
29642: 0.826637
29643: 0.826643
29644: 0.826649
29645: 0.826655
29646: 0.82666
29647: 0.826666
29648: 0.826638
29649: 0.82661
29650: 0.826616
29651: 0.826622
29652: 0.826628
29653: 0.8266
29654: 0.826606
29655: 0.826612
29656: 0.826618
29657: 0.826624
29658: 0.826629
29659: 0.826601
29660: 0.826574
29661: 0.826579
29662: 0.826585
29663: 0.826557
29664: 0.826563
29665: 0.826569
29666: 0.826575
29667: 0.826581
29668: 0.826587
29669: 0.826593
29670: 0.826598
29671: 0.826604
29672: 0.82661
29673: 0.826616
29674: 0.826622
29675: 0.826628
29676: 0.826633
29677: 0.826639
29678: 0.826645
29679: 0.826651
29680: 0.826657
29681: 0.826663
29682: 0.826635
29683: 0.826641
29684: 0.826646
29685: 0.826652
29686: 0.826658
29687: 0.826664
29688: 0.82667
29689: 0.826676
29690: 0.826648
29691: 0.826654
29692: 0.826659
29693: 0.826665
29694: 0.826671
29695: 0.826677
29696: 0.826683
29697: 0.826689
29698: 0.826695
29699: 0.8267
29700: 0.826706
29701: 0.826712
29702: 0.826718
29703: 0.82669
29704: 0.826662
29705: 0.826668
29706: 0.826674
29707: 0.82668
29708: 0.826686
29709: 0.826691
29710: 0.826697
29711: 0.826703
29712: 0.826709
29713: 0.826715
29714: 0.826721
29715: 0.826726
29716: 0.826732
29717: 0.826704
29718: 0.826677
29719: 0.826682
29720: 0.826688
29721: 0.826694
29722: 0.826666
29723: 0.826638
29724: 0.826611
29725: 0.826616
29726: 0.826622
29727: 0.826628
29728: 0.826634
29729: 0.82664
29730: 0.826646
29731: 0.826651
29732: 0.826657
29733: 0.826629
29734: 0.826635
29735: 0.826641
29736: 0.826613
29737: 0.826586
29738: 0.826558
29739: 0.82653
29740: 0.826536
29741: 0.826542
29742: 0.826547
29743: 0.826553
29744: 0.826559
29745: 0.826565
29746: 0.826571
29747: 0.826577
29748: 0.826549
29749: 0.826555
29750: 0.82656
29751: 0.826566
29752: 0.826539
29753: 0.826544
29754: 0.82655
29755: 0.826556
29756: 0.826562
29757: 0.826568
29758: 0.826573
29759: 0.826579
29760: 0.826585
29761: 0.826591
29762: 0.826597
29763: 0.826603
29764: 0.826608
29765: 0.826614
29766: 0.82662
29767: 0.826626
29768: 0.826632
29769: 0.826604
29770: 0.82661
29771: 0.826582
29772: 0.826554
29773: 0.82656
29774: 0.826566
29775: 0.826572
29776: 0.826578
29777: 0.826583
29778: 0.826589
29779: 0.826595
29780: 0.826601
29781: 0.826607
29782: 0.826612
29783: 0.826618
29784: 0.826624
29785: 0.82663
29786: 0.826636
29787: 0.826642
29788: 0.826647
29789: 0.826653
29790: 0.826659
29791: 0.826665
29792: 0.826671
29793: 0.826677
29794: 0.826682
29795: 0.826688
29796: 0.826694
29797: 0.8267
29798: 0.826672
29799: 0.826678
29800: 0.826684
29801: 0.826689
29802: 0.826695
29803: 0.826701
29804: 0.826707
29805: 0.826713
29806: 0.826719
29807: 0.826691
29808: 0.826697
29809: 0.826702
29810: 0.826708
29811: 0.826714
29812: 0.82672
29813: 0.826726
29814: 0.826732
29815: 0.826737
29816: 0.82671
29817: 0.826682
29818: 0.826688
29819: 0.826693
29820: 0.826699
29821: 0.826705
29822: 0.826711
29823: 0.826717
29824: 0.826723
29825: 0.826728
29826: 0.826734
29827: 0.82674
29828: 0.826746
29829: 0.826752
29830: 0.826757
29831: 0.826763
29832: 0.826769
29833: 0.826775
29834: 0.826781
29835: 0.826786
29836: 0.826792
29837: 0.826798
29838: 0.82677
29839: 0.826743
29840: 0.826715
29841: 0.826721
29842: 0.826727
29843: 0.826732
29844: 0.826738
29845: 0.826744
29846: 0.82675
29847: 0.826722
29848: 0.826728
29849: 0.826734
29850: 0.826739
29851: 0.826745
29852: 0.826751
29853: 0.826757
29854: 0.826763
29855: 0.826768
29856: 0.826774
29857: 0.82678
29858: 0.826786
29859: 0.826792
29860: 0.826797
29861: 0.826803
29862: 0.826809
29863: 0.826815
29864: 0.826821
29865: 0.826826
29866: 0.826832
29867: 0.826838
29868: 0.826844
29869: 0.82685
29870: 0.826855
29871: 0.826861
29872: 0.826867
29873: 0.826873
29874: 0.826879
29875: 0.826884
29876: 0.82689
29877: 0.826896
29878: 0.826902
29879: 0.826908
29880: 0.826913
29881: 0.826919
29882: 0.826925
29883: 0.826931
29884: 0.826937
29885: 0.826942
29886: 0.826948
29887: 0.826954
29888: 0.82696
29889: 0.826966
29890: 0.826971
29891: 0.826977
29892: 0.826983
29893: 0.826955
29894: 0.826961
29895: 0.826967
29896: 0.826973
29897: 0.826978
29898: 0.826984
29899: 0.82699
29900: 0.826962
29901: 0.826935
29902: 0.82694
29903: 0.826946
29904: 0.826952
29905: 0.826958
29906: 0.82693
29907: 0.826903
29908: 0.826875
29909: 0.826881
29910: 0.826886
29911: 0.826892
29912: 0.826898
29913: 0.826904
29914: 0.82691
29915: 0.826882
29916: 0.826888
29917: 0.826894
29918: 0.826899
29919: 0.826905
29920: 0.826911
29921: 0.826917
29922: 0.826922
29923: 0.826928
29924: 0.826934
29925: 0.82694
29926: 0.826946
29927: 0.826951
29928: 0.826957
29929: 0.826963
29930: 0.826969
29931: 0.826974
29932: 0.82698
29933: 0.826953
29934: 0.826925
29935: 0.826897
29936: 0.82687
29937: 0.826842
29938: 0.826815
29939: 0.82682
29940: 0.826826
29941: 0.826832
29942: 0.826804
29943: 0.82681
29944: 0.826816
29945: 0.826822
29946: 0.826827
29947: 0.826833
29948: 0.826839
29949: 0.826845
29950: 0.826851
29951: 0.826856
29952: 0.826862
29953: 0.826834
29954: 0.826807
29955: 0.826779
29956: 0.826752
29957: 0.826757
29958: 0.826763
29959: 0.826769
29960: 0.826775
29961: 0.826747
29962: 0.826753
29963: 0.826759
29964: 0.826765
29965: 0.82677
29966: 0.826776
29967: 0.826782
29968: 0.826788
29969: 0.826793
29970: 0.826799
29971: 0.826805
29972: 0.826777
29973: 0.82675
29974: 0.826756
29975: 0.826761
29976: 0.826767
29977: 0.826773
29978: 0.826779
29979: 0.826785
29980: 0.82679
29981: 0.826796
29982: 0.826802
29983: 0.826808
29984: 0.826813
29985: 0.826819
29986: 0.826825
29987: 0.826831
29988: 0.826837
29989: 0.826842
29990: 0.826848
29991: 0.826854
29992: 0.82686
29993: 0.826865
29994: 0.826871
29995: 0.826877
29996: 0.826883
29997: 0.826888
29998: 0.826894
29999: 0.8269
30000: 0.826906
30001: 0.826912
30002: 0.826917
30003: 0.82689
30004: 0.826896
30005: 0.826901
30006: 0.826907
30007: 0.826913
30008: 0.826919
30009: 0.826924
30010: 0.82693
30011: 0.826936
30012: 0.826942
30013: 0.826914
30014: 0.826887
30015: 0.826859
30016: 0.826831
30017: 0.826804
30018: 0.826776
30019: 0.826749
30020: 0.826755
30021: 0.82676
30022: 0.826766
30023: 0.826772
30024: 0.826744
30025: 0.826717
30026: 0.826723
30027: 0.826728
30028: 0.826734
30029: 0.82674
30030: 0.826746
30031: 0.826718
30032: 0.826691
30033: 0.826696
30034: 0.826702
30035: 0.826675
30036: 0.826647
30037: 0.82662
30038: 0.826592
30039: 0.826565
30040: 0.826537
30041: 0.826543
30042: 0.826549
30043: 0.826554
30044: 0.82656
30045: 0.826566
30046: 0.826572
30047: 0.826577
30048: 0.826583
30049: 0.826589
30050: 0.826595
30051: 0.826601
30052: 0.826606
30053: 0.826612
30054: 0.826618
30055: 0.826624
30056: 0.826629
30057: 0.826635
30058: 0.826641
30059: 0.826647
30060: 0.826652
30061: 0.826658
30062: 0.826664
30063: 0.82667
30064: 0.826676
30065: 0.826648
30066: 0.826621
30067: 0.826626
30068: 0.826632
30069: 0.826605
30070: 0.826577
30071: 0.826583
30072: 0.826589
30073: 0.826594
30074: 0.8266
30075: 0.826606
30076: 0.826612
30077: 0.826617
30078: 0.826623
30079: 0.826629
30080: 0.826635
30081: 0.826641
30082: 0.826646
30083: 0.826652
30084: 0.826658
30085: 0.826664
30086: 0.826669
30087: 0.826675
30088: 0.826681
30089: 0.826687
30090: 0.826692
30091: 0.826698
30092: 0.826704
30093: 0.82671
30094: 0.826715
30095: 0.826721
30096: 0.826727
30097: 0.826733
30098: 0.826738
30099: 0.826744
30100: 0.82675
30101: 0.826756
30102: 0.826761
30103: 0.826767
30104: 0.826773
30105: 0.826745
30106: 0.826718
30107: 0.826724
30108: 0.82673
30109: 0.826735
30110: 0.826741
30111: 0.826747
30112: 0.826719
30113: 0.826725
30114: 0.826731
30115: 0.826737
30116: 0.826742
30117: 0.826748
30118: 0.826754
30119: 0.82676
30120: 0.826765
30121: 0.826771
30122: 0.826777
30123: 0.826749
30124: 0.826755
30125: 0.826761
30126: 0.826767
30127: 0.826772
30128: 0.826745
30129: 0.826751
30130: 0.826756
30131: 0.826762
30132: 0.826768
30133: 0.826774
30134: 0.826779
30135: 0.826752
30136: 0.826725
30137: 0.82673
30138: 0.826736
30139: 0.826742
30140: 0.826748
30141: 0.826753
30142: 0.826759
30143: 0.826765
30144: 0.826737
30145: 0.826743
30146: 0.826716
30147: 0.826688
30148: 0.826661
30149: 0.826633
30150: 0.826639
30151: 0.826645
30152: 0.826651
30153: 0.826656
30154: 0.826662
30155: 0.826635
30156: 0.826641
30157: 0.826646
30158: 0.826652
30159: 0.826658
30160: 0.826664
30161: 0.826669
30162: 0.826675
30163: 0.826681
30164: 0.826687
30165: 0.826659
30166: 0.826632
30167: 0.826637
30168: 0.82661
30169: 0.826583
30170: 0.826588
30171: 0.826561
30172: 0.826567
30173: 0.826573
30174: 0.826545
30175: 0.826518
30176: 0.826524
30177: 0.826529
30178: 0.826535
30179: 0.826541
30180: 0.826547
30181: 0.826552
30182: 0.826558
30183: 0.826564
30184: 0.826569
30185: 0.826575
30186: 0.826581
30187: 0.826587
30188: 0.826592
30189: 0.826598
30190: 0.826604
30191: 0.82661
30192: 0.826615
30193: 0.826621
30194: 0.826594
30195: 0.8266
30196: 0.826605
30197: 0.826611
30198: 0.826617
30199: 0.826623
30200: 0.826628
30201: 0.826634
30202: 0.82664
30203: 0.826645
30204: 0.826651
30205: 0.826657
30206: 0.826663
30207: 0.826668
30208: 0.826674
30209: 0.82668
30210: 0.826686
30211: 0.826691
30212: 0.826697
30213: 0.826703
30214: 0.826709
30215: 0.826714
30216: 0.82672
30217: 0.826726
30218: 0.826732
30219: 0.826737
30220: 0.826743
30221: 0.826749
30222: 0.826754
30223: 0.82676
30224: 0.826766
30225: 0.826739
30226: 0.826744
30227: 0.82675
30228: 0.826723
30229: 0.826695
30230: 0.826668
30231: 0.826641
30232: 0.826646
30233: 0.826652
30234: 0.826658
30235: 0.826664
30236: 0.826669
30237: 0.826675
30238: 0.826648
30239: 0.82662
30240: 0.826593
30241: 0.826566
30242: 0.826571
30243: 0.826577
30244: 0.826583
30245: 0.826589
30246: 0.826594
30247: 0.8266
30248: 0.826606
30249: 0.826612
30250: 0.826617
30251: 0.826623
30252: 0.826629
30253: 0.826634
30254: 0.82664
30255: 0.826613
30256: 0.826619
30257: 0.826624
30258: 0.82663
30259: 0.826636
30260: 0.826642
30261: 0.826647
30262: 0.826653
30263: 0.826659
30264: 0.826664
30265: 0.82667
30266: 0.826676
30267: 0.826649
30268: 0.826654
30269: 0.82666
30270: 0.826666
30271: 0.826672
30272: 0.826677
30273: 0.826683
30274: 0.826689
30275: 0.826694
30276: 0.8267
30277: 0.826706
30278: 0.826679
30279: 0.826684
30280: 0.82669
30281: 0.826663
30282: 0.826668
30283: 0.826674
30284: 0.82668
30285: 0.826686
30286: 0.826691
30287: 0.826697
30288: 0.826703
30289: 0.826708
30290: 0.826714
30291: 0.82672
30292: 0.826726
30293: 0.826731
30294: 0.826704
30295: 0.826677
30296: 0.826683
30297: 0.826688
30298: 0.826694
30299: 0.8267
30300: 0.826672
30301: 0.826645
30302: 0.826651
30303: 0.826657
30304: 0.826662
30305: 0.826668
30306: 0.826641
30307: 0.826613
30308: 0.826619
30309: 0.826625
30310: 0.826598
30311: 0.82657
30312: 0.826576
30313: 0.826582
30314: 0.826587
30315: 0.826593
30316: 0.826599
30317: 0.826572
30318: 0.826544
30319: 0.826517
30320: 0.82649
30321: 0.826463
30322: 0.826468
30323: 0.826474
30324: 0.82648
30325: 0.826486
30326: 0.826491
30327: 0.826497
30328: 0.826503
30329: 0.826508
30330: 0.826514
30331: 0.82652
30332: 0.826526
30333: 0.826531
30334: 0.826537
30335: 0.826543
30336: 0.826548
30337: 0.826521
30338: 0.826494
30339: 0.8265
30340: 0.826505
30341: 0.826511
30342: 0.826517
30343: 0.826523
30344: 0.826528
30345: 0.826534
30346: 0.82654
30347: 0.826545
30348: 0.826551
30349: 0.826557
30350: 0.826563
30351: 0.826568
30352: 0.826574
30353: 0.82658
30354: 0.826585
30355: 0.826591
30356: 0.826597
30357: 0.826603
30358: 0.826608
30359: 0.826614
30360: 0.82662
30361: 0.826625
30362: 0.826631
30363: 0.826604
30364: 0.826577
30365: 0.826549
30366: 0.826522
30367: 0.826495
30368: 0.826501
30369: 0.826506
30370: 0.826512
30371: 0.826518
30372: 0.826524
30373: 0.826529
30374: 0.826535
30375: 0.826541
30376: 0.826546
30377: 0.826552
30378: 0.826558
30379: 0.826564
30380: 0.826569
30381: 0.826575
30382: 0.826548
30383: 0.826553
30384: 0.826559
30385: 0.826565
30386: 0.826571
30387: 0.826576
30388: 0.826582
30389: 0.826555
30390: 0.826528
30391: 0.826533
30392: 0.826539
30393: 0.826545
30394: 0.826518
30395: 0.82649
30396: 0.826496
30397: 0.826502
30398: 0.826507
30399: 0.826513
30400: 0.826519
30401: 0.826492
30402: 0.826464
30403: 0.82647
30404: 0.826476
30405: 0.826482
30406: 0.826487
30407: 0.826493
30408: 0.826499
30409: 0.826504
30410: 0.826477
30411: 0.826483
30412: 0.826489
30413: 0.826494
30414: 0.8265
30415: 0.826506
30416: 0.826479
30417: 0.826484
30418: 0.826457
30419: 0.82643
30420: 0.826436
30421: 0.826441
30422: 0.826447
30423: 0.826453
30424: 0.826459
30425: 0.826464
30426: 0.82647
30427: 0.826476
30428: 0.826481
30429: 0.826487
30430: 0.826493
30431: 0.826498
30432: 0.826504
30433: 0.82651
30434: 0.826483
30435: 0.826488
30436: 0.826494
30437: 0.8265
30438: 0.826505
30439: 0.826511
30440: 0.826517
30441: 0.826523
30442: 0.826528
30443: 0.826534
30444: 0.82654
30445: 0.826545
30446: 0.826551
30447: 0.826557
30448: 0.826562
30449: 0.826568
30450: 0.826574
30451: 0.82658
30452: 0.826585
30453: 0.826558
30454: 0.826564
30455: 0.826569
30456: 0.826575
30457: 0.826581
30458: 0.826587
30459: 0.826592
30460: 0.826598
30461: 0.826604
30462: 0.826609
30463: 0.826615
30464: 0.826588
30465: 0.826561
30466: 0.826566
30467: 0.826572
30468: 0.826578
30469: 0.826584
30470: 0.826589
30471: 0.826595
30472: 0.826601
30473: 0.826606
30474: 0.826612
30475: 0.826618
30476: 0.826623
30477: 0.826596
30478: 0.826602
30479: 0.826608
30480: 0.826613
30481: 0.826619
30482: 0.826625
30483: 0.82663
30484: 0.826636
30485: 0.826642
30486: 0.826647
30487: 0.826653
30488: 0.826626
30489: 0.826632
30490: 0.826637
30491: 0.82661
30492: 0.826583
30493: 0.826556
30494: 0.826529
30495: 0.826502
30496: 0.826508
30497: 0.826513
30498: 0.826519
30499: 0.826492
30500: 0.826497
30501: 0.826503
30502: 0.826509
30503: 0.826515
30504: 0.82652
30505: 0.826526
30506: 0.826532
30507: 0.826537
30508: 0.826543
30509: 0.826549
30510: 0.826554
30511: 0.82656
30512: 0.826533
30513: 0.826539
30514: 0.826544
30515: 0.826517
30516: 0.82649
30517: 0.826496
30518: 0.826502
30519: 0.826507
30520: 0.826513
30521: 0.826519
30522: 0.826524
30523: 0.82653
30524: 0.826536
30525: 0.826541
30526: 0.826547
30527: 0.826553
30528: 0.826558
30529: 0.826564
30530: 0.82657
30531: 0.826575
30532: 0.826581
30533: 0.826587
30534: 0.826592
30535: 0.826598
30536: 0.826604
30537: 0.826609
30538: 0.826615
30539: 0.826621
30540: 0.826627
30541: 0.826632
30542: 0.826638
30543: 0.826644
30544: 0.826649
30545: 0.826655
30546: 0.826661
30547: 0.826666
30548: 0.826672
30549: 0.826678
30550: 0.826683
30551: 0.826689
30552: 0.826695
30553: 0.8267
30554: 0.826673
30555: 0.826679
30556: 0.826685
30557: 0.82669
30558: 0.826696
30559: 0.826702
30560: 0.826675
30561: 0.82668
30562: 0.826686
30563: 0.826692
30564: 0.826697
30565: 0.826703
30566: 0.826676
30567: 0.826649
30568: 0.826654
30569: 0.82666
30570: 0.826666
30571: 0.826671
30572: 0.826677
30573: 0.826683
30574: 0.826656
30575: 0.826629
30576: 0.826634
30577: 0.82664
30578: 0.826646
30579: 0.826651
30580: 0.826624
30581: 0.82663
30582: 0.826636
30583: 0.826641
30584: 0.826647
30585: 0.826653
30586: 0.826658
30587: 0.826664
30588: 0.82667
30589: 0.826675
30590: 0.826681
30591: 0.826654
30592: 0.826627
30593: 0.826633
30594: 0.826638
30595: 0.826611
30596: 0.826617
30597: 0.826623
30598: 0.826628
30599: 0.826634
30600: 0.82664
30601: 0.826645
30602: 0.826651
30603: 0.826657
30604: 0.826662
30605: 0.826668
30606: 0.826674
30607: 0.826679
30608: 0.826685
30609: 0.826691
30610: 0.826696
30611: 0.826669
30612: 0.826675
30613: 0.826681
30614: 0.826654
30615: 0.826627
30616: 0.826632
30617: 0.826638
30618: 0.826644
30619: 0.826649
30620: 0.826655
30621: 0.826628
30622: 0.826634
30623: 0.826639
30624: 0.826645
30625: 0.826651
30626: 0.826656
30627: 0.826662
30628: 0.826668
30629: 0.826673
30630: 0.826679
30631: 0.826685
30632: 0.82669
30633: 0.826696
30634: 0.826701
30635: 0.826707
30636: 0.826713
30637: 0.826718
30638: 0.826724
30639: 0.82673
30640: 0.826735
30641: 0.826708
30642: 0.826681
30643: 0.826654
30644: 0.826628
30645: 0.826633
30646: 0.826639
30647: 0.826644
30648: 0.82665
30649: 0.826656
30650: 0.826661
30651: 0.826634
30652: 0.82664
30653: 0.826613
30654: 0.826586
30655: 0.826592
30656: 0.826598
30657: 0.826603
30658: 0.826609
30659: 0.826614
30660: 0.82662
30661: 0.826626
30662: 0.826631
30663: 0.826637
30664: 0.826643
30665: 0.826616
30666: 0.826589
30667: 0.826594
30668: 0.8266
30669: 0.826606
30670: 0.826579
30671: 0.826552
30672: 0.826525
30673: 0.826531
30674: 0.826536
30675: 0.826542
30676: 0.826548
30677: 0.826553
30678: 0.826559
30679: 0.826565
30680: 0.82657
30681: 0.826576
30682: 0.826581
30683: 0.826555
30684: 0.826528
30685: 0.826501
30686: 0.826506
30687: 0.826512
30688: 0.826518
30689: 0.826523
30690: 0.826529
30691: 0.826535
30692: 0.82654
30693: 0.826513
30694: 0.826486
30695: 0.826492
30696: 0.826498
30697: 0.826471
30698: 0.826476
30699: 0.826482
30700: 0.826488
30701: 0.826493
30702: 0.826499
30703: 0.826472
30704: 0.826445
30705: 0.826451
30706: 0.826457
30707: 0.826462
30708: 0.826435
30709: 0.826408
30710: 0.826381
30711: 0.826355
30712: 0.82636
30713: 0.826366
30714: 0.826371
30715: 0.826377
30716: 0.826383
30717: 0.826356
30718: 0.826362
30719: 0.826367
30720: 0.826373
30721: 0.826378
30722: 0.826384
30723: 0.826357
30724: 0.826363
30725: 0.826369
30726: 0.826374
30727: 0.82638
30728: 0.826385
30729: 0.826391
30730: 0.826397
30731: 0.826402
30732: 0.826408
30733: 0.826414
30734: 0.826419
30735: 0.826425
30736: 0.826431
30737: 0.826436
30738: 0.826442
30739: 0.826448
30740: 0.826453
30741: 0.826459
30742: 0.826432
30743: 0.826438
30744: 0.826443
30745: 0.826449
30746: 0.826455
30747: 0.82646
30748: 0.826466
30749: 0.826472
30750: 0.826477
30751: 0.826483
30752: 0.826488
30753: 0.826494
30754: 0.8265
30755: 0.826505
30756: 0.826511
30757: 0.826517
30758: 0.826522
30759: 0.826528
30760: 0.826534
30761: 0.826507
30762: 0.826512
30763: 0.826486
30764: 0.826459
30765: 0.826432
30766: 0.826437
30767: 0.826411
30768: 0.826384
30769: 0.826389
30770: 0.826362
30771: 0.826336
30772: 0.826341
30773: 0.826347
30774: 0.826353
30775: 0.826358
30776: 0.826364
30777: 0.826337
30778: 0.82631
30779: 0.826316
30780: 0.826321
30781: 0.826327
30782: 0.826333
30783: 0.826338
30784: 0.826344
30785: 0.82635
30786: 0.826355
30787: 0.826361
30788: 0.826367
30789: 0.82634
30790: 0.826313
30791: 0.826319
30792: 0.826324
30793: 0.82633
30794: 0.826335
30795: 0.826341
30796: 0.826347
30797: 0.826352
30798: 0.826358
30799: 0.826364
30800: 0.826369
30801: 0.826375
30802: 0.826381
30803: 0.826386
30804: 0.826392
30805: 0.826397
30806: 0.826403
30807: 0.826409
30808: 0.826414
30809: 0.82642
30810: 0.826426
30811: 0.826431
30812: 0.826437
30813: 0.826443
30814: 0.826448
30815: 0.826421
30816: 0.826427
30817: 0.826433
30818: 0.826438
30819: 0.826444
30820: 0.826449
30821: 0.826455
30822: 0.826461
30823: 0.826434
30824: 0.82644
30825: 0.826413
30826: 0.826418
30827: 0.826424
30828: 0.82643
30829: 0.826435
30830: 0.826441
30831: 0.826447
30832: 0.826452
30833: 0.826458
30834: 0.826463
30835: 0.826469
30836: 0.826475
30837: 0.82648
30838: 0.826486
30839: 0.826492
30840: 0.826497
30841: 0.826503
30842: 0.826476
30843: 0.826482
30844: 0.826487
30845: 0.826493
30846: 0.826499
30847: 0.826504
30848: 0.82651
30849: 0.826515
30850: 0.826489
30851: 0.826494
30852: 0.8265
30853: 0.826505
30854: 0.826511
30855: 0.826484
30856: 0.826458
30857: 0.826463
30858: 0.826469
30859: 0.826474
30860: 0.82648
30861: 0.826486
30862: 0.826491
30863: 0.826497
30864: 0.826503
30865: 0.826508
30866: 0.826514
30867: 0.826519
30868: 0.826525
30869: 0.826531
30870: 0.826504
30871: 0.826509
30872: 0.826515
30873: 0.826521
30874: 0.826526
30875: 0.826532
30876: 0.826538
30877: 0.826543
30878: 0.826516
30879: 0.82649
30880: 0.826463
30881: 0.826468
30882: 0.826474
30883: 0.82648
30884: 0.826485
30885: 0.826491
30886: 0.826497
30887: 0.826502
30888: 0.826508
30889: 0.826513
30890: 0.826519
30891: 0.826525
30892: 0.82653
30893: 0.826536
30894: 0.826509
30895: 0.826482
30896: 0.826456
30897: 0.826461
30898: 0.826435
30899: 0.82644
30900: 0.826446
30901: 0.826451
30902: 0.826425
30903: 0.826398
30904: 0.826403
30905: 0.826409
30906: 0.826415
30907: 0.82642
30908: 0.826426
30909: 0.826432
30910: 0.826437
30911: 0.826443
30912: 0.826448
30913: 0.826454
30914: 0.82646
30915: 0.826433
30916: 0.826406
30917: 0.826412
30918: 0.826417
30919: 0.826423
30920: 0.826429
30921: 0.826434
30922: 0.82644
30923: 0.826445
30924: 0.826451
30925: 0.826457
30926: 0.826462
30927: 0.826436
30928: 0.826409
30929: 0.826414
30930: 0.82642
30931: 0.826393
30932: 0.826399
30933: 0.826405
30934: 0.826378
30935: 0.826384
30936: 0.826389
30937: 0.826395
30938: 0.826368
30939: 0.826341
30940: 0.826347
30941: 0.826353
30942: 0.826358
30943: 0.826364
30944: 0.826369
30945: 0.826343
30946: 0.826348
30947: 0.826354
30948: 0.826359
30949: 0.826365
30950: 0.826371
30951: 0.826376
30952: 0.826382
30953: 0.826388
30954: 0.826393
30955: 0.826399
30956: 0.826404
30957: 0.82641
30958: 0.826416
30959: 0.826421
30960: 0.826427
30961: 0.826432
30962: 0.826438
30963: 0.826444
30964: 0.826449
30965: 0.826455
30966: 0.82646
30967: 0.826434
30968: 0.826439
30969: 0.826445
30970: 0.826451
30971: 0.826424
30972: 0.826397
30973: 0.826371
30974: 0.826376
30975: 0.826382
30976: 0.826387
30977: 0.826393
30978: 0.826399
30979: 0.826404
30980: 0.826377
30981: 0.826383
30982: 0.826389
30983: 0.826394
30984: 0.8264
30985: 0.826405
30986: 0.826411
30987: 0.826417
30988: 0.826422
30989: 0.826428
30990: 0.826433
30991: 0.826439
30992: 0.826445
30993: 0.82645
30994: 0.826456
30995: 0.826461
30996: 0.826467
30997: 0.826473
30998: 0.826446
30999: 0.826452
31000: 0.826457
31001: 0.826463
31002: 0.826468
31003: 0.826474
31004: 0.82648
31005: 0.826485
31006: 0.826491
31007: 0.826496
31008: 0.826502
31009: 0.826508
31010: 0.826513
31011: 0.826487
31012: 0.82646
31013: 0.826465
31014: 0.826471
31015: 0.826477
31016: 0.826482
31017: 0.826488
31018: 0.826461
31019: 0.826435
31020: 0.826408
31021: 0.826414
31022: 0.826419
31023: 0.826425
31024: 0.82643
31025: 0.826404
31026: 0.826377
31027: 0.826383
31028: 0.826356
31029: 0.826362
31030: 0.826367
31031: 0.826373
31032: 0.826346
31033: 0.826352
31034: 0.826357
31035: 0.826363
31036: 0.826369
31037: 0.826374
31038: 0.82638
31039: 0.826385
31040: 0.826391
31041: 0.826396
31042: 0.826402
31043: 0.826375
31044: 0.826349
31045: 0.826322
31046: 0.826328
31047: 0.826333
31048: 0.826339
31049: 0.826345
31050: 0.82635
31051: 0.826356
31052: 0.826361
31053: 0.826367
31054: 0.82634
31055: 0.826314
31056: 0.826319
31057: 0.826325
31058: 0.826331
31059: 0.826336
31060: 0.826342
31061: 0.826347
31062: 0.826353
31063: 0.826358
31064: 0.826364
31065: 0.82637
31066: 0.826375
31067: 0.826381
31068: 0.826386
31069: 0.826392
31070: 0.826398
31071: 0.826403
31072: 0.826409
31073: 0.826414
31074: 0.82642
31075: 0.826426
31076: 0.826431
31077: 0.826405
31078: 0.826378
31079: 0.826384
31080: 0.826389
31081: 0.826395
31082: 0.826368
31083: 0.826342
31084: 0.826315
31085: 0.826288
31086: 0.826262
31087: 0.826267
31088: 0.826273
31089: 0.826279
31090: 0.826284
31091: 0.826258
31092: 0.826231
31093: 0.826204
31094: 0.826178
31095: 0.826151
31096: 0.826125
31097: 0.826098
31098: 0.826104
31099: 0.826109
31100: 0.826115
31101: 0.826121
31102: 0.826126
31103: 0.8261
31104: 0.826105
31105: 0.826111
31106: 0.826116
31107: 0.826122
31108: 0.826127
31109: 0.826133
31110: 0.826139
31111: 0.826144
31112: 0.82615
31113: 0.826155
31114: 0.826161
31115: 0.826134
31116: 0.82614
31117: 0.826146
31118: 0.826151
31119: 0.826157
31120: 0.826162
31121: 0.826168
31122: 0.826174
31123: 0.826179
31124: 0.826185
31125: 0.82619
31126: 0.826196
31127: 0.826201
31128: 0.826207
31129: 0.826181
31130: 0.826186
31131: 0.826192
31132: 0.826197
31133: 0.826203
31134: 0.826208
31135: 0.826214
31136: 0.82622
31137: 0.826225
31138: 0.826231
31139: 0.826236
31140: 0.826242
31141: 0.826248
31142: 0.826253
31143: 0.826259
31144: 0.826264
31145: 0.82627
31146: 0.826243
31147: 0.826217
31148: 0.82619
31149: 0.826164
31150: 0.826137
31151: 0.826143
31152: 0.826116
31153: 0.82609
31154: 0.826063
31155: 0.826037
31156: 0.82601
31157: 0.826016
31158: 0.826021
31159: 0.826027
31160: 0.826033
31161: 0.826038
31162: 0.826044
31163: 0.826049
31164: 0.826055
31165: 0.82606
31166: 0.826066
31167: 0.826072
31168: 0.826077
31169: 0.826083
31170: 0.826088
31171: 0.826094
31172: 0.8261
31173: 0.826105
31174: 0.826111
31175: 0.826116
31176: 0.826122
31177: 0.826127
31178: 0.826133
31179: 0.826139
31180: 0.826144
31181: 0.82615
31182: 0.826155
31183: 0.826161
31184: 0.826166
31185: 0.826172
31186: 0.826178
31187: 0.826151
31188: 0.826125
31189: 0.826098
31190: 0.826104
31191: 0.826109
31192: 0.826115
31193: 0.82612
31194: 0.826126
31195: 0.826132
31196: 0.826137
31197: 0.826143
31198: 0.826148
31199: 0.826154
31200: 0.826159
31201: 0.826165
31202: 0.826171
31203: 0.826176
31204: 0.826182
31205: 0.826187
31206: 0.826193
31207: 0.826198
31208: 0.826204
31209: 0.82621
31210: 0.826215
31211: 0.826221
31212: 0.826226
31213: 0.826232
31214: 0.826237
31215: 0.826243
31216: 0.826249
31217: 0.826222
31218: 0.826196
31219: 0.826169
31220: 0.826143
31221: 0.826116
31222: 0.826122
31223: 0.826127
31224: 0.826133
31225: 0.826106
31226: 0.82608
31227: 0.826054
31228: 0.826059
31229: 0.826065
31230: 0.82607
31231: 0.826076
31232: 0.826081
31233: 0.826087
31234: 0.826093
31235: 0.826098
31236: 0.826104
31237: 0.826109
31238: 0.826115
31239: 0.82612
31240: 0.826126
31241: 0.826131
31242: 0.826137
31243: 0.826143
31244: 0.826148
31245: 0.826154
31246: 0.826159
31247: 0.826165
31248: 0.82617
31249: 0.826176
31250: 0.826182
31251: 0.826187
31252: 0.826193
31253: 0.826198
31254: 0.826204
31255: 0.826177
31256: 0.826183
31257: 0.826188
31258: 0.826194
31259: 0.8262
31260: 0.826205
31261: 0.826211
31262: 0.826216
31263: 0.826222
31264: 0.826227
31265: 0.826201
31266: 0.826175
31267: 0.82618
31268: 0.826186
31269: 0.826191
31270: 0.826165
31271: 0.82617
31272: 0.826176
31273: 0.826181
31274: 0.826155
31275: 0.826161
31276: 0.826166
31277: 0.826172
31278: 0.826177
31279: 0.826183
31280: 0.826188
31281: 0.826194
31282: 0.8262
31283: 0.826205
31284: 0.826211
31285: 0.826216
31286: 0.826222
31287: 0.826227
31288: 0.826201
31289: 0.826174
31290: 0.826148
31291: 0.826154
31292: 0.826159
31293: 0.826133
31294: 0.826106
31295: 0.82608
31296: 0.826086
31297: 0.826091
31298: 0.826097
31299: 0.826102
31300: 0.826108
31301: 0.826113
31302: 0.826119
31303: 0.826093
31304: 0.826066
31305: 0.82604
31306: 0.826045
31307: 0.826051
31308: 0.826056
31309: 0.826062
31310: 0.826068
31311: 0.826073
31312: 0.826079
31313: 0.826084
31314: 0.82609
31315: 0.826095
31316: 0.826101
31317: 0.826074
31318: 0.826048
31319: 0.826022
31320: 0.826027
31321: 0.826033
31322: 0.826006
31323: 0.826012
31324: 0.826018
31325: 0.826023
31326: 0.826029
31327: 0.826002
31328: 0.826008
31329: 0.826013
31330: 0.826019
31331: 0.826025
31332: 0.82603
31333: 0.826036
31334: 0.826041
31335: 0.826047
31336: 0.82602
31337: 0.825994
31338: 0.826
31339: 0.826005
31340: 0.826011
31341: 0.825984
31342: 0.825958
31343: 0.825932
31344: 0.825905
31345: 0.825879
31346: 0.825884
31347: 0.82589
31348: 0.825896
31349: 0.825901
31350: 0.825907
31351: 0.825912
31352: 0.825918
31353: 0.825923
31354: 0.825929
31355: 0.825934
31356: 0.82594
31357: 0.825946
31358: 0.825919
31359: 0.825893
31360: 0.825898
31361: 0.825904
31362: 0.82591
31363: 0.825883
31364: 0.825889
31365: 0.825894
31366: 0.8259
31367: 0.825905
31368: 0.825911
31369: 0.825916
31370: 0.82589
31371: 0.825864
31372: 0.825838
31373: 0.825811
31374: 0.825817
31375: 0.825822
31376: 0.825828
31377: 0.825833
31378: 0.825839
31379: 0.825844
31380: 0.82585
31381: 0.825856
31382: 0.825829
31383: 0.825835
31384: 0.82584
31385: 0.825846
31386: 0.825851
31387: 0.825857
31388: 0.825831
31389: 0.825836
31390: 0.825842
31391: 0.825847
31392: 0.825853
31393: 0.825858
31394: 0.825864
31395: 0.825838
31396: 0.825843
31397: 0.825849
31398: 0.825854
31399: 0.82586
31400: 0.825865
31401: 0.825871
31402: 0.825877
31403: 0.825882
31404: 0.825856
31405: 0.825861
31406: 0.825867
31407: 0.825872
31408: 0.825878
31409: 0.825883
31410: 0.825889
31411: 0.825895
31412: 0.8259
31413: 0.825906
31414: 0.825911
31415: 0.825917
31416: 0.825922
31417: 0.825928
31418: 0.825933
31419: 0.825939
31420: 0.825944
31421: 0.82595
31422: 0.825956
31423: 0.825929
31424: 0.825935
31425: 0.82594
31426: 0.825946
31427: 0.825951
31428: 0.825957
31429: 0.825962
31430: 0.825968
31431: 0.825974
31432: 0.825979
31433: 0.825985
31434: 0.825958
31435: 0.825932
31436: 0.825906
31437: 0.82588
31438: 0.825853
31439: 0.825859
31440: 0.825864
31441: 0.82587
31442: 0.825875
31443: 0.825881
31444: 0.825886
31445: 0.825892
31446: 0.825898
31447: 0.825903
31448: 0.825909
31449: 0.825914
31450: 0.82592
31451: 0.825925
31452: 0.825931
31453: 0.825936
31454: 0.825942
31455: 0.825947
31456: 0.825953
31457: 0.825958
31458: 0.825964
31459: 0.825969
31460: 0.825975
31461: 0.825981
31462: 0.825986
31463: 0.825992
31464: 0.825997
31465: 0.826003
31466: 0.826008
31467: 0.826014
31468: 0.826019
31469: 0.826025
31470: 0.82603
31471: 0.826036
31472: 0.82601
31473: 0.826015
31474: 0.826021
31475: 0.825994
31476: 0.825968
31477: 0.825942
31478: 0.825916
31479: 0.825921
31480: 0.825927
31481: 0.825901
31482: 0.825906
31483: 0.825912
31484: 0.825917
31485: 0.825923
31486: 0.825928
31487: 0.825934
31488: 0.825939
31489: 0.825945
31490: 0.82595
31491: 0.825956
31492: 0.825961
31493: 0.825967
31494: 0.825972
31495: 0.825946
31496: 0.82592
31497: 0.825925
31498: 0.825931
31499: 0.825937
31500: 0.825942
31501: 0.825948
31502: 0.825953
31503: 0.825959
31504: 0.825932
31505: 0.825906
31506: 0.825912
31507: 0.825917
31508: 0.825923
31509: 0.825928
31510: 0.825934
31511: 0.825939
31512: 0.825945
31513: 0.825919
31514: 0.825892
31515: 0.825866
31516: 0.82584
31517: 0.825814
31518: 0.825819
31519: 0.825825
31520: 0.82583
31521: 0.825836
31522: 0.825841
31523: 0.825847
31524: 0.825852
31525: 0.825858
31526: 0.825864
31527: 0.825869
31528: 0.825843
31529: 0.825848
31530: 0.825854
31531: 0.825859
31532: 0.825865
31533: 0.82587
31534: 0.825876
31535: 0.825882
31536: 0.825855
31537: 0.825829
31538: 0.825835
31539: 0.82584
31540: 0.825846
31541: 0.82582
31542: 0.825825
31543: 0.825799
31544: 0.825804
31545: 0.82581
31546: 0.825815
31547: 0.825821
31548: 0.825795
31549: 0.825769
31550: 0.825742
31551: 0.825716
31552: 0.82569
31553: 0.825696
31554: 0.825701
31555: 0.825707
31556: 0.825712
31557: 0.825686
31558: 0.825692
31559: 0.825697
31560: 0.825703
31561: 0.825708
31562: 0.825714
31563: 0.825719
31564: 0.825725
31565: 0.82573
31566: 0.825736
31567: 0.825741
31568: 0.825747
31569: 0.825752
31570: 0.825758
31571: 0.825732
31572: 0.825737
31573: 0.825743
31574: 0.825748
31575: 0.825754
31576: 0.825759
31577: 0.825765
31578: 0.82577
31579: 0.825776
31580: 0.825781
31581: 0.825787
31582: 0.825792
31583: 0.825798
31584: 0.825803
31585: 0.825809
31586: 0.825814
31587: 0.82582
31588: 0.825825
31589: 0.825831
31590: 0.825836
31591: 0.825842
31592: 0.825847
31593: 0.825853
31594: 0.825859
31595: 0.825864
31596: 0.82587
31597: 0.825843
31598: 0.825817
31599: 0.825791
31600: 0.825797
31601: 0.825802
31602: 0.825808
31603: 0.825813
31604: 0.825819
31605: 0.825824
31606: 0.82583
31607: 0.825835
31608: 0.825841
31609: 0.825846
31610: 0.825852
31611: 0.825857
31612: 0.825863
31613: 0.825868
31614: 0.825874
31615: 0.825879
31616: 0.825885
31617: 0.82589
31618: 0.825896
31619: 0.825901
31620: 0.825907
31621: 0.825912
31622: 0.825918
31623: 0.825923
31624: 0.825929
31625: 0.825934
31626: 0.82594
31627: 0.825945
31628: 0.825951
31629: 0.825956
31630: 0.825962
31631: 0.825967
31632: 0.825973
31633: 0.825978
31634: 0.825984
31635: 0.825989
31636: 0.825995
31637: 0.825969
31638: 0.825974
31639: 0.82598
31640: 0.825985
31641: 0.825991
31642: 0.825996
31643: 0.826002
31644: 0.826007
31645: 0.826013
31646: 0.825987
31647: 0.825961
31648: 0.825966
31649: 0.825972
31650: 0.825977
31651: 0.825983
31652: 0.825988
31653: 0.825994
31654: 0.825999
31655: 0.826005
31656: 0.82601
31657: 0.826016
31658: 0.826021
31659: 0.826027
31660: 0.826032
31661: 0.826038
31662: 0.826011
31663: 0.826017
31664: 0.826022
31665: 0.826028
31666: 0.826033
31667: 0.826039
31668: 0.826044
31669: 0.82605
31670: 0.826055
31671: 0.826061
31672: 0.826066
31673: 0.826072
31674: 0.826077
31675: 0.826083
31676: 0.826088
31677: 0.826094
31678: 0.826099
31679: 0.826105
31680: 0.82611
31681: 0.826084
31682: 0.82609
31683: 0.826095
31684: 0.826101
31685: 0.826106
31686: 0.826112
31687: 0.826117
31688: 0.826123
31689: 0.826128
31690: 0.826134
31691: 0.826139
31692: 0.826145
31693: 0.826119
31694: 0.826092
31695: 0.826066
31696: 0.826072
31697: 0.826077
31698: 0.826083
31699: 0.826088
31700: 0.826094
31701: 0.826099
31702: 0.826105
31703: 0.826079
31704: 0.826084
31705: 0.82609
31706: 0.826095
31707: 0.826101
31708: 0.826075
31709: 0.82608
31710: 0.826086
31711: 0.826091
31712: 0.826097
31713: 0.826102
31714: 0.826108
31715: 0.826081
31716: 0.826087
31717: 0.826092
31718: 0.826098
31719: 0.826103
31720: 0.826109
31721: 0.826114
31722: 0.82612
31723: 0.826125
31724: 0.826131
31725: 0.826136
31726: 0.826142
31727: 0.826147
31728: 0.826153
31729: 0.826127
31730: 0.826132
31731: 0.826138
31732: 0.826143
31733: 0.826149
31734: 0.826154
31735: 0.82616
31736: 0.826165
31737: 0.826171
31738: 0.826144
31739: 0.826118
31740: 0.826092
31741: 0.826098
31742: 0.826103
31743: 0.826109
31744: 0.826114
31745: 0.826088
31746: 0.826094
31747: 0.826099
31748: 0.826105
31749: 0.82611
31750: 0.826116
31751: 0.826121
31752: 0.826127
31753: 0.826132
31754: 0.826138
31755: 0.826143
31756: 0.826149
31757: 0.826154
31758: 0.82616
31759: 0.826165
31760: 0.82617
31761: 0.826176
31762: 0.82615
31763: 0.826155
31764: 0.826129
31765: 0.826135
31766: 0.82614
31767: 0.826146
31768: 0.826151
31769: 0.826157
31770: 0.826162
31771: 0.826168
31772: 0.826173
31773: 0.826179
31774: 0.826184
31775: 0.82619
31776: 0.826195
31777: 0.826201
31778: 0.826206
31779: 0.826211
31780: 0.826217
31781: 0.826222
31782: 0.826228
31783: 0.826202
31784: 0.826207
31785: 0.826213
31786: 0.826218
31787: 0.826224
31788: 0.826229
31789: 0.826203
31790: 0.826177
31791: 0.826183
31792: 0.826188
31793: 0.826194
31794: 0.826199
31795: 0.826205
31796: 0.82621
31797: 0.826215
31798: 0.826221
31799: 0.826226
31800: 0.826232
31801: 0.826237
31802: 0.826243
31803: 0.826248
31804: 0.826254
31805: 0.826259
31806: 0.826265
31807: 0.82627
31808: 0.826276
31809: 0.826281
31810: 0.826287
31811: 0.826292
31812: 0.826297
31813: 0.826303
31814: 0.826308
31815: 0.826314
31816: 0.826319
31817: 0.826325
31818: 0.82633
31819: 0.826336
31820: 0.82631
31821: 0.826315
31822: 0.826289
31823: 0.826263
31824: 0.826269
31825: 0.826243
31826: 0.826248
31827: 0.826254
31828: 0.826228
31829: 0.826233
31830: 0.826239
31831: 0.826244
31832: 0.826249
31833: 0.826255
31834: 0.82626
31835: 0.826266
31836: 0.826271
31837: 0.826277
31838: 0.826282
31839: 0.826288
31840: 0.826293
31841: 0.826299
31842: 0.826304
31843: 0.82631
31844: 0.826315
31845: 0.826289
31846: 0.826294
31847: 0.8263
31848: 0.826305
31849: 0.826311
31850: 0.826316
31851: 0.826322
31852: 0.826327
31853: 0.826333
31854: 0.826338
31855: 0.826312
31856: 0.826286
31857: 0.82626
31858: 0.826234
31859: 0.826208
31860: 0.826214
31861: 0.826219
31862: 0.826225
31863: 0.82623
31864: 0.826236
31865: 0.826241
31866: 0.826247
31867: 0.826252
31868: 0.826257
31869: 0.826263
31870: 0.826268
31871: 0.826274
31872: 0.826279
31873: 0.826285
31874: 0.82629
31875: 0.826296
31876: 0.826301
31877: 0.826307
31878: 0.826312
31879: 0.826317
31880: 0.826292
31881: 0.826297
31882: 0.826302
31883: 0.826308
31884: 0.826313
31885: 0.826319
31886: 0.826324
31887: 0.82633
31888: 0.826335
31889: 0.826341
31890: 0.826315
31891: 0.82632
31892: 0.826326
31893: 0.826331
31894: 0.826336
31895: 0.826342
31896: 0.826347
31897: 0.826321
31898: 0.826295
31899: 0.826301
31900: 0.826306
31901: 0.826312
31902: 0.826317
31903: 0.826323
31904: 0.826328
31905: 0.826334
31906: 0.826339
31907: 0.826344
31908: 0.82635
31909: 0.826355
31910: 0.826329
31911: 0.826304
31912: 0.826309
31913: 0.826314
31914: 0.82632
31915: 0.826294
31916: 0.826268
31917: 0.826274
31918: 0.826279
31919: 0.826253
31920: 0.826227
31921: 0.826233
31922: 0.826238
31923: 0.826244
31924: 0.826249
31925: 0.826254
31926: 0.826229
31927: 0.826203
31928: 0.826208
31929: 0.826214
31930: 0.826219
31931: 0.826224
31932: 0.826199
31933: 0.826204
31934: 0.826209
31935: 0.826215
31936: 0.82622
31937: 0.826226
31938: 0.826231
31939: 0.826237
31940: 0.826242
31941: 0.826248
31942: 0.826253
31943: 0.826258
31944: 0.826264
31945: 0.826269
31946: 0.826275
31947: 0.826249
31948: 0.826223
31949: 0.826197
31950: 0.826171
31951: 0.826145
31952: 0.826151
31953: 0.826156
31954: 0.826162
31955: 0.826136
31956: 0.826141
31957: 0.826147
31958: 0.826152
31959: 0.826158
31960: 0.826163
31961: 0.826169
31962: 0.826174
31963: 0.826148
31964: 0.826122
31965: 0.826128
31966: 0.826133
31967: 0.826139
31968: 0.826144
31969: 0.82615
31970: 0.826155
31971: 0.82616
31972: 0.826166
31973: 0.826171
31974: 0.826177
31975: 0.826182
31976: 0.826188
31977: 0.826193
31978: 0.826198
31979: 0.826204
31980: 0.826209
31981: 0.826215
31982: 0.82622
31983: 0.826226
31984: 0.826231
31985: 0.826236
31986: 0.826242
31987: 0.826247
31988: 0.826253
31989: 0.826258
31990: 0.826264
31991: 0.826269
31992: 0.826274
31993: 0.826249
31994: 0.826223
31995: 0.826228
31996: 0.826234
31997: 0.826239
31998: 0.826245
31999: 0.82625
32000: 0.826255
32001: 0.826261
32002: 0.826266
32003: 0.826272
32004: 0.826277
32005: 0.826283
32006: 0.826288
32007: 0.826293
32008: 0.826299
32009: 0.826304
32010: 0.826278
32011: 0.826253
32012: 0.826227
32013: 0.826201
32014: 0.826175
32015: 0.826181
32016: 0.826186
32017: 0.826192
32018: 0.826197
32019: 0.826202
32020: 0.826208
32021: 0.826213
32022: 0.826219
32023: 0.826224
32024: 0.82623
32025: 0.826235
32026: 0.82624
32027: 0.826246
32028: 0.826251
32029: 0.826257
32030: 0.826262
32031: 0.826267
32032: 0.826273
32033: 0.826278
32034: 0.826284
32035: 0.826289
32036: 0.826295
32037: 0.826269
32038: 0.826274
32039: 0.82628
32040: 0.826254
32041: 0.826259
32042: 0.826265
32043: 0.82627
32044: 0.826276
32045: 0.826281
32046: 0.826286
32047: 0.826292
32048: 0.826297
32049: 0.826303
32050: 0.826308
32051: 0.826313
32052: 0.826319
32053: 0.826324
32054: 0.82633
32055: 0.826335
32056: 0.826341
32057: 0.826346
32058: 0.82632
32059: 0.826294
32060: 0.826269
32061: 0.826274
32062: 0.82628
32063: 0.826285
32064: 0.82629
32065: 0.826296
32066: 0.826301
32067: 0.826275
32068: 0.826281
32069: 0.826286
32070: 0.82626
32071: 0.826266
32072: 0.826271
32073: 0.826277
32074: 0.826282
32075: 0.826288
32076: 0.826293
32077: 0.826298
32078: 0.826304
32079: 0.826309
32080: 0.826315
32081: 0.82632
32082: 0.826294
32083: 0.826269
32084: 0.826274
32085: 0.826279
32086: 0.826285
32087: 0.82629
32088: 0.826296
32089: 0.826301
32090: 0.826306
32091: 0.826312
32092: 0.826317
32093: 0.826323
32094: 0.826328
32095: 0.826333
32096: 0.826339
32097: 0.826344
32098: 0.82635
32099: 0.826355
32100: 0.826329
32101: 0.826335
32102: 0.82634
32103: 0.826346
32104: 0.826351
32105: 0.826325
32106: 0.8263
32107: 0.826274
32108: 0.826248
32109: 0.826222
32110: 0.826197
32111: 0.826202
32112: 0.826207
32113: 0.826213
32114: 0.826218
32115: 0.826224
32116: 0.826198
32117: 0.826203
32118: 0.826209
32119: 0.826214
32120: 0.82622
32121: 0.826225
32122: 0.82623
32123: 0.826236
32124: 0.826241
32125: 0.826247
32126: 0.826252
32127: 0.826257
32128: 0.826263
32129: 0.826268
32130: 0.826243
32131: 0.826248
32132: 0.826253
32133: 0.826259
32134: 0.826264
32135: 0.82627
32136: 0.826275
32137: 0.82628
32138: 0.826286
32139: 0.826291
32140: 0.826297
32141: 0.826302
32142: 0.826307
32143: 0.826313
32144: 0.826287
32145: 0.826293
32146: 0.826298
32147: 0.826303
32148: 0.826309
32149: 0.826314
32150: 0.826288
32151: 0.826263
32152: 0.826237
32153: 0.826211
32154: 0.826217
32155: 0.826222
32156: 0.826228
32157: 0.826233
32158: 0.826238
32159: 0.826244
32160: 0.826249
32161: 0.826255
32162: 0.82626
32163: 0.826265
32164: 0.826271
32165: 0.826276
32166: 0.826282
32167: 0.826256
32168: 0.826261
32169: 0.826267
32170: 0.826241
32171: 0.826246
32172: 0.826252
32173: 0.826257
32174: 0.826263
32175: 0.826268
32176: 0.826242
32177: 0.826217
32178: 0.826222
32179: 0.826227
32180: 0.826233
32181: 0.826207
32182: 0.826182
32183: 0.826156
32184: 0.826161
32185: 0.826136
32186: 0.82611
32187: 0.826084
32188: 0.826059
32189: 0.826064
32190: 0.826069
32191: 0.826075
32192: 0.82608
32193: 0.826086
32194: 0.826091
32195: 0.826096
32196: 0.826102
32197: 0.826107
32198: 0.826113
32199: 0.826118
32200: 0.826123
32201: 0.826129
32202: 0.826134
32203: 0.82614
32204: 0.826145
32205: 0.82615
32206: 0.826156
32207: 0.826161
32208: 0.826167
32209: 0.826172
32210: 0.826177
32211: 0.826152
32212: 0.826157
32213: 0.826163
32214: 0.826168
32215: 0.826173
32216: 0.826179
32217: 0.826184
32218: 0.82619
32219: 0.826195
32220: 0.8262
32221: 0.826206
32222: 0.826211
32223: 0.826216
32224: 0.826222
32225: 0.826227
32226: 0.826233
32227: 0.826238
32228: 0.826243
32229: 0.826249
32230: 0.826254
32231: 0.82626
32232: 0.826265
32233: 0.82627
32234: 0.826276
32235: 0.826281
32236: 0.826287
32237: 0.826292
32238: 0.826297
32239: 0.826272
32240: 0.826246
32241: 0.826251
32242: 0.826257
32243: 0.826262
32244: 0.826268
32245: 0.826273
32246: 0.826278
32247: 0.826284
32248: 0.826289
32249: 0.826295
32250: 0.8263
32251: 0.826305
32252: 0.826311
32253: 0.826316
32254: 0.826322
32255: 0.826327
32256: 0.826332
32257: 0.826338
32258: 0.826343
32259: 0.826317
32260: 0.826323
32261: 0.826297
32262: 0.826272
32263: 0.826246
32264: 0.826251
32265: 0.826257
32266: 0.826262
32267: 0.826268
32268: 0.826273
32269: 0.826278
32270: 0.826284
32271: 0.826289
32272: 0.826294
32273: 0.8263
32274: 0.826305
32275: 0.826311
32276: 0.826316
32277: 0.826321
32278: 0.826296
32279: 0.82627
32280: 0.826276
32281: 0.826281
32282: 0.826255
32283: 0.82623
32284: 0.826204
32285: 0.82621
32286: 0.826215
32287: 0.826189
32288: 0.826195
32289: 0.8262
32290: 0.826205
32291: 0.826211
32292: 0.826216
32293: 0.826222
32294: 0.826196
32295: 0.82617
32296: 0.826176
32297: 0.826181
32298: 0.826187
32299: 0.826192
32300: 0.826197
32301: 0.826203
32302: 0.826208
32303: 0.826213
32304: 0.826188
32305: 0.826162
32306: 0.826168
32307: 0.826142
32308: 0.826148
32309: 0.826153
32310: 0.826158
32311: 0.826164
32312: 0.826169
32313: 0.826174
32314: 0.82618
32315: 0.826185
32316: 0.82616
32317: 0.826165
32318: 0.82617
32319: 0.826176
32320: 0.826181
32321: 0.826186
32322: 0.826192
32323: 0.826197
32324: 0.826203
32325: 0.826208
32326: 0.826213
32327: 0.826219
32328: 0.826224
32329: 0.82623
32330: 0.826235
32331: 0.82624
32332: 0.826246
32333: 0.826251
32334: 0.826225
32335: 0.826231
32336: 0.826236
32337: 0.826242
32338: 0.826247
32339: 0.826252
32340: 0.826258
32341: 0.826263
32342: 0.826268
32343: 0.826274
32344: 0.826279
32345: 0.826285
32346: 0.82629
32347: 0.826295
32348: 0.82627
32349: 0.826244
32350: 0.826219
32351: 0.826193
32352: 0.826198
32353: 0.826173
32354: 0.826147
32355: 0.826122
32356: 0.826096
32357: 0.826102
32358: 0.826107
32359: 0.826112
32360: 0.826118
32361: 0.826123
32362: 0.826129
32363: 0.826103
32364: 0.826108
32365: 0.826114
32366: 0.826119
32367: 0.826125
32368: 0.82613
32369: 0.826135
32370: 0.826141
32371: 0.826146
32372: 0.826151
32373: 0.826157
32374: 0.826162
32375: 0.826168
32376: 0.826173
32377: 0.826178
32378: 0.826184
32379: 0.826189
32380: 0.826194
32381: 0.8262
32382: 0.826174
32383: 0.82618
32384: 0.826185
32385: 0.826159
32386: 0.826165
32387: 0.82617
32388: 0.826176
32389: 0.826181
32390: 0.826186
32391: 0.826192
32392: 0.826197
32393: 0.826202
32394: 0.826208
32395: 0.826182
32396: 0.826188
32397: 0.826162
32398: 0.826167
32399: 0.826173
32400: 0.826178
32401: 0.826184
32402: 0.826189
32403: 0.826194
32404: 0.8262
32405: 0.826205
32406: 0.82618
32407: 0.826185
32408: 0.82619
32409: 0.826196
32410: 0.82617
32411: 0.826175
32412: 0.826181
32413: 0.826155
32414: 0.826161
32415: 0.826166
32416: 0.826171
32417: 0.826146
32418: 0.82612
32419: 0.826126
32420: 0.826131
32421: 0.826137
32422: 0.826142
32423: 0.826147
32424: 0.826153
32425: 0.826158
32426: 0.826163
32427: 0.826169
32428: 0.826174
32429: 0.826179
32430: 0.826154
32431: 0.826129
32432: 0.826134
32433: 0.826139
32434: 0.826145
32435: 0.82615
32436: 0.826155
32437: 0.826161
32438: 0.826135
32439: 0.82611
32440: 0.826084
32441: 0.826059
32442: 0.826064
32443: 0.82607
32444: 0.826075
32445: 0.826049
32446: 0.826024
32447: 0.826029
32448: 0.826035
32449: 0.82604
32450: 0.826045
32451: 0.826051
32452: 0.826056
32453: 0.826062
32454: 0.826036
32455: 0.826041
32456: 0.826016
32457: 0.825991
32458: 0.825996
32459: 0.826001
32460: 0.826007
32461: 0.826012
32462: 0.826017
32463: 0.826023
32464: 0.826028
32465: 0.826033
32466: 0.826039
32467: 0.826044
32468: 0.826049
32469: 0.826055
32470: 0.82606
32471: 0.826066
32472: 0.826071
32473: 0.826076
32474: 0.826082
32475: 0.826087
32476: 0.826092
32477: 0.826067
32478: 0.826041
32479: 0.826016
32480: 0.825991
32481: 0.825996
32482: 0.826001
32483: 0.826007
32484: 0.826012
32485: 0.826017
32486: 0.826023
32487: 0.826028
32488: 0.826033
32489: 0.826039
32490: 0.826044
32491: 0.826049
32492: 0.826055
32493: 0.82606
32494: 0.826035
32495: 0.82604
32496: 0.826045
32497: 0.82602
32498: 0.826025
32499: 0.826031
32500: 0.826036
32501: 0.826041
32502: 0.826047
32503: 0.826052
32504: 0.826027
32505: 0.826032
32506: 0.826007
32507: 0.825981
32508: 0.825956
32509: 0.825961
32510: 0.825967
32511: 0.825972
32512: 0.825977
32513: 0.825983
32514: 0.825988
32515: 0.825993
32516: 0.825999
32517: 0.826004
32518: 0.826009
32519: 0.826015
32520: 0.82602
32521: 0.826025
32522: 0.826031
32523: 0.826036
32524: 0.826042
32525: 0.826047
32526: 0.826052
32527: 0.826058
32528: 0.826063
32529: 0.826038
32530: 0.826043
32531: 0.826017
32532: 0.825992
32533: 0.825967
32534: 0.825972
32535: 0.825947
32536: 0.825921
32537: 0.825927
32538: 0.825932
32539: 0.825937
32540: 0.825943
32541: 0.825948
32542: 0.825953
32543: 0.825959
32544: 0.825964
32545: 0.825969
32546: 0.825975
32547: 0.82598
32548: 0.825985
32549: 0.825991
32550: 0.825996
32551: 0.826001
32552: 0.826007
32553: 0.826012
32554: 0.826018
32555: 0.826023
32556: 0.826028
32557: 0.826034
32558: 0.826039
32559: 0.826044
32560: 0.82605
32561: 0.826055
32562: 0.82606
32563: 0.826035
32564: 0.82604
32565: 0.826046
32566: 0.82602
32567: 0.826026
32568: 0.826031
32569: 0.826036
32570: 0.826042
32571: 0.826047
32572: 0.826052
32573: 0.826058
32574: 0.826063
32575: 0.826068
32576: 0.826043
32577: 0.826018
32578: 0.826023
32579: 0.825998
32580: 0.825972
32581: 0.825978
32582: 0.825983
32583: 0.825988
32584: 0.825994
32585: 0.825999
32586: 0.826004
32587: 0.82601
32588: 0.826015
32589: 0.82602
32590: 0.826026
32591: 0.826
32592: 0.826006
32593: 0.826011
32594: 0.826016
32595: 0.826022
32596: 0.826027
32597: 0.826002
32598: 0.826007
32599: 0.826012
32600: 0.825987
32601: 0.825992
32602: 0.825998
32603: 0.826003
32604: 0.826008
32605: 0.826014
32606: 0.826019
32607: 0.825994
32608: 0.825999
32609: 0.826004
32610: 0.82601
32611: 0.826015
32612: 0.82602
32613: 0.826026
32614: 0.826031
32615: 0.826036
32616: 0.826042
32617: 0.826047
32618: 0.826022
32619: 0.825996
32620: 0.826002
32621: 0.826007
32622: 0.826012
32623: 0.826018
32624: 0.826023
32625: 0.826028
32626: 0.826034
32627: 0.826039
32628: 0.826044
32629: 0.826019
32630: 0.826024
32631: 0.82603
32632: 0.826035
32633: 0.82604
32634: 0.826046
32635: 0.826051
32636: 0.826056
32637: 0.826062
32638: 0.826036
32639: 0.826042
32640: 0.826047
32641: 0.826052
32642: 0.826058
32643: 0.826063
32644: 0.826068
32645: 0.826074
32646: 0.826079
32647: 0.826084
32648: 0.82609
32649: 0.826095
32650: 0.8261
32651: 0.826075
32652: 0.82608
32653: 0.826086
32654: 0.826091
32655: 0.826096
32656: 0.826102
32657: 0.826107
32658: 0.826112
32659: 0.826118
32660: 0.826123
32661: 0.826128
32662: 0.826134
32663: 0.826108
32664: 0.826083
32665: 0.826088
32666: 0.826094
32667: 0.826099
32668: 0.826104
32669: 0.82611
32670: 0.826115
32671: 0.82612
32672: 0.826126
32673: 0.826131
32674: 0.826136
32675: 0.826142
32676: 0.826147
32677: 0.826152
32678: 0.826157
32679: 0.826132
32680: 0.826107
32681: 0.826112
32682: 0.826118
32683: 0.826123
32684: 0.826128
32685: 0.826134
32686: 0.826139
32687: 0.826144
32688: 0.826149
32689: 0.826155
32690: 0.82616
32691: 0.826165
32692: 0.826171
32693: 0.826176
32694: 0.826181
32695: 0.826187
32696: 0.826192
32697: 0.826197
32698: 0.826203
32699: 0.826208
32700: 0.826213
32701: 0.826219
32702: 0.826224
32703: 0.826229
32704: 0.826235
32705: 0.82624
32706: 0.826245
32707: 0.82625
32708: 0.826256
32709: 0.826261
32710: 0.826266
32711: 0.826241
32712: 0.826246
32713: 0.826252
32714: 0.826257
32715: 0.826262
32716: 0.826268
32717: 0.826273
32718: 0.826278
32719: 0.826284
32720: 0.826289
32721: 0.826294
32722: 0.8263
32723: 0.826305
32724: 0.82631
32725: 0.826315
32726: 0.826321
32727: 0.826326
32728: 0.826331
32729: 0.826337
32730: 0.826342
32731: 0.826347
32732: 0.826353
32733: 0.826358
32734: 0.826363
32735: 0.826369
32736: 0.826374
32737: 0.826349
32738: 0.826354
32739: 0.826359
32740: 0.826364
32741: 0.82637
32742: 0.826375
32743: 0.82638
32744: 0.826386
32745: 0.82636
32746: 0.826335
32747: 0.826341
32748: 0.826346
32749: 0.826351
32750: 0.826356
32751: 0.826362
32752: 0.826367
32753: 0.826372
32754: 0.826378
32755: 0.826383
32756: 0.826358
32757: 0.826363
32758: 0.826368
32759: 0.826374
32760: 0.826379
32761: 0.826384
32762: 0.82639
32763: 0.826395
32764: 0.82637
32765: 0.826375
32766: 0.82638
32767: 0.826385
32768: 0.826391
32769: 0.826396
32770: 0.826401
32771: 0.826407
32772: 0.826412
32773: 0.826417
32774: 0.826392
32775: 0.826367
32776: 0.826372
32777: 0.826377
32778: 0.826383
32779: 0.826388
32780: 0.826393
32781: 0.826368
32782: 0.826343
32783: 0.826318
32784: 0.826293
32785: 0.826267
32786: 0.826242
32787: 0.826247
32788: 0.826253
32789: 0.826258
32790: 0.826263
32791: 0.826269
32792: 0.826274
32793: 0.826279
32794: 0.826284
32795: 0.82629
32796: 0.826295
32797: 0.8263
32798: 0.826306
32799: 0.826311
32800: 0.826316
32801: 0.826322
32802: 0.826327
32803: 0.826332
32804: 0.826337
32805: 0.826343
32806: 0.826348
32807: 0.826353
32808: 0.826359
32809: 0.826364
32810: 0.826369
32811: 0.826374
32812: 0.82638
32813: 0.826385
32814: 0.82636
32815: 0.826335
32816: 0.82634
32817: 0.826345
32818: 0.826351
32819: 0.826356
32820: 0.826361
32821: 0.826366
32822: 0.826372
32823: 0.826377
32824: 0.826382
32825: 0.826388
32826: 0.826393
32827: 0.826398
32828: 0.826403
32829: 0.826409
32830: 0.826414
32831: 0.826419
32832: 0.826425
32833: 0.826399
32834: 0.826405
32835: 0.82641
32836: 0.826415
32837: 0.826421
32838: 0.826395
32839: 0.826401
32840: 0.826406
32841: 0.826411
32842: 0.826417
32843: 0.826422
32844: 0.826427
32845: 0.826432
32846: 0.826438
32847: 0.826443
32848: 0.826448
32849: 0.826454
32850: 0.826459
32851: 0.826464
32852: 0.826469
32853: 0.826475
32854: 0.82648
32855: 0.826485
32856: 0.82646
32857: 0.826435
32858: 0.82641
32859: 0.826385
32860: 0.82639
32861: 0.826395
32862: 0.826401
32863: 0.826406
32864: 0.826411
32865: 0.826416
32866: 0.826422
32867: 0.826427
32868: 0.826432
32869: 0.826437
32870: 0.826443
32871: 0.826448
32872: 0.826453
32873: 0.826459
32874: 0.826464
32875: 0.826469
32876: 0.826474
32877: 0.82648
32878: 0.826485
32879: 0.82649
32880: 0.826496
32881: 0.826501
32882: 0.826506
32883: 0.826481
32884: 0.826486
32885: 0.826492
32886: 0.826497
32887: 0.826502
32888: 0.826507
32889: 0.826513
32890: 0.826487
32891: 0.826462
32892: 0.826437
32893: 0.826443
32894: 0.826448
32895: 0.826423
32896: 0.826398
32897: 0.826403
32898: 0.826408
32899: 0.826413
32900: 0.826388
32901: 0.826363
32902: 0.826368
32903: 0.826343
32904: 0.826318
32905: 0.826293
32906: 0.826298
32907: 0.826304
32908: 0.826309
32909: 0.826314
32910: 0.826319
32911: 0.826325
32912: 0.82633
32913: 0.826335
32914: 0.826341
32915: 0.826346
32916: 0.826351
32917: 0.826356
32918: 0.826362
32919: 0.826337
32920: 0.826342
32921: 0.826347
32922: 0.826322
32923: 0.826327
32924: 0.826333
32925: 0.826338
32926: 0.826343
32927: 0.826348
32928: 0.826323
32929: 0.826329
32930: 0.826334
32931: 0.826339
32932: 0.826344
32933: 0.82635
32934: 0.826355
32935: 0.82633
32936: 0.826335
32937: 0.82631
32938: 0.826315
32939: 0.82629
32940: 0.826265
32941: 0.82624
32942: 0.826215
32943: 0.82622
32944: 0.826226
32945: 0.826231
32946: 0.826236
32947: 0.826241
32948: 0.826247
32949: 0.826252
32950: 0.826257
32951: 0.826262
32952: 0.826268
32953: 0.826273
32954: 0.826278
32955: 0.826284
32956: 0.826289
32957: 0.826294
32958: 0.826299
32959: 0.826305
32960: 0.82628
32961: 0.826285
32962: 0.82629
32963: 0.826295
32964: 0.826301
32965: 0.826306
32966: 0.826311
32967: 0.826316
32968: 0.826322
32969: 0.826327
32970: 0.826332
32971: 0.826337
32972: 0.826343
32973: 0.826348
32974: 0.826353
32975: 0.826359
32976: 0.826364
32977: 0.826369
32978: 0.826374
32979: 0.82638
32980: 0.826355
32981: 0.82633
32982: 0.826335
32983: 0.82634
32984: 0.826345
32985: 0.826351
32986: 0.826326
32987: 0.8263
32988: 0.826275
32989: 0.826281
32990: 0.826286
32991: 0.826291
32992: 0.826296
32993: 0.826302
32994: 0.826307
32995: 0.826312
32996: 0.826318
32997: 0.826323
32998: 0.826328
32999: 0.826333
33000: 0.826339
33001: 0.826344
33002: 0.826349
33003: 0.826324
33004: 0.826299
33005: 0.826304
33006: 0.82631
33007: 0.826315
33008: 0.82632
33009: 0.826295
33010: 0.8263
33011: 0.826306
33012: 0.826311
33013: 0.826316
33014: 0.826321
33015: 0.826327
33016: 0.826332
33017: 0.826307
33018: 0.826282
33019: 0.826287
33020: 0.826292
33021: 0.826298
33022: 0.826303
33023: 0.826308
33024: 0.826313
33025: 0.826319
33026: 0.826324
33027: 0.826329
33028: 0.826334
33029: 0.82634
33030: 0.826345
33031: 0.82635
33032: 0.826355
33033: 0.826361
33034: 0.826366
33035: 0.826341
33036: 0.826346
33037: 0.826351
33038: 0.826357
33039: 0.826362
33040: 0.826367
33041: 0.826342
33042: 0.826347
33043: 0.826353
33044: 0.826358
33045: 0.826363
33046: 0.826369
33047: 0.826344
33048: 0.826318
33049: 0.826324
33050: 0.826329
33051: 0.826304
33052: 0.826279
33053: 0.826284
33054: 0.82629
33055: 0.826295
33056: 0.8263
33057: 0.826305
33058: 0.826311
33059: 0.826316
33060: 0.826321
33061: 0.826326
33062: 0.826332
33063: 0.826337
33064: 0.826342
33065: 0.826347
33066: 0.826353
33067: 0.826358
33068: 0.826363
33069: 0.826338
33070: 0.826343
33071: 0.826349
33072: 0.826354
33073: 0.826359
33074: 0.826364
33075: 0.82637
33076: 0.826375
33077: 0.82638
33078: 0.826355
33079: 0.82636
33080: 0.826335
33081: 0.826341
33082: 0.826346
33083: 0.826351
33084: 0.826356
33085: 0.826331
33086: 0.826337
33087: 0.826312
33088: 0.826317
33089: 0.826322
33090: 0.826327
33091: 0.826333
33092: 0.826308
33093: 0.826313
33094: 0.826318
33095: 0.826323
33096: 0.826329
33097: 0.826334
33098: 0.826339
33099: 0.826344
33100: 0.82635
33101: 0.826355
33102: 0.82636
33103: 0.826365
33104: 0.826371
33105: 0.826346
33106: 0.826321
33107: 0.826296
33108: 0.826301
33109: 0.826306
33110: 0.826311
33111: 0.826317
33112: 0.826322
33113: 0.826327
33114: 0.826332
33115: 0.826338
33116: 0.826343
33117: 0.826348
33118: 0.826353
33119: 0.826329
33120: 0.826334
33121: 0.826309
33122: 0.826284
33123: 0.826259
33124: 0.826264
33125: 0.826269
33126: 0.826275
33127: 0.82628
33128: 0.826285
33129: 0.82629
33130: 0.826296
33131: 0.826301
33132: 0.826276
33133: 0.826251
33134: 0.826256
33135: 0.826261
33136: 0.826267
33137: 0.826272
33138: 0.826277
33139: 0.826282
33140: 0.826288
33141: 0.826293
33142: 0.826298
33143: 0.826303
33144: 0.826309
33145: 0.826314
33146: 0.826319
33147: 0.826324
33148: 0.82633
33149: 0.826335
33150: 0.82634
33151: 0.826345
33152: 0.826351
33153: 0.826356
33154: 0.826361
33155: 0.826336
33156: 0.826311
33157: 0.826316
33158: 0.826322
33159: 0.826327
33160: 0.826332
33161: 0.826337
33162: 0.826343
33163: 0.826348
33164: 0.826353
33165: 0.826358
33166: 0.826364
33167: 0.826369
33168: 0.826344
33169: 0.826349
33170: 0.826354
33171: 0.82636
33172: 0.826365
33173: 0.82634
33174: 0.826315
33175: 0.82632
33176: 0.826325
33177: 0.826331
33178: 0.826336
33179: 0.826341
33180: 0.826316
33181: 0.826321
33182: 0.826327
33183: 0.826332
33184: 0.826337
33185: 0.826342
33186: 0.826318
33187: 0.826293
33188: 0.826298
33189: 0.826303
33190: 0.826308
33191: 0.826314
33192: 0.826319
33193: 0.826324
33194: 0.826329
33195: 0.826334
33196: 0.82631
33197: 0.826285
33198: 0.82629
33199: 0.826265
33200: 0.82624
33201: 0.826215
33202: 0.82619
33203: 0.826166
33204: 0.826141
33205: 0.826116
33206: 0.826121
33207: 0.826126
33208: 0.826131
33209: 0.826137
33210: 0.826142
33211: 0.826147
33212: 0.826152
33213: 0.826128
33214: 0.826103
33215: 0.826078
33216: 0.826053
33217: 0.826028
33218: 0.826003
33219: 0.826008
33220: 0.826014
33221: 0.826019
33222: 0.826024
33223: 0.826029
33224: 0.826035
33225: 0.82604
33226: 0.826045
33227: 0.82605
33228: 0.826056
33229: 0.826061
33230: 0.826066
33231: 0.826071
33232: 0.826076
33233: 0.826052
33234: 0.826027
33235: 0.826032
33236: 0.826037
33237: 0.826042
33238: 0.826048
33239: 0.826053
33240: 0.826058
33241: 0.826063
33242: 0.826069
33243: 0.826074
33244: 0.826079
33245: 0.826084
33246: 0.82609
33247: 0.826095
33248: 0.8261
33249: 0.826075
33250: 0.82608
33251: 0.826086
33252: 0.826091
33253: 0.826096
33254: 0.826101
33255: 0.826107
33256: 0.826112
33257: 0.826117
33258: 0.826122
33259: 0.826127
33260: 0.826133
33261: 0.826108
33262: 0.826113
33263: 0.826118
33264: 0.826124
33265: 0.826129
33266: 0.826134
33267: 0.826139
33268: 0.826144
33269: 0.82615
33270: 0.826155
33271: 0.82616
33272: 0.826165
33273: 0.826171
33274: 0.826176
33275: 0.826181
33276: 0.826186
33277: 0.826191
33278: 0.826197
33279: 0.826202
33280: 0.826207
33281: 0.826212
33282: 0.826188
33283: 0.826163
33284: 0.826138
33285: 0.826113
33286: 0.826088
33287: 0.826063
33288: 0.826039
33289: 0.826014
33290: 0.825989
33291: 0.825994
33292: 0.825999
33293: 0.826005
33294: 0.82601
33295: 0.826015
33296: 0.82599
33297: 0.825996
33298: 0.826001
33299: 0.826006
33300: 0.826011
33301: 0.826016
33302: 0.826022
33303: 0.826027
33304: 0.826032
33305: 0.826037
33306: 0.826043
33307: 0.826048
33308: 0.826023
33309: 0.826028
33310: 0.826033
33311: 0.826009
33312: 0.826014
33313: 0.826019
33314: 0.826024
33315: 0.82603
33316: 0.826035
33317: 0.82604
33318: 0.826045
33319: 0.82605
33320: 0.826056
33321: 0.826031
33322: 0.826036
33323: 0.826041
33324: 0.826047
33325: 0.826052
33326: 0.826057
33327: 0.826062
33328: 0.826067
33329: 0.826073
33330: 0.826048
33331: 0.826053
33332: 0.826058
33333: 0.826063
33334: 0.826069
33335: 0.826074
33336: 0.826049
33337: 0.826024
33338: 0.82603
33339: 0.826035
33340: 0.82604
33341: 0.826045
33342: 0.82605
33343: 0.826056
33344: 0.826061
33345: 0.826066
33346: 0.826071
33347: 0.826077
33348: 0.826082
33349: 0.826087
33350: 0.826092
33351: 0.826097
33352: 0.826103
33353: 0.826108
33354: 0.826113
33355: 0.826118
33356: 0.826123
33357: 0.826099
33358: 0.826074
33359: 0.826049
33360: 0.826024
33361: 0.826
33362: 0.825975
33363: 0.82598
33364: 0.825955
33365: 0.825961
33366: 0.825966
33367: 0.825971
33368: 0.825976
33369: 0.825981
33370: 0.825987
33371: 0.825992
33372: 0.825997
33373: 0.826002
33374: 0.826007
33375: 0.826013
33376: 0.826018
33377: 0.826023
33378: 0.826028
33379: 0.826034
33380: 0.826039
33381: 0.826044
33382: 0.826049
33383: 0.826054
33384: 0.82606
33385: 0.826035
33386: 0.82601
33387: 0.825985
33388: 0.825961
33389: 0.825936
33390: 0.825941
33391: 0.825946
33392: 0.825952
33393: 0.825957
33394: 0.825932
33395: 0.825907
33396: 0.825913
33397: 0.825918
33398: 0.825923
33399: 0.825928
33400: 0.825933
33401: 0.825939
33402: 0.825944
33403: 0.825949
33404: 0.825954
33405: 0.825959
33406: 0.825965
33407: 0.82597
33408: 0.825975
33409: 0.82598
33410: 0.825985
33411: 0.825991
33412: 0.825996
33413: 0.826001
33414: 0.826006
33415: 0.825982
33416: 0.825987
33417: 0.825992
33418: 0.825997
33419: 0.825972
33420: 0.825948
33421: 0.825953
33422: 0.825958
33423: 0.825963
33424: 0.825969
33425: 0.825974
33426: 0.825979
33427: 0.825984
33428: 0.825989
33429: 0.825995
33430: 0.826
33431: 0.826005
33432: 0.82601
33433: 0.826015
33434: 0.826021
33435: 0.825996
33436: 0.826001
33437: 0.826006
33438: 0.826012
33439: 0.826017
33440: 0.826022
33441: 0.825997
33442: 0.826002
33443: 0.826008
33444: 0.826013
33445: 0.826018
33446: 0.826023
33447: 0.826028
33448: 0.826004
33449: 0.826009
33450: 0.826014
33451: 0.826019
33452: 0.826025
33453: 0.82603
33454: 0.826035
33455: 0.82604
33456: 0.826015
33457: 0.826021
33458: 0.826026
33459: 0.826031
33460: 0.826036
33461: 0.826041
33462: 0.826017
33463: 0.825992
33464: 0.825967
33465: 0.825943
33466: 0.825918
33467: 0.825923
33468: 0.825928
33469: 0.825934
33470: 0.825939
33471: 0.825944
33472: 0.825949
33473: 0.825954
33474: 0.82596
33475: 0.825965
33476: 0.82597
33477: 0.825975
33478: 0.825951
33479: 0.825926
33480: 0.825931
33481: 0.825936
33482: 0.825942
33483: 0.825947
33484: 0.825952
33485: 0.825957
33486: 0.825932
33487: 0.825908
33488: 0.825913
33489: 0.825918
33490: 0.825923
33491: 0.825929
33492: 0.825934
33493: 0.825939
33494: 0.825944
33495: 0.825949
33496: 0.825955
33497: 0.82596
33498: 0.825935
33499: 0.82591
33500: 0.825886
33501: 0.825891
33502: 0.825896
33503: 0.825901
33504: 0.825907
33505: 0.825912
33506: 0.825917
33507: 0.825922
33508: 0.825927
33509: 0.825933
33510: 0.825938
33511: 0.825913
33512: 0.825918
33513: 0.825923
33514: 0.825929
33515: 0.825904
33516: 0.825879
33517: 0.825855
33518: 0.82586
33519: 0.825865
33520: 0.82587
33521: 0.825846
33522: 0.825821
33523: 0.825826
33524: 0.825831
33525: 0.825837
33526: 0.825842
33527: 0.825847
33528: 0.825852
33529: 0.825857
33530: 0.825863
33531: 0.825868
33532: 0.825873
33533: 0.825878
33534: 0.825883
33535: 0.825889
33536: 0.825894
33537: 0.825899
33538: 0.825904
33539: 0.825909
33540: 0.825915
33541: 0.82592
33542: 0.825925
33543: 0.82593
33544: 0.825935
33545: 0.82594
33546: 0.825946
33547: 0.825951
33548: 0.825956
33549: 0.825961
33550: 0.825966
33551: 0.825972
33552: 0.825977
33553: 0.825982
33554: 0.825987
33555: 0.825992
33556: 0.825998
33557: 0.826003
33558: 0.826008
33559: 0.825983
33560: 0.825988
33561: 0.825994
33562: 0.825999
33563: 0.826004
33564: 0.826009
33565: 0.826014
33566: 0.82602
33567: 0.825995
33568: 0.82597
33569: 0.825976
33570: 0.825981
33571: 0.825986
33572: 0.825991
33573: 0.825996
33574: 0.826001
33575: 0.826007
33576: 0.826012
33577: 0.826017
33578: 0.826022
33579: 0.826027
33580: 0.826033
33581: 0.826038
33582: 0.826043
33583: 0.826048
33584: 0.826024
33585: 0.825999
33586: 0.826004
33587: 0.826009
33588: 0.826014
33589: 0.82602
33590: 0.826025
33591: 0.82603
33592: 0.826035
33593: 0.82604
33594: 0.826046
33595: 0.826051
33596: 0.826056
33597: 0.826061
33598: 0.826066
33599: 0.826071
33600: 0.826077
33601: 0.826052
33602: 0.826057
33603: 0.826062
33604: 0.826068
33605: 0.826073
33606: 0.826078
33607: 0.826083
33608: 0.826088
33609: 0.826093
33610: 0.826099
33611: 0.826104
33612: 0.826109
33613: 0.826114
33614: 0.826119
33615: 0.826124
33616: 0.82613
33617: 0.826105
33618: 0.82608
33619: 0.826056
33620: 0.826031
33621: 0.826007
33622: 0.825982
33623: 0.825958
33624: 0.825933
33625: 0.825938
33626: 0.825943
33627: 0.825949
33628: 0.825954
33629: 0.825959
33630: 0.825964
33631: 0.825969
33632: 0.825945
33633: 0.82592
33634: 0.825925
33635: 0.825931
33636: 0.825936
33637: 0.825941
33638: 0.825946
33639: 0.825951
33640: 0.825956
33641: 0.825962
33642: 0.825967
33643: 0.825972
33644: 0.825947
33645: 0.825953
33646: 0.825928
33647: 0.825933
33648: 0.825938
33649: 0.825944
33650: 0.825949
33651: 0.825954
33652: 0.825929
33653: 0.825905
33654: 0.82588
33655: 0.825885
33656: 0.825891
33657: 0.825896
33658: 0.825901
33659: 0.825906
33660: 0.825882
33661: 0.825857
33662: 0.825862
33663: 0.825867
33664: 0.825873
33665: 0.825848
33666: 0.825824
33667: 0.825829
33668: 0.825834
33669: 0.825839
33670: 0.825844
33671: 0.825849
33672: 0.825855
33673: 0.82586
33674: 0.825835
33675: 0.82584
33676: 0.825816
33677: 0.825821
33678: 0.825826
33679: 0.825831
33680: 0.825837
33681: 0.825842
33682: 0.825847
33683: 0.825852
33684: 0.825857
33685: 0.825862
33686: 0.825868
33687: 0.825873
33688: 0.825878
33689: 0.825883
33690: 0.825888
33691: 0.825893
33692: 0.825899
33693: 0.825904
33694: 0.825909
33695: 0.825914
33696: 0.825919
33697: 0.825924
33698: 0.82593
33699: 0.825935
33700: 0.82594
33701: 0.825945
33702: 0.82595
33703: 0.825955
33704: 0.825961
33705: 0.825936
33706: 0.825912
33707: 0.825917
33708: 0.825922
33709: 0.825927
33710: 0.825932
33711: 0.825937
33712: 0.825943
33713: 0.825948
33714: 0.825953
33715: 0.825958
33716: 0.825963
33717: 0.825968
33718: 0.825973
33719: 0.825979
33720: 0.825984
33721: 0.825989
33722: 0.825994
33723: 0.825999
33724: 0.825975
33725: 0.82595
33726: 0.825955
33727: 0.825961
33728: 0.825966
33729: 0.825971
33730: 0.825976
33731: 0.825981
33732: 0.825986
33733: 0.825992
33734: 0.825997
33735: 0.826002
33736: 0.826007
33737: 0.825983
33738: 0.825988
33739: 0.825993
33740: 0.825998
33741: 0.826003
33742: 0.826008
33743: 0.826014
33744: 0.826019
33745: 0.826024
33746: 0.826029
33747: 0.826034
33748: 0.826039
33749: 0.826044
33750: 0.82605
33751: 0.826055
33752: 0.82606
33753: 0.826035
33754: 0.826011
33755: 0.826016
33756: 0.826021
33757: 0.826026
33758: 0.826032
33759: 0.826037
33760: 0.826042
33761: 0.826047
33762: 0.826052
33763: 0.826057
33764: 0.826062
33765: 0.826068
33766: 0.826073
33767: 0.826078
33768: 0.826083
33769: 0.826059
33770: 0.826034
33771: 0.826039
33772: 0.826044
33773: 0.82605
33774: 0.826055
33775: 0.82606
33776: 0.826065
33777: 0.82607
33778: 0.826075
33779: 0.826081
33780: 0.826086
33781: 0.826091
33782: 0.826096
33783: 0.826101
33784: 0.826106
33785: 0.826082
33786: 0.826087
33787: 0.826092
33788: 0.826097
33789: 0.826102
33790: 0.826108
33791: 0.826113
33792: 0.826118
33793: 0.826123
33794: 0.826128
33795: 0.826133
33796: 0.826138
33797: 0.826144
33798: 0.826149
33799: 0.826154
33800: 0.826159
33801: 0.826164
33802: 0.826169
33803: 0.826174
33804: 0.82615
33805: 0.826126
33806: 0.826101
33807: 0.826077
33808: 0.826082
33809: 0.826087
33810: 0.826092
33811: 0.826097
33812: 0.826102
33813: 0.826108
33814: 0.826113
33815: 0.826088
33816: 0.826064
33817: 0.826039
33818: 0.826045
33819: 0.82605
33820: 0.826055
33821: 0.82606
33822: 0.826065
33823: 0.826041
33824: 0.826016
33825: 0.825992
33826: 0.825997
33827: 0.826002
33828: 0.826007
33829: 0.826012
33830: 0.826018
33831: 0.826023
33832: 0.826028
33833: 0.826033
33834: 0.826038
33835: 0.826043
33836: 0.826048
33837: 0.826054
33838: 0.826059
33839: 0.826064
33840: 0.826069
33841: 0.826045
33842: 0.82602
33843: 0.825996
33844: 0.825971
33845: 0.825976
33846: 0.825982
33847: 0.825987
33848: 0.825992
33849: 0.825997
33850: 0.826002
33851: 0.826007
33852: 0.826012
33853: 0.826018
33854: 0.826023
33855: 0.826028
33856: 0.826033
33857: 0.826038
33858: 0.826043
33859: 0.826048
33860: 0.826054
33861: 0.826059
33862: 0.826034
33863: 0.826039
33864: 0.826045
33865: 0.82602
33866: 0.825996
33867: 0.825971
33868: 0.825947
33869: 0.825952
33870: 0.825957
33871: 0.825962
33872: 0.825968
33873: 0.825973
33874: 0.825978
33875: 0.825983
33876: 0.825988
33877: 0.825993
33878: 0.825998
33879: 0.826004
33880: 0.825979
33881: 0.825955
33882: 0.82596
33883: 0.825965
33884: 0.82597
33885: 0.825975
33886: 0.82598
33887: 0.825986
33888: 0.825991
33889: 0.825996
33890: 0.826001
33891: 0.826006
33892: 0.826011
33893: 0.826016
33894: 0.826022
33895: 0.826027
33896: 0.826002
33897: 0.826007
33898: 0.826013
33899: 0.826018
33900: 0.826023
33901: 0.826028
33902: 0.826033
33903: 0.826009
33904: 0.826014
33905: 0.82599
33906: 0.825995
33907: 0.826
33908: 0.826005
33909: 0.82601
33910: 0.826015
33911: 0.82602
33912: 0.826025
33913: 0.826031
33914: 0.826036
33915: 0.826041
33916: 0.826046
33917: 0.826022
33918: 0.826027
33919: 0.826002
33920: 0.825978
33921: 0.825954
33922: 0.825929
33923: 0.825905
33924: 0.825881
33925: 0.825856
33926: 0.825861
33927: 0.825867
33928: 0.825872
33929: 0.825877
33930: 0.825882
33931: 0.825887
33932: 0.825892
33933: 0.825897
33934: 0.825873
33935: 0.825878
33936: 0.825883
33937: 0.825888
33938: 0.825864
33939: 0.825869
33940: 0.825874
33941: 0.825879
33942: 0.825885
33943: 0.82589
33944: 0.825895
33945: 0.8259
33946: 0.825905
33947: 0.82591
33948: 0.825915
33949: 0.82592
33950: 0.825926
33951: 0.825931
33952: 0.825936
33953: 0.825941
33954: 0.825946
33955: 0.825951
33956: 0.825956
33957: 0.825961
33958: 0.825967
33959: 0.825972
33960: 0.825947
33961: 0.825923
33962: 0.825928
33963: 0.825933
33964: 0.825938
33965: 0.825944
33966: 0.825949
33967: 0.825954
33968: 0.825959
33969: 0.825964
33970: 0.825969
33971: 0.825974
33972: 0.825979
33973: 0.825985
33974: 0.82599
33975: 0.825995
33976: 0.826
33977: 0.826005
33978: 0.82601
33979: 0.826015
33980: 0.82602
33981: 0.826026
33982: 0.826001
33983: 0.825977
33984: 0.825982
33985: 0.825987
33986: 0.825963
33987: 0.825968
33988: 0.825973
33989: 0.825978
33990: 0.825954
33991: 0.825959
33992: 0.825964
33993: 0.825969
33994: 0.825974
33995: 0.82598
33996: 0.825985
33997: 0.82599
33998: 0.825995
33999: 0.826
34000: 0.826005
34001: 0.82601
34002: 0.826015
34003: 0.82602
34004: 0.826026
34005: 0.826031
34006: 0.826036
34007: 0.826041
34008: 0.826046
34009: 0.826051
34010: 0.826056
34011: 0.826061
34012: 0.826037
34013: 0.826042
34014: 0.826047
34015: 0.826052
34016: 0.826058
34017: 0.826063
34018: 0.826068
34019: 0.826073
34020: 0.826049
34021: 0.826054
34022: 0.826059
34023: 0.826035
34024: 0.82601
34025: 0.826015
34026: 0.826021
34027: 0.826026
34028: 0.826031
34029: 0.826036
34030: 0.826041
34031: 0.826046
34032: 0.826051
34033: 0.826056
34034: 0.826032
34035: 0.826037
34036: 0.826013
34037: 0.825989
34038: 0.825994
34039: 0.825999
34040: 0.826004
34041: 0.826009
34042: 0.826014
34043: 0.82599
34044: 0.825995
34045: 0.826
34046: 0.826005
34047: 0.825981
34048: 0.825986
34049: 0.825991
34050: 0.825996
34051: 0.826001
34052: 0.826007
34053: 0.826012
34054: 0.826017
34055: 0.826022
34056: 0.826027
34057: 0.826032
34058: 0.826037
34059: 0.826042
34060: 0.826047
34061: 0.826052
34062: 0.826058
34063: 0.826063
34064: 0.826068
34065: 0.826073
34066: 0.826049
34067: 0.826054
34068: 0.826059
34069: 0.826064
34070: 0.826069
34071: 0.826074
34072: 0.826079
34073: 0.826084
34074: 0.82609
34075: 0.826095
34076: 0.8261
34077: 0.826105
34078: 0.826081
34079: 0.826086
34080: 0.826091
34081: 0.826096
34082: 0.826101
34083: 0.826106
34084: 0.826111
34085: 0.826116
34086: 0.826092
34087: 0.826097
34088: 0.826102
34089: 0.826107
34090: 0.826112
34091: 0.826118
34092: 0.826123
34093: 0.826128
34094: 0.826104
34095: 0.826109
34096: 0.826114
34097: 0.82609
34098: 0.826095
34099: 0.8261
34100: 0.826105
34101: 0.82611
34102: 0.826086
34103: 0.826091
34104: 0.826067
34105: 0.826072
34106: 0.826077
34107: 0.826082
34108: 0.826087
34109: 0.826092
34110: 0.826097
34111: 0.826102
34112: 0.826107
34113: 0.826112
34114: 0.826118
34115: 0.826123
34116: 0.826128
34117: 0.826133
34118: 0.826138
34119: 0.826143
34120: 0.826148
34121: 0.826153
34122: 0.826158
34123: 0.826163
34124: 0.826168
34125: 0.826174
34126: 0.826149
34127: 0.826125
34128: 0.826101
34129: 0.826077
34130: 0.826082
34131: 0.826087
34132: 0.826092
34133: 0.826097
34134: 0.826073
34135: 0.826078
34136: 0.826083
34137: 0.826088
34138: 0.826093
34139: 0.826098
34140: 0.826104
34141: 0.826079
34142: 0.826084
34143: 0.82609
34144: 0.826095
34145: 0.82607
34146: 0.826046
34147: 0.826051
34148: 0.826056
34149: 0.826061
34150: 0.826067
34151: 0.826072
34152: 0.826047
34153: 0.826053
34154: 0.826058
34155: 0.826063
34156: 0.826068
34157: 0.826073
34158: 0.826078
34159: 0.826083
34160: 0.826088
34161: 0.826064
34162: 0.826069
34163: 0.826074
34164: 0.826079
34165: 0.826055
34166: 0.826031
34167: 0.826036
34168: 0.826041
34169: 0.826017
34170: 0.826022
34171: 0.826027
34172: 0.826032
34173: 0.826037
34174: 0.826042
34175: 0.826048
34176: 0.826053
34177: 0.826028
34178: 0.826034
34179: 0.826039
34180: 0.826044
34181: 0.826049
34182: 0.826054
34183: 0.826059
34184: 0.826064
34185: 0.826069
34186: 0.826074
34187: 0.826079
34188: 0.826084
34189: 0.826089
34190: 0.826095
34191: 0.8261
34192: 0.826105
34193: 0.82611
34194: 0.826115
34195: 0.82612
34196: 0.826125
34197: 0.82613
34198: 0.826135
34199: 0.82614
34200: 0.826145
34201: 0.826151
34202: 0.826156
34203: 0.826161
34204: 0.826166
34205: 0.826171
34206: 0.826176
34207: 0.826181
34208: 0.826186
34209: 0.826191
34210: 0.826196
34211: 0.826201
34212: 0.826206
34213: 0.826211
34214: 0.826217
34215: 0.826192
34216: 0.826198
34217: 0.826203
34218: 0.826208
34219: 0.826213
34220: 0.826218
34221: 0.826223
34222: 0.826228
34223: 0.826233
34224: 0.826238
34225: 0.826243
34226: 0.826219
34227: 0.826224
34228: 0.826229
34229: 0.826234
34230: 0.826239
34231: 0.826244
34232: 0.82625
34233: 0.826255
34234: 0.82623
34235: 0.826236
34236: 0.826241
34237: 0.826246
34238: 0.826251
34239: 0.826256
34240: 0.826261
34241: 0.826266
34242: 0.826271
34243: 0.826276
34244: 0.826252
34245: 0.826257
34246: 0.826262
34247: 0.826267
34248: 0.826272
34249: 0.826277
34250: 0.826282
34251: 0.826288
34252: 0.826293
34253: 0.826298
34254: 0.826303
34255: 0.826279
34256: 0.826284
34257: 0.826289
34258: 0.826294
34259: 0.82627
34260: 0.826275
34261: 0.82628
34262: 0.826285
34263: 0.82629
34264: 0.826295
34265: 0.8263
34266: 0.826305
34267: 0.82631
34268: 0.826315
34269: 0.82632
34270: 0.826325
34271: 0.826331
34272: 0.826336
34273: 0.826341
34274: 0.826346
34275: 0.826322
34276: 0.826327
34277: 0.826332
34278: 0.826337
34279: 0.826342
34280: 0.826347
34281: 0.826352
34282: 0.826357
34283: 0.826362
34284: 0.826367
34285: 0.826372
34286: 0.826377
34287: 0.826382
34288: 0.826387
34289: 0.826363
34290: 0.826368
34291: 0.826344
34292: 0.82632
34293: 0.826296
34294: 0.826301
34295: 0.826277
34296: 0.826282
34297: 0.826287
34298: 0.826292
34299: 0.826297
34300: 0.826302
34301: 0.826308
34302: 0.826313
34303: 0.826318
34304: 0.826323
34305: 0.826328
34306: 0.826333
34307: 0.826338
34308: 0.826343
34309: 0.826348
34310: 0.826353
34311: 0.826358
34312: 0.826363
34313: 0.826368
34314: 0.826373
34315: 0.826378
34316: 0.826383
34317: 0.826388
34318: 0.826364
34319: 0.826369
34320: 0.826375
34321: 0.82638
34322: 0.826385
34323: 0.82639
34324: 0.826395
34325: 0.8264
34326: 0.826405
34327: 0.826381
34328: 0.826357
34329: 0.826362
34330: 0.826367
34331: 0.826372
34332: 0.826377
34333: 0.826382
34334: 0.826387
34335: 0.826392
34336: 0.826397
34337: 0.826402
34338: 0.826407
34339: 0.826412
34340: 0.826417
34341: 0.826422
34342: 0.826398
34343: 0.826374
34344: 0.82635
34345: 0.826355
34346: 0.82636
34347: 0.826336
34348: 0.826341
34349: 0.826346
34350: 0.826351
34351: 0.826357
34352: 0.826362
34353: 0.826367
34354: 0.826372
34355: 0.826377
34356: 0.826382
34357: 0.826387
34358: 0.826392
34359: 0.826397
34360: 0.826402
34361: 0.826407
34362: 0.826412
34363: 0.826417
34364: 0.826422
34365: 0.826427
34366: 0.826432
34367: 0.826437
34368: 0.826442
34369: 0.826447
34370: 0.826453
34371: 0.826458
34372: 0.826463
34373: 0.826468
34374: 0.826473
34375: 0.826478
34376: 0.826483
34377: 0.826488
34378: 0.826464
34379: 0.826469
34380: 0.826474
34381: 0.826479
34382: 0.826484
34383: 0.826489
34384: 0.826494
34385: 0.826499
34386: 0.826475
34387: 0.82648
34388: 0.826485
34389: 0.82649
34390: 0.826495
34391: 0.8265
34392: 0.826505
34393: 0.82651
34394: 0.826515
34395: 0.826521
34396: 0.826496
34397: 0.826502
34398: 0.826507
34399: 0.826512
34400: 0.826517
34401: 0.826522
34402: 0.826527
34403: 0.826532
34404: 0.826537
34405: 0.826542
34406: 0.826547
34407: 0.826552
34408: 0.826557
34409: 0.826562
34410: 0.826538
34411: 0.826514
34412: 0.826519
34413: 0.826524
34414: 0.826529
34415: 0.826534
34416: 0.826539
34417: 0.826544
34418: 0.826549
34419: 0.826554
34420: 0.826559
34421: 0.826564
34422: 0.826569
34423: 0.826574
34424: 0.82658
34425: 0.826585
34426: 0.82659
34427: 0.826595
34428: 0.8266
34429: 0.826605
34430: 0.82661
34431: 0.826615
34432: 0.82662
34433: 0.826625
34434: 0.826601
34435: 0.826577
34436: 0.826582
34437: 0.826558
34438: 0.826534
34439: 0.826539
34440: 0.826544
34441: 0.826549
34442: 0.826554
34443: 0.826559
34444: 0.826564
34445: 0.826569
34446: 0.826574
34447: 0.826579
34448: 0.826555
34449: 0.826531
34450: 0.826536
34451: 0.826541
34452: 0.826546
34453: 0.826551
34454: 0.826556
34455: 0.826561
34456: 0.826566
34457: 0.826571
34458: 0.826577
34459: 0.826582
34460: 0.826587
34461: 0.826592
34462: 0.826597
34463: 0.826602
34464: 0.826607
34465: 0.826612
34466: 0.826617
34467: 0.826622
34468: 0.826627
34469: 0.826632
34470: 0.826637
34471: 0.826642
34472: 0.826647
34473: 0.826652
34474: 0.826657
34475: 0.826662
34476: 0.826667
34477: 0.826672
34478: 0.826677
34479: 0.826653
34480: 0.826658
34481: 0.826663
34482: 0.826668
34483: 0.826673
34484: 0.826678
34485: 0.826654
34486: 0.82663
34487: 0.826606
34488: 0.826582
34489: 0.826587
34490: 0.826592
34491: 0.826597
34492: 0.826602
34493: 0.826608
34494: 0.826613
34495: 0.826618
34496: 0.826623
34497: 0.826628
34498: 0.826633
34499: 0.826638
34500: 0.826643
34501: 0.826648
34502: 0.826653
34503: 0.826629
34504: 0.826605
34505: 0.82661
34506: 0.826615
34507: 0.82662
34508: 0.826625
34509: 0.82663
34510: 0.826635
34511: 0.82664
34512: 0.826616
34513: 0.826592
34514: 0.826597
34515: 0.826602
34516: 0.826578
34517: 0.826583
34518: 0.826588
34519: 0.826593
34520: 0.826598
34521: 0.826603
34522: 0.826608
34523: 0.826613
34524: 0.826618
34525: 0.826623
34526: 0.826628
34527: 0.826633
34528: 0.826638
34529: 0.826643
34530: 0.826649
34531: 0.826654
34532: 0.826659
34533: 0.826664
34534: 0.82664
34535: 0.826645
34536: 0.826621
34537: 0.826597
34538: 0.826602
34539: 0.826607
34540: 0.826612
34541: 0.826617
34542: 0.826622
34543: 0.826627
34544: 0.826632
34545: 0.826637
34546: 0.826642
34547: 0.826647
34548: 0.826652
34549: 0.826657
34550: 0.826662
34551: 0.826667
34552: 0.826672
34553: 0.826677
34554: 0.826682
34555: 0.826687
34556: 0.826692
34557: 0.826697
34558: 0.826702
34559: 0.826707
34560: 0.826712
34561: 0.826717
34562: 0.826693
34563: 0.826698
34564: 0.826703
34565: 0.826708
34566: 0.826713
34567: 0.826718
34568: 0.826723
34569: 0.826728
34570: 0.826733
34571: 0.826738
34572: 0.826714
34573: 0.82672
34574: 0.826725
34575: 0.82673
34576: 0.826735
34577: 0.82674
34578: 0.826745
34579: 0.82675
34580: 0.826755
34581: 0.82676
34582: 0.826765
34583: 0.82677
34584: 0.826775
34585: 0.82678
34586: 0.826785
34587: 0.82679
34588: 0.826795
34589: 0.8268
34590: 0.826805
34591: 0.82681
34592: 0.826815
34593: 0.82682
34594: 0.826825
34595: 0.82683
34596: 0.826835
34597: 0.82684
34598: 0.826845
34599: 0.82685
34600: 0.826855
34601: 0.82686
34602: 0.826865
34603: 0.826841
34604: 0.826846
34605: 0.826851
34606: 0.826856
34607: 0.826861
34608: 0.826866
34609: 0.826871
34610: 0.826876
34611: 0.826881
34612: 0.826886
34613: 0.826891
34614: 0.826867
34615: 0.826872
34616: 0.826877
34617: 0.826882
34618: 0.826887
34619: 0.826892
34620: 0.826897
34621: 0.826902
34622: 0.826907
34623: 0.826912
34624: 0.826917
34625: 0.826893
34626: 0.826869
34627: 0.826845
34628: 0.82685
34629: 0.826855
34630: 0.826831
34631: 0.826836
34632: 0.826841
34633: 0.826846
34634: 0.826851
34635: 0.826828
34636: 0.826833
34637: 0.826838
34638: 0.826843
34639: 0.826848
34640: 0.826853
34641: 0.826858
34642: 0.826834
34643: 0.82681
34644: 0.826815
34645: 0.82682
34646: 0.826825
34647: 0.82683
34648: 0.826835
34649: 0.82684
34650: 0.826845
34651: 0.82685
34652: 0.826855
34653: 0.82686
34654: 0.826836
34655: 0.826812
34656: 0.826817
34657: 0.826822
34658: 0.826827
34659: 0.826832
34660: 0.826808
34661: 0.826784
34662: 0.826789
34663: 0.826794
34664: 0.826799
34665: 0.826776
34666: 0.826781
34667: 0.826786
34668: 0.826791
34669: 0.826796
34670: 0.8268
34671: 0.826805
34672: 0.82681
34673: 0.826815
34674: 0.82682
34675: 0.826825
34676: 0.82683
34677: 0.826835
34678: 0.82684
34679: 0.826845
34680: 0.82685
34681: 0.826855
34682: 0.82686
34683: 0.826865
34684: 0.82687
34685: 0.826875
34686: 0.82688
34687: 0.826885
34688: 0.82689
34689: 0.826895
34690: 0.8269
34691: 0.826905
34692: 0.826882
34693: 0.826858
34694: 0.826834
34695: 0.826839
34696: 0.826844
34697: 0.826849
34698: 0.826854
34699: 0.826859
34700: 0.826864
34701: 0.826869
34702: 0.826874
34703: 0.82685
34704: 0.826855
34705: 0.82686
34706: 0.826865
34707: 0.82687
34708: 0.826846
34709: 0.826822
34710: 0.826827
34711: 0.826832
34712: 0.826808
34713: 0.826785
34714: 0.826761
34715: 0.826766
34716: 0.826771
34717: 0.826776
34718: 0.826781
34719: 0.826786
34720: 0.826791
34721: 0.826796
34722: 0.826801
34723: 0.826777
34724: 0.826782
34725: 0.826758
34726: 0.826763
34727: 0.826768
34728: 0.826773
34729: 0.826778
34730: 0.826783
34731: 0.826788
34732: 0.826764
34733: 0.82674
34734: 0.826717
34735: 0.826722
34736: 0.826727
34737: 0.826732
34738: 0.826708
34739: 0.826684
34740: 0.826689
34741: 0.826665
34742: 0.82667
34743: 0.826675
34744: 0.82668
34745: 0.826685
34746: 0.82669
34747: 0.826695
34748: 0.8267
34749: 0.826676
34750: 0.826652
34751: 0.826657
34752: 0.826662
34753: 0.826639
34754: 0.826644
34755: 0.826649
34756: 0.826654
34757: 0.826659
34758: 0.826635
34759: 0.82664
34760: 0.826645
34761: 0.82665
34762: 0.826655
34763: 0.82666
34764: 0.826665
34765: 0.82667
34766: 0.826675
34767: 0.82668
34768: 0.826685
34769: 0.826661
34770: 0.826666
34771: 0.826671
34772: 0.826676
34773: 0.826681
34774: 0.826686
34775: 0.826691
34776: 0.826696
34777: 0.826701
34778: 0.826706
34779: 0.826711
34780: 0.826716
34781: 0.826721
34782: 0.826726
34783: 0.826731
34784: 0.826736
34785: 0.826741
34786: 0.826746
34787: 0.826722
34788: 0.826698
34789: 0.826674
34790: 0.826679
34791: 0.826684
34792: 0.826689
34793: 0.826694
34794: 0.82667
34795: 0.826675
34796: 0.826652
34797: 0.826657
34798: 0.826662
34799: 0.826667
34800: 0.826672
34801: 0.826677
34802: 0.826682
34803: 0.826687
34804: 0.826692
34805: 0.826697
34806: 0.826702
34807: 0.826707
34808: 0.826711
34809: 0.826716
34810: 0.826693
34811: 0.826698
34812: 0.826703
34813: 0.826708
34814: 0.826713
34815: 0.826718
34816: 0.826723
34817: 0.826728
34818: 0.826733
34819: 0.826738
34820: 0.826742
34821: 0.826719
34822: 0.826695
34823: 0.826671
34824: 0.826648
34825: 0.826624
34826: 0.826629
34827: 0.826634
34828: 0.826639
34829: 0.826644
34830: 0.826649
34831: 0.826654
34832: 0.826659
34833: 0.826664
34834: 0.826669
34835: 0.826674
34836: 0.826679
34837: 0.826684
34838: 0.826688
34839: 0.826665
34840: 0.82667
34841: 0.826675
34842: 0.826651
34843: 0.826656
34844: 0.826661
34845: 0.826666
34846: 0.826671
34847: 0.826676
34848: 0.826681
34849: 0.826686
34850: 0.826691
34851: 0.826667
34852: 0.826672
34853: 0.826677
34854: 0.826682
34855: 0.826687
34856: 0.826692
34857: 0.826697
34858: 0.826702
34859: 0.826707
34860: 0.826712
34861: 0.826717
34862: 0.826722
34863: 0.826698
34864: 0.826674
34865: 0.826679
34866: 0.826684
34867: 0.826689
34868: 0.826694
34869: 0.826699
34870: 0.826704
34871: 0.826709
34872: 0.826685
34873: 0.826662
34874: 0.826638
34875: 0.826614
34876: 0.826619
34877: 0.826624
34878: 0.826629
34879: 0.826634
34880: 0.826639
34881: 0.826644
34882: 0.826649
34883: 0.826654
34884: 0.826659
34885: 0.826664
34886: 0.826669
34887: 0.826674
34888: 0.826679
34889: 0.826684
34890: 0.826689
34891: 0.826694
34892: 0.826699
34893: 0.826675
34894: 0.82668
34895: 0.826685
34896: 0.82669
34897: 0.826695
34898: 0.826671
34899: 0.826676
34900: 0.826653
34901: 0.826629
34902: 0.826634
34903: 0.826639
34904: 0.826644
34905: 0.826649
34906: 0.826654
34907: 0.82663
34908: 0.826606
34909: 0.826583
34910: 0.826559
34911: 0.826564
34912: 0.826569
34913: 0.826545
34914: 0.82655
34915: 0.826555
34916: 0.82656
34917: 0.826565
34918: 0.82657
34919: 0.826575
34920: 0.82658
34921: 0.826585
34922: 0.82659
34923: 0.826595
34924: 0.8266
34925: 0.826605
34926: 0.826581
34927: 0.826586
34928: 0.826591
34929: 0.826596
34930: 0.826601
34931: 0.826606
34932: 0.826611
34933: 0.826616
34934: 0.826621
34935: 0.826626
34936: 0.826631
34937: 0.826636
34938: 0.826641
34939: 0.826646
34940: 0.826651
34941: 0.826656
34942: 0.826661
34943: 0.826666
34944: 0.82667
34945: 0.826675
34946: 0.82668
34947: 0.826685
34948: 0.82669
34949: 0.826667
34950: 0.826672
34951: 0.826677
34952: 0.826682
34953: 0.826687
34954: 0.826691
34955: 0.826696
34956: 0.826701
34957: 0.826706
34958: 0.826711
34959: 0.826716
34960: 0.826693
34961: 0.826698
34962: 0.826674
34963: 0.826679
34964: 0.826684
34965: 0.826689
34966: 0.826694
34967: 0.826699
34968: 0.826704
34969: 0.826709
34970: 0.826714
34971: 0.826719
34972: 0.826723
34973: 0.826728
34974: 0.826733
34975: 0.826738
34976: 0.826743
34977: 0.826748
34978: 0.826753
34979: 0.826758
34980: 0.826763
34981: 0.826768
34982: 0.826773
34983: 0.826778
34984: 0.826783
34985: 0.826759
34986: 0.826736
34987: 0.826741
34988: 0.826746
34989: 0.826751
34990: 0.826755
34991: 0.82676
34992: 0.826765
34993: 0.82677
34994: 0.826775
34995: 0.82678
34996: 0.826785
34997: 0.82679
34998: 0.826795
34999: 0.8268
35000: 0.826805
35001: 0.82681
35002: 0.826786
35003: 0.826791
35004: 0.826796
35005: 0.826801
35006: 0.826806
35007: 0.826811
35008: 0.826816
35009: 0.826821
35010: 0.826826
35011: 0.826831
35012: 0.826807
35013: 0.826784
35014: 0.826789
35015: 0.826793
35016: 0.826798
35017: 0.826803
35018: 0.826808
35019: 0.826813
35020: 0.826818
35021: 0.826795
35022: 0.826771
35023: 0.826776
35024: 0.826781
35025: 0.826786
35026: 0.826791
35027: 0.826796
35028: 0.826801
35029: 0.826806
35030: 0.826811
35031: 0.826815
35032: 0.82682
35033: 0.826797
35034: 0.826802
35035: 0.826807
35036: 0.826812
35037: 0.826817
35038: 0.826822
35039: 0.826826
35040: 0.826831
35041: 0.826836
35042: 0.826841
35043: 0.826846
35044: 0.826851
35045: 0.826856
35046: 0.826861
35047: 0.826866
35048: 0.826871
35049: 0.826876
35050: 0.826881
35051: 0.826886
35052: 0.826891
35053: 0.826896
35054: 0.826901
35055: 0.826906
35056: 0.82691
35057: 0.826915
35058: 0.82692
35059: 0.826925
35060: 0.82693
35061: 0.826935
35062: 0.82694
35063: 0.826945
35064: 0.82695
35065: 0.826955
35066: 0.82696
35067: 0.826965
35068: 0.826941
35069: 0.826946
35070: 0.826951
35071: 0.826956
35072: 0.826961
35073: 0.826966
35074: 0.826971
35075: 0.826976
35076: 0.826981
35077: 0.826986
35078: 0.826991
35079: 0.826995
35080: 0.827
35081: 0.827005
35082: 0.82701
35083: 0.827015
35084: 0.82702
35085: 0.827025
35086: 0.82703
35087: 0.827035
35088: 0.82704
35089: 0.827045
35090: 0.82705
35091: 0.827026
35092: 0.827003
35093: 0.826979
35094: 0.826955
35095: 0.82696
35096: 0.826965
35097: 0.82697
35098: 0.826975
35099: 0.82698
35100: 0.826985
35101: 0.82699
35102: 0.826995
35103: 0.827
35104: 0.827005
35105: 0.82701
35106: 0.827015
35107: 0.827019
35108: 0.827024
35109: 0.827029
35110: 0.827034
35111: 0.827011
35112: 0.826987
35113: 0.826992
35114: 0.826997
35115: 0.827002
35116: 0.827007
35117: 0.827012
35118: 0.827017
35119: 0.827022
35120: 0.827027
35121: 0.827031
35122: 0.827036
35123: 0.827041
35124: 0.827018
35125: 0.827023
35126: 0.827028
35127: 0.827033
35128: 0.827037
35129: 0.827042
35130: 0.827019
35131: 0.827024
35132: 0.827029
35133: 0.827034
35134: 0.827039
35135: 0.827043
35136: 0.827048
35137: 0.827053
35138: 0.827058
35139: 0.827063
35140: 0.827068
35141: 0.827045
35142: 0.827021
35143: 0.827026
35144: 0.827031
35145: 0.827036
35146: 0.827041
35147: 0.827017
35148: 0.827022
35149: 0.827027
35150: 0.827032
35151: 0.827008
35152: 0.827013
35153: 0.827018
35154: 0.826995
35155: 0.826971
35156: 0.826976
35157: 0.826981
35158: 0.826986
35159: 0.826962
35160: 0.826939
35161: 0.826915
35162: 0.82692
35163: 0.826925
35164: 0.82693
35165: 0.826935
35166: 0.82694
35167: 0.826945
35168: 0.82695
35169: 0.826955
35170: 0.82696
35171: 0.826965
35172: 0.82697
35173: 0.826974
35174: 0.826979
35175: 0.826984
35176: 0.826989
35177: 0.826994
35178: 0.826971
35179: 0.826947
35180: 0.826952
35181: 0.826957
35182: 0.826962
35183: 0.826938
35184: 0.826943
35185: 0.826948
35186: 0.826953
35187: 0.826958
35188: 0.826963
35189: 0.826939
35190: 0.826944
35191: 0.826949
35192: 0.826926
35193: 0.826902
35194: 0.826879
35195: 0.826884
35196: 0.826889
35197: 0.826894
35198: 0.826898
35199: 0.826903
35200: 0.826908
35201: 0.826885
35202: 0.826861
35203: 0.826838
35204: 0.826814
35205: 0.826819
35206: 0.826796
35207: 0.826801
35208: 0.826777
35209: 0.826782
35210: 0.826787
35211: 0.826792
35212: 0.826797
35213: 0.826802
35214: 0.826807
35215: 0.826812
35216: 0.826817
35217: 0.826822
35218: 0.826826
35219: 0.826831
35220: 0.826836
35221: 0.826841
35222: 0.826846
35223: 0.826851
35224: 0.826856
35225: 0.826861
35226: 0.826866
35227: 0.826871
35228: 0.826876
35229: 0.826852
35230: 0.826829
35231: 0.826834
35232: 0.826838
35233: 0.826843
35234: 0.826848
35235: 0.826853
35236: 0.826858
35237: 0.826835
35238: 0.82684
35239: 0.826844
35240: 0.826821
35241: 0.826798
35242: 0.826774
35243: 0.826779
35244: 0.826784
35245: 0.826789
35246: 0.826794
35247: 0.826799
35248: 0.826804
35249: 0.826809
35250: 0.826813
35251: 0.826818
35252: 0.826823
35253: 0.8268
35254: 0.826776
35255: 0.826781
35256: 0.826786
35257: 0.826791
35258: 0.826796
35259: 0.826773
35260: 0.826777
35261: 0.826782
35262: 0.826787
35263: 0.826792
35264: 0.826797
35265: 0.826802
35266: 0.826807
35267: 0.826812
35268: 0.826817
35269: 0.826822
35270: 0.826827
35271: 0.826831
35272: 0.826836
35273: 0.826841
35274: 0.826846
35275: 0.826851
35276: 0.826856
35277: 0.826861
35278: 0.826866
35279: 0.826871
35280: 0.826876
35281: 0.826881
35282: 0.826885
35283: 0.82689
35284: 0.826895
35285: 0.8269
35286: 0.826905
35287: 0.82691
35288: 0.826915
35289: 0.82692
35290: 0.826896
35291: 0.826901
35292: 0.826906
35293: 0.826911
35294: 0.826916
35295: 0.826921
35296: 0.826926
35297: 0.826931
35298: 0.826936
35299: 0.826941
35300: 0.826945
35301: 0.82695
35302: 0.826955
35303: 0.82696
35304: 0.826965
35305: 0.826942
35306: 0.826918
35307: 0.826895
35308: 0.8269
35309: 0.826905
35310: 0.826909
35311: 0.826914
35312: 0.826919
35313: 0.826896
35314: 0.826901
35315: 0.826906
35316: 0.826911
35317: 0.826915
35318: 0.826892
35319: 0.826897
35320: 0.826902
35321: 0.826907
35322: 0.826883
35323: 0.826888
35324: 0.826893
35325: 0.826898
35326: 0.826875
35327: 0.826851
35328: 0.826856
35329: 0.826861
35330: 0.826838
35331: 0.826814
35332: 0.826791
35333: 0.826796
35334: 0.826801
35335: 0.826806
35336: 0.82681
35337: 0.826815
35338: 0.82682
35339: 0.826825
35340: 0.82683
35341: 0.826835
35342: 0.82684
35343: 0.826816
35344: 0.826793
35345: 0.82677
35346: 0.826746
35347: 0.826751
35348: 0.826756
35349: 0.826761
35350: 0.826766
35351: 0.826771
35352: 0.826747
35353: 0.826752
35354: 0.826757
35355: 0.826762
35356: 0.826767
35357: 0.826772
35358: 0.826777
35359: 0.826782
35360: 0.826787
35361: 0.826791
35362: 0.826796
35363: 0.826801
35364: 0.826806
35365: 0.826783
35366: 0.826759
35367: 0.826764
35368: 0.826769
35369: 0.826774
35370: 0.826779
35371: 0.826784
35372: 0.826789
35373: 0.826765
35374: 0.826742
35375: 0.826747
35376: 0.826752
35377: 0.826757
35378: 0.826762
35379: 0.826738
35380: 0.826715
35381: 0.82672
35382: 0.826725
35383: 0.82673
35384: 0.826734
35385: 0.826711
35386: 0.826688
35387: 0.826664
35388: 0.826669
35389: 0.826674
35390: 0.826679
35391: 0.826684
35392: 0.826689
35393: 0.826694
35394: 0.826699
35395: 0.826704
35396: 0.826708
35397: 0.826713
35398: 0.82669
35399: 0.826667
35400: 0.826672
35401: 0.826676
35402: 0.826681
35403: 0.826686
35404: 0.826691
35405: 0.826696
35406: 0.826701
35407: 0.826706
35408: 0.826682
35409: 0.826687
35410: 0.826692
35411: 0.826669
35412: 0.826646
35413: 0.82665
35414: 0.826655
35415: 0.82666
35416: 0.826665
35417: 0.82667
35418: 0.826675
35419: 0.82668
35420: 0.826685
35421: 0.82669
35422: 0.826666
35423: 0.826671
35424: 0.826648
35425: 0.826653
35426: 0.826658
35427: 0.826663
35428: 0.826667
35429: 0.826672
35430: 0.826677
35431: 0.826654
35432: 0.826631
35433: 0.826635
35434: 0.826612
35435: 0.826617
35436: 0.826622
35437: 0.826627
35438: 0.826603
35439: 0.826608
35440: 0.826613
35441: 0.826618
35442: 0.826623
35443: 0.8266
35444: 0.826576
35445: 0.826553
35446: 0.82653
35447: 0.826535
35448: 0.82654
35449: 0.826544
35450: 0.826549
35451: 0.826554
35452: 0.826559
35453: 0.826564
35454: 0.826569
35455: 0.826546
35456: 0.82655
35457: 0.826555
35458: 0.82656
35459: 0.826565
35460: 0.82657
35461: 0.826575
35462: 0.82658
35463: 0.826585
35464: 0.82659
35465: 0.826594
35466: 0.826599
35467: 0.826604
35468: 0.826609
35469: 0.826614
35470: 0.826619
35471: 0.826624
35472: 0.826629
35473: 0.826634
35474: 0.82661
35475: 0.826615
35476: 0.82662
35477: 0.826625
35478: 0.82663
35479: 0.826635
35480: 0.82664
35481: 0.826644
35482: 0.826649
35483: 0.826654
35484: 0.826631
35485: 0.826636
35486: 0.826641
35487: 0.826646
35488: 0.826651
35489: 0.826655
35490: 0.82666
35491: 0.826637
35492: 0.826642
35493: 0.826647
35494: 0.826652
35495: 0.826657
35496: 0.826661
35497: 0.826666
35498: 0.826671
35499: 0.826676
35500: 0.826681
35501: 0.826686
35502: 0.826691
35503: 0.826696
35504: 0.8267
35505: 0.826705
35506: 0.82671
35507: 0.826715
35508: 0.82672
35509: 0.826725
35510: 0.826702
35511: 0.826678
35512: 0.826683
35513: 0.826688
35514: 0.826693
35515: 0.82667
35516: 0.826646
35517: 0.826651
35518: 0.826656
35519: 0.826661
35520: 0.826666
35521: 0.826671
35522: 0.826676
35523: 0.826681
35524: 0.826685
35525: 0.82669
35526: 0.826695
35527: 0.8267
35528: 0.826677
35529: 0.826654
35530: 0.82663
35531: 0.826635
35532: 0.82664
35533: 0.826645
35534: 0.826622
35535: 0.826627
35536: 0.826631
35537: 0.826636
35538: 0.826641
35539: 0.826646
35540: 0.826651
35541: 0.826656
35542: 0.826661
35543: 0.826666
35544: 0.82667
35545: 0.826675
35546: 0.82668
35547: 0.826685
35548: 0.826662
35549: 0.826639
35550: 0.826615
35551: 0.826592
35552: 0.826597
35553: 0.826602
35554: 0.826607
35555: 0.826612
35556: 0.826616
35557: 0.826621
35558: 0.826626
35559: 0.826631
35560: 0.826608
35561: 0.826613
35562: 0.826618
35563: 0.826622
35564: 0.826627
35565: 0.826604
35566: 0.826581
35567: 0.826558
35568: 0.826562
35569: 0.826539
35570: 0.826544
35571: 0.826549
35572: 0.826554
35573: 0.826559
35574: 0.826564
35575: 0.826568
35576: 0.826573
35577: 0.826578
35578: 0.826583
35579: 0.826588
35580: 0.826593
35581: 0.826598
35582: 0.826603
35583: 0.826607
35584: 0.826612
35585: 0.826617
35586: 0.826622
35587: 0.826599
35588: 0.826576
35589: 0.826581
35590: 0.826585
35591: 0.82659
35592: 0.826567
35593: 0.826572
35594: 0.826577
35595: 0.826582
35596: 0.826587
35597: 0.826591
35598: 0.826596
35599: 0.826573
35600: 0.826578
35601: 0.826583
35602: 0.826588
35603: 0.826593
35604: 0.826597
35605: 0.826602
35606: 0.826607
35607: 0.826612
35608: 0.826617
35609: 0.826622
35610: 0.826627
35611: 0.826631
35612: 0.826636
35613: 0.826613
35614: 0.826618
35615: 0.826623
35616: 0.826628
35617: 0.826633
35618: 0.826637
35619: 0.826642
35620: 0.826647
35621: 0.826624
35622: 0.826629
35623: 0.826634
35624: 0.826639
35625: 0.826615
35626: 0.82662
35627: 0.826625
35628: 0.82663
35629: 0.826635
35630: 0.826612
35631: 0.826588
35632: 0.826593
35633: 0.826598
35634: 0.826603
35635: 0.826608
35636: 0.826613
35637: 0.826618
35638: 0.826623
35639: 0.826627
35640: 0.826604
35641: 0.826581
35642: 0.826586
35643: 0.826591
35644: 0.826596
35645: 0.8266
35646: 0.826605
35647: 0.82661
35648: 0.826615
35649: 0.82662
35650: 0.826625
35651: 0.82663
35652: 0.826635
35653: 0.826639
35654: 0.826644
35655: 0.826649
35656: 0.826654
35657: 0.826659
35658: 0.826664
35659: 0.826669
35660: 0.826673
35661: 0.826678
35662: 0.826655
35663: 0.826632
35664: 0.826637
35665: 0.826614
35666: 0.82659
35667: 0.826595
35668: 0.8266
35669: 0.826577
35670: 0.826554
35671: 0.826559
35672: 0.826535
35673: 0.82654
35674: 0.826545
35675: 0.82655
35676: 0.826555
35677: 0.82656
35678: 0.826565
35679: 0.82657
35680: 0.826546
35681: 0.826551
35682: 0.826556
35683: 0.826533
35684: 0.82651
35685: 0.826515
35686: 0.826519
35687: 0.826496
35688: 0.826501
35689: 0.826506
35690: 0.826511
35691: 0.826488
35692: 0.826493
35693: 0.826497
35694: 0.826502
35695: 0.826507
35696: 0.826484
35697: 0.826489
35698: 0.826494
35699: 0.826499
35700: 0.826475
35701: 0.826452
35702: 0.826429
35703: 0.826406
35704: 0.826383
35705: 0.826388
35706: 0.826393
35707: 0.826369
35708: 0.826346
35709: 0.826351
35710: 0.826356
35711: 0.826333
35712: 0.826338
35713: 0.826343
35714: 0.826319
35715: 0.826324
35716: 0.826329
35717: 0.826334
35718: 0.826339
35719: 0.826344
35720: 0.826349
35721: 0.826354
35722: 0.82633
35723: 0.826307
35724: 0.826284
35725: 0.826261
35726: 0.826266
35727: 0.826271
35728: 0.826276
35729: 0.82628
35730: 0.826285
35731: 0.826262
35732: 0.826239
35733: 0.826216
35734: 0.826193
35735: 0.826198
35736: 0.826203
35737: 0.826207
35738: 0.826212
35739: 0.826217
35740: 0.826222
35741: 0.826227
35742: 0.826232
35743: 0.826237
35744: 0.826241
35745: 0.826246
35746: 0.826251
35747: 0.826256
35748: 0.826261
35749: 0.826266
35750: 0.826271
35751: 0.826275
35752: 0.82628
35753: 0.826285
35754: 0.82629
35755: 0.826295
35756: 0.8263
35757: 0.826305
35758: 0.826281
35759: 0.826286
35760: 0.826263
35761: 0.826268
35762: 0.826273
35763: 0.826278
35764: 0.826283
35765: 0.826288
35766: 0.826292
35767: 0.826297
35768: 0.826302
35769: 0.826307
35770: 0.826312
35771: 0.826317
35772: 0.826322
35773: 0.826298
35774: 0.826303
35775: 0.826308
35776: 0.826313
35777: 0.82629
35778: 0.826295
35779: 0.8263
35780: 0.826304
35781: 0.826309
35782: 0.826314
35783: 0.826319
35784: 0.826324
35785: 0.826329
35786: 0.826306
35787: 0.826283
35788: 0.826259
35789: 0.826264
35790: 0.826269
35791: 0.826246
35792: 0.826251
35793: 0.826256
35794: 0.826261
35795: 0.826266
35796: 0.82627
35797: 0.826275
35798: 0.82628
35799: 0.826257
35800: 0.826234
35801: 0.826211
35802: 0.826216
35803: 0.826193
35804: 0.82617
35805: 0.826146
35806: 0.826123
35807: 0.826128
35808: 0.826133
35809: 0.826138
35810: 0.826143
35811: 0.826148
35812: 0.826153
35813: 0.826157
35814: 0.826162
35815: 0.826167
35816: 0.826144
35817: 0.826149
35818: 0.826154
35819: 0.826159
35820: 0.826163
35821: 0.82614
35822: 0.826145
35823: 0.82615
35824: 0.826155
35825: 0.82616
35826: 0.826165
35827: 0.826169
35828: 0.826174
35829: 0.826179
35830: 0.826184
35831: 0.826189
35832: 0.826194
35833: 0.826171
35834: 0.826176
35835: 0.82618
35836: 0.826185
35837: 0.82619
35838: 0.826195
35839: 0.8262
35840: 0.826205
35841: 0.826209
35842: 0.826214
35843: 0.826191
35844: 0.826168
35845: 0.826173
35846: 0.826178
35847: 0.826155
35848: 0.82616
35849: 0.826165
35850: 0.826169
35851: 0.826174
35852: 0.826179
35853: 0.826156
35854: 0.826161
35855: 0.826166
35856: 0.826143
35857: 0.82612
35858: 0.826125
35859: 0.826129
35860: 0.826134
35861: 0.826139
35862: 0.826144
35863: 0.826121
35864: 0.826098
35865: 0.826075
35866: 0.826052
35867: 0.826029
35868: 0.826006
35869: 0.825983
35870: 0.82596
35871: 0.825965
35872: 0.825969
35873: 0.825974
35874: 0.825979
35875: 0.825984
35876: 0.825989
35877: 0.825966
35878: 0.825943
35879: 0.82592
35880: 0.825897
35881: 0.825902
35882: 0.825879
35883: 0.825883
35884: 0.825888
35885: 0.825893
35886: 0.825898
35887: 0.825903
35888: 0.825908
35889: 0.825913
35890: 0.825917
35891: 0.825922
35892: 0.825927
35893: 0.825932
35894: 0.825937
35895: 0.825914
35896: 0.825891
35897: 0.825896
35898: 0.8259
35899: 0.825905
35900: 0.82591
35901: 0.825915
35902: 0.82592
35903: 0.825925
35904: 0.82593
35905: 0.825934
35906: 0.825939
35907: 0.825944
35908: 0.825949
35909: 0.825954
35910: 0.825959
35911: 0.825963
35912: 0.825968
35913: 0.825945
35914: 0.82595
35915: 0.825955
35916: 0.82596
35917: 0.825965
35918: 0.82597
35919: 0.825974
35920: 0.825979
35921: 0.825984
35922: 0.825989
35923: 0.825994
35924: 0.825999
35925: 0.826003
35926: 0.826008
35927: 0.826013
35928: 0.826018
35929: 0.826023
35930: 0.826028
35931: 0.826033
35932: 0.826037
35933: 0.826042
35934: 0.826047
35935: 0.826052
35936: 0.826057
35937: 0.826062
35938: 0.826066
35939: 0.826071
35940: 0.826076
35941: 0.826081
35942: 0.826086
35943: 0.826091
35944: 0.826095
35945: 0.8261
35946: 0.826077
35947: 0.826054
35948: 0.826031
35949: 0.826008
35950: 0.826013
35951: 0.826018
35952: 0.826023
35953: 0.826028
35954: 0.826033
35955: 0.826037
35956: 0.826042
35957: 0.826047
35958: 0.826024
35959: 0.826001
35960: 0.826006
35961: 0.826011
35962: 0.826016
35963: 0.82602
35964: 0.826025
35965: 0.82603
35966: 0.826035
35967: 0.82604
35968: 0.826045
35969: 0.826049
35970: 0.826054
35971: 0.826059
35972: 0.826064
35973: 0.826069
35974: 0.826074
35975: 0.826078
35976: 0.826056
35977: 0.82606
35978: 0.826065
35979: 0.82607
35980: 0.826075
35981: 0.82608
35982: 0.826085
35983: 0.826089
35984: 0.826094
35985: 0.826099
35986: 0.826104
35987: 0.826109
35988: 0.826086
35989: 0.826091
35990: 0.826095
35991: 0.826072
35992: 0.826077
35993: 0.826054
35994: 0.826059
35995: 0.826036
35996: 0.826013
35997: 0.82599
35998: 0.825995
35999: 0.826
36000: 0.826005
36001: 0.82601
36002: 0.826014
36003: 0.826019
36004: 0.826024
36005: 0.826029
36006: 0.826034
36007: 0.826039
36008: 0.826043
36009: 0.826048
36010: 0.826053
36011: 0.82603
36012: 0.826007
36013: 0.826012
36014: 0.826017
36015: 0.826022
36016: 0.826027
36017: 0.826031
36018: 0.826036
36019: 0.826041
36020: 0.826046
36021: 0.826051
36022: 0.826056
36023: 0.82606
36024: 0.826065
36025: 0.82607
36026: 0.826075
36027: 0.82608
36028: 0.826085
36029: 0.826089
36030: 0.826094
36031: 0.826071
36032: 0.826048
36033: 0.826053
36034: 0.826058
36035: 0.826063
36036: 0.826068
36037: 0.826045
36038: 0.826022
36039: 0.825999
36040: 0.826004
36041: 0.826009
36042: 0.826013
36043: 0.826018
36044: 0.826023
36045: 0.826028
36046: 0.826033
36047: 0.826038
36048: 0.826042
36049: 0.826047
36050: 0.826052
36051: 0.826057
36052: 0.826062
36053: 0.826066
36054: 0.826071
36055: 0.826076
36056: 0.826081
36057: 0.826086
36058: 0.826063
36059: 0.82604
36060: 0.826045
36061: 0.82605
36062: 0.826027
36063: 0.826004
36064: 0.826009
36065: 0.825986
36066: 0.825991
36067: 0.825995
36068: 0.826
36069: 0.826005
36070: 0.825982
36071: 0.825959
36072: 0.825964
36073: 0.825969
36074: 0.825974
36075: 0.825978
36076: 0.825983
36077: 0.825988
36078: 0.825993
36079: 0.825998
36080: 0.826003
36081: 0.826007
36082: 0.825985
36083: 0.825989
36084: 0.825994
36085: 0.825999
36086: 0.826004
36087: 0.826009
36088: 0.825986
36089: 0.825991
36090: 0.825995
36091: 0.826
36092: 0.826005
36093: 0.82601
36094: 0.826015
36095: 0.82602
36096: 0.826024
36097: 0.826029
36098: 0.826034
36099: 0.826011
36100: 0.825988
36101: 0.825965
36102: 0.82597
36103: 0.825975
36104: 0.82598
36105: 0.825985
36106: 0.825989
36107: 0.825994
36108: 0.825999
36109: 0.826004
36110: 0.826009
36111: 0.825986
36112: 0.825963
36113: 0.825968
36114: 0.825973
36115: 0.825977
36116: 0.825955
36117: 0.825959
36118: 0.825964
36119: 0.825969
36120: 0.825946
36121: 0.825951
36122: 0.825956
36123: 0.825961
36124: 0.825965
36125: 0.82597
36126: 0.825975
36127: 0.82598
36128: 0.825985
36129: 0.825989
36130: 0.825994
36131: 0.825999
36132: 0.826004
36133: 0.826009
36134: 0.826014
36135: 0.826018
36136: 0.826023
36137: 0.826028
36138: 0.826033
36139: 0.826038
36140: 0.826042
36141: 0.82602
36142: 0.825997
36143: 0.826002
36144: 0.826006
36145: 0.826011
36146: 0.826016
36147: 0.825993
36148: 0.825998
36149: 0.826003
36150: 0.826008
36151: 0.826012
36152: 0.826017
36153: 0.825994
36154: 0.825972
36155: 0.825949
36156: 0.825926
36157: 0.825903
36158: 0.82588
36159: 0.825885
36160: 0.82589
36161: 0.825895
36162: 0.825899
36163: 0.825877
36164: 0.825854
36165: 0.825859
36166: 0.825863
36167: 0.825868
36168: 0.825873
36169: 0.825878
36170: 0.825883
36171: 0.825887
36172: 0.825892
36173: 0.825897
36174: 0.825902
36175: 0.825907
36176: 0.825911
36177: 0.825916
36178: 0.825921
36179: 0.825926
36180: 0.825931
36181: 0.825936
36182: 0.82594
36183: 0.825945
36184: 0.82595
36185: 0.825927
36186: 0.825904
36187: 0.825909
36188: 0.825914
36189: 0.825919
36190: 0.825924
36191: 0.825928
36192: 0.825933
36193: 0.825938
36194: 0.825943
36195: 0.825948
36196: 0.825952
36197: 0.825957
36198: 0.825962
36199: 0.825967
36200: 0.825972
36201: 0.825976
36202: 0.825981
36203: 0.825986
36204: 0.825963
36205: 0.825968
36206: 0.825973
36207: 0.82595
36208: 0.825955
36209: 0.82596
36210: 0.825964
36211: 0.825969
36212: 0.825974
36213: 0.825979
36214: 0.825984
36215: 0.825989
36216: 0.825993
36217: 0.825998
36218: 0.826003
36219: 0.826008
36220: 0.826013
36221: 0.826017
36222: 0.826022
36223: 0.826027
36224: 0.826032
36225: 0.826037
36226: 0.826041
36227: 0.826046
36228: 0.826051
36229: 0.826056
36230: 0.826061
36231: 0.826065
36232: 0.82607
36233: 0.826075
36234: 0.82608
36235: 0.826085
36236: 0.826089
36237: 0.826067
36238: 0.826071
36239: 0.826049
36240: 0.826026
36241: 0.826003
36242: 0.82598
36243: 0.825985
36244: 0.825962
36245: 0.825967
36246: 0.825972
36247: 0.825977
36248: 0.825981
36249: 0.825986
36250: 0.825991
36251: 0.825996
36252: 0.826001
36253: 0.826005
36254: 0.82601
36255: 0.826015
36256: 0.82602
36257: 0.826025
36258: 0.826029
36259: 0.826034
36260: 0.826011
36261: 0.826016
36262: 0.826021
36263: 0.826026
36264: 0.826031
36265: 0.826035
36266: 0.82604
36267: 0.826045
36268: 0.82605
36269: 0.826055
36270: 0.826059
36271: 0.826064
36272: 0.826069
36273: 0.826074
36274: 0.826079
36275: 0.826083
36276: 0.826088
36277: 0.826093
36278: 0.826098
36279: 0.826103
36280: 0.82608
36281: 0.826085
36282: 0.826089
36283: 0.826067
36284: 0.826071
36285: 0.826076
36286: 0.826081
36287: 0.826086
36288: 0.826091
36289: 0.826095
36290: 0.8261
36291: 0.826105
36292: 0.82611
36293: 0.826087
36294: 0.826092
36295: 0.826097
36296: 0.826101
36297: 0.826079
36298: 0.826056
36299: 0.826061
36300: 0.826038
36301: 0.826015
36302: 0.82602
36303: 0.826025
36304: 0.826029
36305: 0.826034
36306: 0.826039
36307: 0.826044
36308: 0.826049
36309: 0.826053
36310: 0.826058
36311: 0.826035
36312: 0.826013
36313: 0.826018
36314: 0.826022
36315: 0.826027
36316: 0.826032
36317: 0.826037
36318: 0.826041
36319: 0.826046
36320: 0.826051
36321: 0.826056
36322: 0.826061
36323: 0.826038
36324: 0.826043
36325: 0.826047
36326: 0.826052
36327: 0.826057
36328: 0.826062
36329: 0.826067
36330: 0.826071
36331: 0.826076
36332: 0.826081
36333: 0.826086
36334: 0.826091
36335: 0.826095
36336: 0.8261
36337: 0.826105
36338: 0.82611
36339: 0.826087
36340: 0.826064
36341: 0.826069
36342: 0.826074
36343: 0.826051
36344: 0.826028
36345: 0.826006
36346: 0.825983
36347: 0.825988
36348: 0.825992
36349: 0.825997
36350: 0.826002
36351: 0.826007
36352: 0.826012
36353: 0.826016
36354: 0.826021
36355: 0.826026
36356: 0.826031
36357: 0.826036
36358: 0.82604
36359: 0.826045
36360: 0.826022
36361: 0.826
36362: 0.826004
36363: 0.826009
36364: 0.826014
36365: 0.826019
36366: 0.826024
36367: 0.826028
36368: 0.826033
36369: 0.826038
36370: 0.826043
36371: 0.826048
36372: 0.826052
36373: 0.826057
36374: 0.826062
36375: 0.826067
36376: 0.826071
36377: 0.826076
36378: 0.826081
36379: 0.826086
36380: 0.826091
36381: 0.826095
36382: 0.8261
36383: 0.826105
36384: 0.82611
36385: 0.826114
36386: 0.826092
36387: 0.826097
36388: 0.826101
36389: 0.826106
36390: 0.826111
36391: 0.826116
36392: 0.82612
36393: 0.826125
36394: 0.82613
36395: 0.826107
36396: 0.826112
36397: 0.826089
36398: 0.826094
36399: 0.826099
36400: 0.826104
36401: 0.826108
36402: 0.826113
36403: 0.826118
36404: 0.826123
36405: 0.826128
36406: 0.826132
36407: 0.826137
36408: 0.826142
36409: 0.826147
36410: 0.826151
36411: 0.826156
36412: 0.826161
36413: 0.826166
36414: 0.826171
36415: 0.826175
36416: 0.82618
36417: 0.826185
36418: 0.82619
36419: 0.826194
36420: 0.826199
36421: 0.826176
36422: 0.826181
36423: 0.826186
36424: 0.826191
36425: 0.826168
36426: 0.826173
36427: 0.826178
36428: 0.826182
36429: 0.826187
36430: 0.826192
36431: 0.826197
36432: 0.826202
36433: 0.826206
36434: 0.826211
36435: 0.826216
36436: 0.826221
36437: 0.826225
36438: 0.82623
36439: 0.826235
36440: 0.82624
36441: 0.826244
36442: 0.826249
36443: 0.826254
36444: 0.826259
36445: 0.826264
36446: 0.826268
36447: 0.826273
36448: 0.82625
36449: 0.826228
36450: 0.826232
36451: 0.826237
36452: 0.826215
36453: 0.826192
36454: 0.826169
36455: 0.826174
36456: 0.826179
36457: 0.826156
36458: 0.826133
36459: 0.826138
36460: 0.826143
36461: 0.826148
36462: 0.826153
36463: 0.826157
36464: 0.826162
36465: 0.826167
36466: 0.826172
36467: 0.826176
36468: 0.826181
36469: 0.826186
36470: 0.826191
36471: 0.826195
36472: 0.8262
36473: 0.826205
36474: 0.82621
36475: 0.826187
36476: 0.826164
36477: 0.826169
36478: 0.826147
36479: 0.826124
36480: 0.826101
36481: 0.826079
36482: 0.826083
36483: 0.826088
36484: 0.826066
36485: 0.82607
36486: 0.826075
36487: 0.82608
36488: 0.826085
36489: 0.826089
36490: 0.826067
36491: 0.826044
36492: 0.826049
36493: 0.826054
36494: 0.826058
36495: 0.826063
36496: 0.82604
36497: 0.826018
36498: 0.825995
36499: 0.826
36500: 0.825977
36501: 0.825982
36502: 0.825987
36503: 0.825992
36504: 0.825996
36505: 0.826001
36506: 0.826006
36507: 0.826011
36508: 0.826016
36509: 0.82602
36510: 0.826025
36511: 0.82603
36512: 0.826035
36513: 0.826039
36514: 0.826044
36515: 0.826049
36516: 0.826054
36517: 0.826058
36518: 0.826063
36519: 0.826068
36520: 0.826073
36521: 0.82605
36522: 0.826055
36523: 0.82606
36524: 0.826064
36525: 0.826069
36526: 0.826046
36527: 0.826024
36528: 0.826029
36529: 0.826033
36530: 0.826038
36531: 0.826043
36532: 0.826048
36533: 0.826052
36534: 0.826057
36535: 0.826062
36536: 0.826067
36537: 0.826071
36538: 0.826076
36539: 0.826054
36540: 0.826058
36541: 0.826063
36542: 0.826068
36543: 0.826073
36544: 0.826077
36545: 0.826082
36546: 0.826087
36547: 0.826092
36548: 0.826096
36549: 0.826074
36550: 0.826051
36551: 0.826029
36552: 0.826033
36553: 0.826038
36554: 0.826043
36555: 0.826048
36556: 0.826052
36557: 0.826057
36558: 0.826062
36559: 0.826067
36560: 0.826071
36561: 0.826076
36562: 0.826081
36563: 0.826086
36564: 0.826091
36565: 0.826095
36566: 0.8261
36567: 0.826105
36568: 0.82611
36569: 0.826114
36570: 0.826119
36571: 0.826124
36572: 0.826129
36573: 0.826133
36574: 0.826138
36575: 0.826143
36576: 0.826148
36577: 0.826152
36578: 0.826157
36579: 0.826162
36580: 0.826167
36581: 0.826171
36582: 0.826176
36583: 0.826181
36584: 0.826186
36585: 0.82619
36586: 0.826195
36587: 0.8262
36588: 0.826205
36589: 0.826209
36590: 0.826214
36591: 0.826219
36592: 0.826196
36593: 0.826174
36594: 0.826151
36595: 0.826156
36596: 0.826161
36597: 0.826165
36598: 0.826143
36599: 0.82612
36600: 0.826125
36601: 0.82613
36602: 0.826134
36603: 0.826139
36604: 0.826144
36605: 0.826149
36606: 0.826126
36607: 0.826104
36608: 0.826108
36609: 0.826113
36610: 0.826118
36611: 0.826123
36612: 0.826127
36613: 0.826132
36614: 0.826137
36615: 0.826142
36616: 0.826146
36617: 0.826151
36618: 0.826156
36619: 0.826133
36620: 0.826111
36621: 0.826088
36622: 0.826093
36623: 0.826098
36624: 0.826102
36625: 0.826107
36626: 0.826112
36627: 0.826117
36628: 0.826094
36629: 0.826099
36630: 0.826104
36631: 0.826108
36632: 0.826113
36633: 0.826118
36634: 0.826095
36635: 0.826073
36636: 0.82605
36637: 0.826028
36638: 0.826032
36639: 0.826037
36640: 0.826042
36641: 0.826047
36642: 0.826051
36643: 0.826056
36644: 0.826061
36645: 0.826066
36646: 0.82607
36647: 0.826075
36648: 0.82608
36649: 0.826085
36650: 0.826089
36651: 0.826094
36652: 0.826099
36653: 0.826104
36654: 0.826108
36655: 0.826113
36656: 0.826118
36657: 0.826123
36658: 0.826127
36659: 0.826132
36660: 0.826137
36661: 0.826142
36662: 0.826146
36663: 0.826151
36664: 0.826156
36665: 0.82616
36666: 0.826165
36667: 0.82617
36668: 0.826147
36669: 0.826152
36670: 0.82613
36671: 0.826134
36672: 0.826139
36673: 0.826144
36674: 0.826149
36675: 0.826153
36676: 0.826158
36677: 0.826136
36678: 0.82614
36679: 0.826145
36680: 0.82615
36681: 0.826155
36682: 0.826159
36683: 0.826164
36684: 0.826169
36685: 0.826173
36686: 0.826178
36687: 0.826183
36688: 0.826188
36689: 0.826192
36690: 0.826197
36691: 0.826202
36692: 0.826207
36693: 0.826211
36694: 0.826216
36695: 0.826221
36696: 0.826226
36697: 0.82623
36698: 0.826235
36699: 0.82624
36700: 0.826245
36701: 0.826249
36702: 0.826254
36703: 0.826259
36704: 0.826263
36705: 0.826268
36706: 0.826273
36707: 0.826278
36708: 0.826282
36709: 0.826287
36710: 0.826265
36711: 0.826269
36712: 0.826274
36713: 0.826279
36714: 0.826284
36715: 0.826288
36716: 0.826293
36717: 0.826298
36718: 0.826302
36719: 0.826307
36720: 0.826312
36721: 0.826317
36722: 0.826321
36723: 0.826326
36724: 0.826331
36725: 0.826336
36726: 0.82634
36727: 0.826345
36728: 0.82635
36729: 0.826354
36730: 0.826359
36731: 0.826364
36732: 0.826341
36733: 0.826319
36734: 0.826324
36735: 0.826328
36736: 0.826333
36737: 0.826338
36738: 0.826343
36739: 0.826347
36740: 0.826325
36741: 0.826302
36742: 0.82628
36743: 0.826257
36744: 0.826235
36745: 0.82624
36746: 0.826244
36747: 0.826249
36748: 0.826254
36749: 0.826259
36750: 0.826236
36751: 0.826241
36752: 0.826245
36753: 0.82625
36754: 0.826255
36755: 0.82626
36756: 0.826264
36757: 0.826269
36758: 0.826247
36759: 0.826251
36760: 0.826256
36761: 0.826261
36762: 0.826266
36763: 0.82627
36764: 0.826275
36765: 0.82628
36766: 0.826284
36767: 0.826262
36768: 0.826267
36769: 0.826271
36770: 0.826276
36771: 0.826254
36772: 0.826258
36773: 0.826263
36774: 0.826268
36775: 0.826273
36776: 0.826277
36777: 0.826282
36778: 0.826287
36779: 0.826264
36780: 0.826269
36781: 0.826274
36782: 0.826278
36783: 0.826283
36784: 0.826288
36785: 0.826293
36786: 0.82627
36787: 0.826248
36788: 0.826252
36789: 0.826257
36790: 0.826262
36791: 0.826267
36792: 0.826271
36793: 0.826276
36794: 0.826281
36795: 0.826285
36796: 0.82629
36797: 0.826295
36798: 0.8263
36799: 0.826304
36800: 0.826309
36801: 0.826287
36802: 0.826291
36803: 0.826296
36804: 0.826301
36805: 0.826305
36806: 0.82631
36807: 0.826315
36808: 0.82632
36809: 0.826297
36810: 0.826302
36811: 0.826307
36812: 0.826311
36813: 0.826316
36814: 0.826321
36815: 0.826326
36816: 0.826303
36817: 0.826281
36818: 0.826285
36819: 0.82629
36820: 0.826295
36821: 0.826299
36822: 0.826304
36823: 0.826309
36824: 0.826314
36825: 0.826318
36826: 0.826323
36827: 0.826328
36828: 0.826333
36829: 0.826337
36830: 0.826342
36831: 0.82632
36832: 0.826324
36833: 0.826329
36834: 0.826334
36835: 0.826338
36836: 0.826343
36837: 0.826348
36838: 0.826325
36839: 0.82633
36840: 0.826335
36841: 0.82634
36842: 0.826344
36843: 0.826349
36844: 0.826354
36845: 0.826358
36846: 0.826363
36847: 0.826368
36848: 0.826372
36849: 0.82635
36850: 0.826355
36851: 0.826359
36852: 0.826364
36853: 0.826369
36854: 0.826374
36855: 0.826378
36856: 0.826383
36857: 0.826388
36858: 0.826392
36859: 0.826397
36860: 0.826402
36861: 0.826407
36862: 0.826384
36863: 0.826362
36864: 0.826366
36865: 0.826371
36866: 0.826376
36867: 0.826381
36868: 0.826385
36869: 0.82639
36870: 0.826395
36871: 0.826399
36872: 0.826404
36873: 0.826409
36874: 0.826414
36875: 0.826418
36876: 0.826423
36877: 0.826428
36878: 0.826432
36879: 0.826437
36880: 0.826442
36881: 0.826447
36882: 0.826451
36883: 0.826456
36884: 0.826461
36885: 0.826438
36886: 0.826443
36887: 0.826448
36888: 0.826452
36889: 0.826457
36890: 0.826435
36891: 0.826439
36892: 0.826444
36893: 0.826449
36894: 0.826453
36895: 0.826458
36896: 0.826436
36897: 0.82644
36898: 0.826445
36899: 0.82645
36900: 0.826455
36901: 0.826459
36902: 0.826437
36903: 0.826442
36904: 0.826446
36905: 0.826451
36906: 0.826456
36907: 0.82646
36908: 0.826465
36909: 0.826443
36910: 0.826447
36911: 0.826452
36912: 0.826457
36913: 0.826462
36914: 0.826466
36915: 0.826471
36916: 0.826476
36917: 0.826453
36918: 0.826458
36919: 0.826463
36920: 0.826467
36921: 0.826472
36922: 0.826477
36923: 0.826481
36924: 0.826486
36925: 0.826491
36926: 0.826468
36927: 0.826446
36928: 0.826451
36929: 0.826455
36930: 0.82646
36931: 0.826465
36932: 0.82647
36933: 0.826474
36934: 0.826479
36935: 0.826484
36936: 0.826488
36937: 0.826493
36938: 0.826498
36939: 0.826502
36940: 0.826507
36941: 0.826512
36942: 0.826489
36943: 0.826494
36944: 0.826499
36945: 0.826504
36946: 0.826508
36947: 0.826513
36948: 0.826518
36949: 0.826522
36950: 0.826527
36951: 0.826505
36952: 0.826509
36953: 0.826514
36954: 0.826519
36955: 0.826523
36956: 0.826528
36957: 0.826533
36958: 0.826538
36959: 0.826542
36960: 0.826547
36961: 0.826552
36962: 0.826556
36963: 0.826561
36964: 0.826566
36965: 0.82657
36966: 0.826575
36967: 0.82658
36968: 0.826584
36969: 0.826589
36970: 0.826594
36971: 0.826599
36972: 0.826603
36973: 0.826608
36974: 0.826613
36975: 0.826617
36976: 0.826622
36977: 0.826627
36978: 0.826631
36979: 0.826636
36980: 0.826614
36981: 0.826618
36982: 0.826623
36983: 0.826601
36984: 0.826578
36985: 0.826556
36986: 0.826561
36987: 0.826565
36988: 0.826543
36989: 0.826521
36990: 0.826498
36991: 0.826476
36992: 0.826481
36993: 0.826485
36994: 0.826463
36995: 0.826468
36996: 0.826472
36997: 0.826477
36998: 0.826482
36999: 0.826459
37000: 0.826437
37001: 0.826442
37002: 0.826447
37003: 0.826451
37004: 0.826456
37005: 0.826461
37006: 0.826465
37007: 0.82647
37008: 0.826475
37009: 0.826479
37010: 0.826484
37011: 0.826462
37012: 0.826439
37013: 0.826444
37014: 0.826449
37015: 0.826453
37016: 0.826458
37017: 0.826463
37018: 0.826467
37019: 0.826472
37020: 0.826477
37021: 0.826482
37022: 0.826486
37023: 0.826491
37024: 0.826496
37025: 0.8265
37026: 0.826505
37027: 0.82651
37028: 0.826514
37029: 0.826519
37030: 0.826524
37031: 0.826528
37032: 0.826533
37033: 0.826538
37034: 0.826542
37035: 0.826547
37036: 0.826552
37037: 0.826557
37038: 0.826561
37039: 0.826566
37040: 0.826571
37041: 0.826548
37042: 0.826526
37043: 0.826531
37044: 0.826535
37045: 0.82654
37046: 0.826545
37047: 0.826549
37048: 0.826554
37049: 0.826559
37050: 0.826563
37051: 0.826541
37052: 0.826519
37053: 0.826523
37054: 0.826501
37055: 0.826506
37056: 0.826511
37057: 0.826515
37058: 0.82652
37059: 0.826525
37060: 0.826529
37061: 0.826507
37062: 0.826512
37063: 0.826516
37064: 0.826521
37065: 0.826526
37066: 0.82653
37067: 0.826535
37068: 0.82654
37069: 0.826517
37070: 0.826522
37071: 0.826527
37072: 0.826531
37073: 0.826536
37074: 0.826541
37075: 0.826545
37076: 0.82655
37077: 0.826528
37078: 0.826506
37079: 0.82651
37080: 0.826515
37081: 0.82652
37082: 0.826524
37083: 0.826529
37084: 0.826534
37085: 0.826538
37086: 0.826543
37087: 0.826521
37088: 0.826525
37089: 0.82653
37090: 0.826535
37091: 0.826539
37092: 0.826544
37093: 0.826549
37094: 0.826553
37095: 0.826558
37096: 0.826563
37097: 0.826567
37098: 0.826572
37099: 0.826577
37100: 0.826555
37101: 0.826559
37102: 0.826564
37103: 0.826569
37104: 0.826573
37105: 0.826578
37106: 0.826583
37107: 0.826587
37108: 0.826592
37109: 0.82657
37110: 0.826574
37111: 0.826579
37112: 0.826584
37113: 0.826588
37114: 0.826593
37115: 0.826598
37116: 0.826602
37117: 0.826607
37118: 0.826585
37119: 0.826562
37120: 0.826567
37121: 0.826545
37122: 0.826523
37123: 0.8265
37124: 0.826478
37125: 0.826483
37126: 0.826487
37127: 0.826492
37128: 0.826497
37129: 0.826501
37130: 0.826506
37131: 0.826511
37132: 0.826515
37133: 0.82652
37134: 0.826525
37135: 0.82653
37136: 0.826534
37137: 0.826539
37138: 0.826544
37139: 0.826548
37140: 0.826553
37141: 0.826558
37142: 0.826562
37143: 0.826567
37144: 0.826572
37145: 0.826576
37146: 0.826581
37147: 0.826586
37148: 0.82659
37149: 0.826595
37150: 0.8266
37151: 0.826604
37152: 0.826609
37153: 0.826614
37154: 0.826618
37155: 0.826623
37156: 0.826628
37157: 0.826632
37158: 0.82661
37159: 0.826615
37160: 0.826592
37161: 0.82657
37162: 0.826548
37163: 0.826553
37164: 0.826557
37165: 0.826562
37166: 0.826567
37167: 0.826571
37168: 0.826576
37169: 0.826581
37170: 0.826585
37171: 0.826563
37172: 0.826568
37173: 0.826572
37174: 0.826577
37175: 0.826582
37176: 0.826586
37177: 0.826591
37178: 0.826596
37179: 0.8266
37180: 0.826605
37181: 0.82661
37182: 0.826614
37183: 0.826619
37184: 0.826624
37185: 0.826628
37186: 0.826606
37187: 0.826611
37188: 0.826615
37189: 0.82662
37190: 0.826625
37191: 0.826629
37192: 0.826634
37193: 0.826639
37194: 0.826643
37195: 0.826648
37196: 0.826653
37197: 0.826657
37198: 0.826662
37199: 0.826667
37200: 0.826671
37201: 0.826676
37202: 0.826681
37203: 0.826685
37204: 0.82669
37205: 0.826695
37206: 0.826699
37207: 0.826704
37208: 0.826709
37209: 0.826713
37210: 0.826718
37211: 0.826723
37212: 0.826727
37213: 0.826732
37214: 0.826737
37215: 0.826741
37216: 0.826746
37217: 0.82675
37218: 0.826755
37219: 0.82676
37220: 0.826764
37221: 0.826742
37222: 0.82672
37223: 0.826725
37224: 0.826729
37225: 0.826734
37226: 0.826739
37227: 0.826743
37228: 0.826721
37229: 0.826699
37230: 0.826704
37231: 0.826708
37232: 0.826686
37233: 0.826664
37234: 0.826668
37235: 0.826673
37236: 0.826678
37237: 0.826682
37238: 0.826687
37239: 0.826692
37240: 0.826696
37241: 0.826701
37242: 0.826706
37243: 0.82671
37244: 0.826715
37245: 0.82672
37246: 0.826724
37247: 0.826702
37248: 0.826707
37249: 0.826711
37250: 0.826716
37251: 0.826721
37252: 0.826725
37253: 0.82673
37254: 0.826735
37255: 0.826739
37256: 0.826744
37257: 0.826749
37258: 0.826753
37259: 0.826758
37260: 0.826763
37261: 0.826767
37262: 0.826772
37263: 0.826777
37264: 0.826781
37265: 0.826786
37266: 0.82679
37267: 0.826795
37268: 0.8268
37269: 0.826804
37270: 0.826809
37271: 0.826814
37272: 0.826818
37273: 0.826823
37274: 0.826801
37275: 0.826805
37276: 0.82681
37277: 0.826815
37278: 0.826819
37279: 0.826824
37280: 0.826829
37281: 0.826807
37282: 0.826811
37283: 0.826816
37284: 0.826794
37285: 0.826798
37286: 0.826803
37287: 0.826808
37288: 0.826812
37289: 0.826817
37290: 0.826821
37291: 0.826826
37292: 0.826804
37293: 0.826809
37294: 0.826813
37295: 0.826818
37296: 0.826823
37297: 0.826827
37298: 0.826832
37299: 0.826836
37300: 0.826841
37301: 0.826846
37302: 0.82685
37303: 0.826855
37304: 0.82686
37305: 0.826864
37306: 0.826869
37307: 0.826874
37308: 0.826878
37309: 0.826856
37310: 0.826861
37311: 0.826865
37312: 0.82687
37313: 0.826875
37314: 0.826879
37315: 0.826884
37316: 0.826889
37317: 0.826893
37318: 0.826871
37319: 0.826876
37320: 0.82688
37321: 0.826885
37322: 0.82689
37323: 0.826894
37324: 0.826899
37325: 0.826877
37326: 0.826855
37327: 0.826859
37328: 0.826864
37329: 0.826842
37330: 0.826846
37331: 0.826851
37332: 0.826856
37333: 0.82686
37334: 0.826865
37335: 0.82687
37336: 0.826874
37337: 0.826879
37338: 0.826883
37339: 0.826888
37340: 0.826893
37341: 0.826897
37342: 0.826902
37343: 0.826907
37344: 0.826911
37345: 0.826916
37346: 0.826921
37347: 0.826925
37348: 0.82693
37349: 0.826934
37350: 0.826939
37351: 0.826944
37352: 0.826948
37353: 0.826926
37354: 0.826931
37355: 0.826935
37356: 0.82694
37357: 0.826945
37358: 0.826949
37359: 0.826954
37360: 0.826959
37361: 0.826963
37362: 0.826968
37363: 0.826972
37364: 0.826977
37365: 0.826955
37366: 0.826933
37367: 0.826911
37368: 0.826889
37369: 0.826866
37370: 0.826844
37371: 0.826822
37372: 0.8268
37373: 0.826778
37374: 0.826756
37375: 0.82676
37376: 0.826738
37377: 0.826716
37378: 0.826694
37379: 0.826672
37380: 0.826677
37381: 0.826681
37382: 0.826686
37383: 0.826691
37384: 0.826695
37385: 0.8267
37386: 0.826704
37387: 0.826709
37388: 0.826687
37389: 0.826665
37390: 0.826643
37391: 0.826647
37392: 0.826652
37393: 0.826657
37394: 0.826661
37395: 0.826666
37396: 0.826671
37397: 0.826648
37398: 0.826653
37399: 0.826658
37400: 0.826662
37401: 0.826667
37402: 0.826672
37403: 0.826676
37404: 0.826681
37405: 0.826686
37406: 0.82669
37407: 0.826695
37408: 0.826673
37409: 0.826651
37410: 0.826655
37411: 0.82666
37412: 0.826665
37413: 0.826669
37414: 0.826674
37415: 0.826678
37416: 0.826656
37417: 0.826661
37418: 0.826666
37419: 0.82667
37420: 0.826648
37421: 0.826653
37422: 0.826657
37423: 0.826662
37424: 0.826667
37425: 0.826671
37426: 0.826676
37427: 0.826681
37428: 0.826685
37429: 0.826663
37430: 0.826668
37431: 0.826672
37432: 0.826677
37433: 0.826655
37434: 0.826633
37435: 0.826637
37436: 0.826642
37437: 0.826647
37438: 0.826651
37439: 0.826656
37440: 0.826661
37441: 0.826665
37442: 0.82667
37443: 0.826675
37444: 0.826679
37445: 0.826684
37446: 0.826688
37447: 0.826693
37448: 0.826698
37449: 0.826676
37450: 0.826653
37451: 0.826658
37452: 0.826663
37453: 0.826667
37454: 0.826672
37455: 0.826677
37456: 0.826681
37457: 0.826686
37458: 0.826691
37459: 0.826695
37460: 0.8267
37461: 0.826704
37462: 0.826709
37463: 0.826714
37464: 0.826718
37465: 0.826696
37466: 0.826701
37467: 0.826705
37468: 0.82671
37469: 0.826715
37470: 0.826719
37471: 0.826724
37472: 0.826729
37473: 0.826733
37474: 0.826738
37475: 0.826742
37476: 0.82672
37477: 0.826725
37478: 0.82673
37479: 0.826734
37480: 0.826739
37481: 0.826744
37482: 0.826721
37483: 0.826726
37484: 0.826731
37485: 0.826709
37486: 0.826687
37487: 0.826691
37488: 0.826696
37489: 0.8267
37490: 0.826705
37491: 0.82671
37492: 0.826714
37493: 0.826719
37494: 0.826724
37495: 0.826728
37496: 0.826733
37497: 0.826737
37498: 0.826715
37499: 0.826693
37500: 0.826698
37501: 0.826703
37502: 0.826681
37503: 0.826658
37504: 0.826663
37505: 0.826668
37506: 0.826672
37507: 0.826677
37508: 0.826682
37509: 0.82666
37510: 0.826664
37511: 0.826669
37512: 0.826673
37513: 0.826678
37514: 0.826683
37515: 0.826687
37516: 0.826692
37517: 0.826697
37518: 0.826701
37519: 0.826706
37520: 0.82671
37521: 0.826715
37522: 0.82672
37523: 0.826724
37524: 0.826729
37525: 0.826733
37526: 0.826738
37527: 0.826743
37528: 0.826747
37529: 0.826752
37530: 0.826757
37531: 0.826761
37532: 0.826739
37533: 0.826744
37534: 0.826748
37535: 0.826753
37536: 0.826758
37537: 0.826762
37538: 0.826767
37539: 0.826771
37540: 0.826776
37541: 0.826781
37542: 0.826785
37543: 0.82679
37544: 0.826768
37545: 0.826772
37546: 0.826777
37547: 0.826782
37548: 0.826786
37549: 0.826791
37550: 0.826796
37551: 0.8268
37552: 0.826805
37553: 0.826809
37554: 0.826814
37555: 0.826819
37556: 0.826823
37557: 0.826828
37558: 0.826832
37559: 0.82681
37560: 0.826788
37561: 0.826793
37562: 0.826798
37563: 0.826802
37564: 0.826807
37565: 0.826811
37566: 0.826816
37567: 0.826821
37568: 0.826825
37569: 0.82683
37570: 0.826835
37571: 0.826839
37572: 0.826844
37573: 0.826848
37574: 0.826853
37575: 0.826858
37576: 0.826862
37577: 0.826867
37578: 0.826871
37579: 0.826849
37580: 0.826854
37581: 0.826859
37582: 0.826863
37583: 0.826868
37584: 0.826872
37585: 0.826877
37586: 0.826882
37587: 0.826886
37588: 0.826891
37589: 0.826869
37590: 0.826873
37591: 0.826878
37592: 0.826883
37593: 0.826861
37594: 0.826839
37595: 0.826817
37596: 0.826795
37597: 0.826799
37598: 0.826804
37599: 0.826809
37600: 0.826813
37601: 0.826791
37602: 0.826796
37603: 0.8268
37604: 0.826805
37605: 0.82681
37606: 0.826814
37607: 0.826819
37608: 0.826823
37609: 0.826828
37610: 0.826833
37611: 0.826837
37612: 0.826842
37613: 0.826846
37614: 0.826851
37615: 0.826856
37616: 0.82686
37617: 0.826865
37618: 0.826869
37619: 0.826874
37620: 0.826879
37621: 0.826857
37622: 0.826861
37623: 0.826866
37624: 0.82687
37625: 0.826875
37626: 0.826853
37627: 0.826858
37628: 0.826862
37629: 0.826867
37630: 0.826871
37631: 0.826849
37632: 0.826828
37633: 0.826806
37634: 0.82681
37635: 0.826815
37636: 0.826819
37637: 0.826824
37638: 0.826829
37639: 0.826833
37640: 0.826838
37641: 0.826842
37642: 0.826847
37643: 0.826852
37644: 0.826856
37645: 0.826861
37646: 0.826865
37647: 0.82687
37648: 0.826848
37649: 0.826853
37650: 0.826857
37651: 0.826862
37652: 0.826866
37653: 0.826871
37654: 0.826876
37655: 0.82688
37656: 0.826885
37657: 0.826889
37658: 0.826894
37659: 0.826899
37660: 0.826903
37661: 0.826908
37662: 0.826886
37663: 0.82689
37664: 0.826895
37665: 0.8269
37666: 0.826904
37667: 0.826909
37668: 0.826913
37669: 0.826918
37670: 0.826923
37671: 0.826927
37672: 0.826905
37673: 0.82691
37674: 0.826914
37675: 0.826919
37676: 0.826924
37677: 0.826928
37678: 0.826933
37679: 0.826937
37680: 0.826942
37681: 0.826947
37682: 0.826925
37683: 0.826929
37684: 0.826934
37685: 0.826938
37686: 0.826943
37687: 0.826948
37688: 0.826952
37689: 0.82693
37690: 0.826935
37691: 0.826939
37692: 0.826944
37693: 0.826922
37694: 0.826927
37695: 0.826931
37696: 0.826936
37697: 0.82694
37698: 0.826945
37699: 0.82695
37700: 0.826954
37701: 0.826959
37702: 0.826963
37703: 0.826968
37704: 0.826946
37705: 0.826951
37706: 0.826955
37707: 0.82696
37708: 0.826964
37709: 0.826969
37710: 0.826974
37711: 0.826978
37712: 0.826983
37713: 0.826987
37714: 0.826992
37715: 0.826997
37716: 0.827001
37717: 0.827006
37718: 0.82701
37719: 0.827015
37720: 0.826993
37721: 0.826971
37722: 0.826976
37723: 0.82698
37724: 0.826985
37725: 0.826989
37726: 0.826994
37727: 0.826999
37728: 0.826977
37729: 0.826981
37730: 0.826986
37731: 0.82699
37732: 0.826995
37733: 0.827
37734: 0.827004
37735: 0.827009
37736: 0.827013
37737: 0.827018
37738: 0.827022
37739: 0.827027
37740: 0.827032
37741: 0.827036
37742: 0.827014
37743: 0.826992
37744: 0.826997
37745: 0.827002
37746: 0.827006
37747: 0.827011
37748: 0.827015
37749: 0.82702
37750: 0.827024
37751: 0.827029
37752: 0.827034
37753: 0.827038
37754: 0.827016
37755: 0.826994
37756: 0.826999
37757: 0.827004
37758: 0.827008
37759: 0.827013
37760: 0.827017
37761: 0.827022
37762: 0.827
37763: 0.827005
37764: 0.827009
37765: 0.827014
37766: 0.827018
37767: 0.827023
37768: 0.827027
37769: 0.827032
37770: 0.827037
37771: 0.827041
37772: 0.827046
37773: 0.82705
37774: 0.827055
37775: 0.82706
37776: 0.827064
37777: 0.827069
37778: 0.827073
37779: 0.827078
37780: 0.827082
37781: 0.827087
37782: 0.827092
37783: 0.827096
37784: 0.827101
37785: 0.827105
37786: 0.82711
37787: 0.827114
37788: 0.827119
37789: 0.827124
37790: 0.827128
37791: 0.827133
37792: 0.827137
37793: 0.827142
37794: 0.827146
37795: 0.827151
37796: 0.827156
37797: 0.82716
37798: 0.827165
37799: 0.827169
37800: 0.827174
37801: 0.827178
37802: 0.827183
37803: 0.827188
37804: 0.827192
37805: 0.827197
37806: 0.827201
37807: 0.827206
37808: 0.827184
37809: 0.827189
37810: 0.827193
37811: 0.827198
37812: 0.827202
37813: 0.82718
37814: 0.827159
37815: 0.827137
37816: 0.827115
37817: 0.827119
37818: 0.827124
37819: 0.827129
37820: 0.827133
37821: 0.827138
37822: 0.827142
37823: 0.827147
37824: 0.827151
37825: 0.827156
37826: 0.82716
37827: 0.827165
37828: 0.82717
37829: 0.827174
37830: 0.827179
37831: 0.827183
37832: 0.827188
37833: 0.827192
37834: 0.827171
37835: 0.827175
37836: 0.82718
37837: 0.827184
37838: 0.827162
37839: 0.827141
37840: 0.827119
37841: 0.827123
37842: 0.827128
37843: 0.827132
37844: 0.827111
37845: 0.827115
37846: 0.82712
37847: 0.827124
37848: 0.827102
37849: 0.827081
37850: 0.827059
37851: 0.827063
37852: 0.827068
37853: 0.827072
37854: 0.827077
37855: 0.827082
37856: 0.827086
37857: 0.827064
37858: 0.827069
37859: 0.827073
37860: 0.827078
37861: 0.827083
37862: 0.827061
37863: 0.827065
37864: 0.82707
37865: 0.827074
37866: 0.827053
37867: 0.827057
37868: 0.827062
37869: 0.827066
37870: 0.827071
37871: 0.827075
37872: 0.82708
37873: 0.827085
37874: 0.827089
37875: 0.827094
37876: 0.827098
37877: 0.827103
37878: 0.827107
37879: 0.827112
37880: 0.827116
37881: 0.827121
37882: 0.827126
37883: 0.82713
37884: 0.827135
37885: 0.827113
37886: 0.827117
37887: 0.827122
37888: 0.827127
37889: 0.827131
37890: 0.827136
37891: 0.827114
37892: 0.827092
37893: 0.82707
37894: 0.827075
37895: 0.827053
37896: 0.827031
37897: 0.827009
37898: 0.827014
37899: 0.827018
37900: 0.827023
37901: 0.827028
37902: 0.827032
37903: 0.827037
37904: 0.827041
37905: 0.827019
37906: 0.827024
37907: 0.827029
37908: 0.827033
37909: 0.827038
37910: 0.827016
37911: 0.826994
37912: 0.826972
37913: 0.826977
37914: 0.826955
37915: 0.826933
37916: 0.826938
37917: 0.826916
37918: 0.826921
37919: 0.826899
37920: 0.826877
37921: 0.826881
37922: 0.826886
37923: 0.826891
37924: 0.826895
37925: 0.8269
37926: 0.826904
37927: 0.826909
37928: 0.826887
37929: 0.826865
37930: 0.82687
37931: 0.826874
37932: 0.826879
37933: 0.826884
37934: 0.826888
37935: 0.826893
37936: 0.826897
37937: 0.826902
37938: 0.826906
37939: 0.826885
37940: 0.826889
37941: 0.826894
37942: 0.826898
37943: 0.826903
37944: 0.826907
37945: 0.826912
37946: 0.826916
37947: 0.826921
37948: 0.826926
37949: 0.826904
37950: 0.826882
37951: 0.82686
37952: 0.826838
37953: 0.826817
37954: 0.826821
37955: 0.826826
37956: 0.82683
37957: 0.826835
37958: 0.826839
37959: 0.826844
37960: 0.826849
37961: 0.826853
37962: 0.826858
37963: 0.826862
37964: 0.826867
37965: 0.826871
37966: 0.826876
37967: 0.826881
37968: 0.826859
37969: 0.826837
37970: 0.826815
37971: 0.826793
37972: 0.826772
37973: 0.826776
37974: 0.826781
37975: 0.826785
37976: 0.82679
37977: 0.826768
37978: 0.826773
37979: 0.826777
37980: 0.826782
37981: 0.826786
37982: 0.826791
37983: 0.826795
37984: 0.8268
37985: 0.826805
37986: 0.826809
37987: 0.826814
37988: 0.826818
37989: 0.826823
37990: 0.826827
37991: 0.826832
37992: 0.826837
37993: 0.826841
37994: 0.826846
37995: 0.82685
37996: 0.826855
37997: 0.826859
37998: 0.826864
37999: 0.826868
38000: 0.826873
38001: 0.826851
38002: 0.826829
38003: 0.826808
38004: 0.826812
38005: 0.826817
38006: 0.826821
38007: 0.826826
38008: 0.82683
38009: 0.826835
38010: 0.82684
38011: 0.826844
38012: 0.826849
38013: 0.826853
38014: 0.826858
38015: 0.826862
38016: 0.826867
38017: 0.826871
38018: 0.826876
38019: 0.826881
38020: 0.826885
38021: 0.82689
38022: 0.826894
38023: 0.826899
38024: 0.826877
38025: 0.826882
38026: 0.826886
38027: 0.826891
38028: 0.826895
38029: 0.8269
38030: 0.826904
38031: 0.826909
38032: 0.826913
38033: 0.826892
38034: 0.82687
38035: 0.826875
38036: 0.826853
38037: 0.826831
38038: 0.826836
38039: 0.82684
38040: 0.826845
38041: 0.826849
38042: 0.826854
38043: 0.826858
38044: 0.826863
38045: 0.826867
38046: 0.826872
38047: 0.82685
38048: 0.826855
38049: 0.826859
38050: 0.826864
38051: 0.826868
38052: 0.826873
38053: 0.826878
38054: 0.826882
38055: 0.82686
38056: 0.826865
38057: 0.82687
38058: 0.826874
38059: 0.826879
38060: 0.826883
38061: 0.826861
38062: 0.826866
38063: 0.826844
38064: 0.826823
38065: 0.826827
38066: 0.826832
38067: 0.826836
38068: 0.826841
38069: 0.826845
38070: 0.82685
38071: 0.826854
38072: 0.826859
38073: 0.826863
38074: 0.826842
38075: 0.82682
38076: 0.826825
38077: 0.826829
38078: 0.826834
38079: 0.826838
38080: 0.826843
38081: 0.826821
38082: 0.826799
38083: 0.826804
38084: 0.826808
38085: 0.826813
38086: 0.826818
38087: 0.826796
38088: 0.8268
38089: 0.826805
38090: 0.826809
38091: 0.826814
38092: 0.826819
38093: 0.826823
38094: 0.826828
38095: 0.826832
38096: 0.826837
38097: 0.826841
38098: 0.82682
38099: 0.826824
38100: 0.826802
38101: 0.826807
38102: 0.826812
38103: 0.826816
38104: 0.826821
38105: 0.826825
38106: 0.82683
38107: 0.826834
38108: 0.826839
38109: 0.826843
38110: 0.826848
38111: 0.826826
38112: 0.826831
38113: 0.826835
38114: 0.82684
38115: 0.826818
38116: 0.826796
38117: 0.826801
38118: 0.826779
38119: 0.826758
38120: 0.826762
38121: 0.826767
38122: 0.826771
38123: 0.826776
38124: 0.82678
38125: 0.826785
38126: 0.826789
38127: 0.826794
38128: 0.826798
38129: 0.826803
38130: 0.826808
38131: 0.826812
38132: 0.826817
38133: 0.826821
38134: 0.826826
38135: 0.82683
38136: 0.826835
38137: 0.826839
38138: 0.826844
38139: 0.826822
38140: 0.826801
38141: 0.826779
38142: 0.826757
38143: 0.826762
38144: 0.826766
38145: 0.826745
38146: 0.826749
38147: 0.826754
38148: 0.826758
38149: 0.826763
38150: 0.826767
38151: 0.826772
38152: 0.826776
38153: 0.826781
38154: 0.826759
38155: 0.826738
38156: 0.826742
38157: 0.826747
38158: 0.826751
38159: 0.826756
38160: 0.826734
38161: 0.826712
38162: 0.826691
38163: 0.826695
38164: 0.8267
38165: 0.826704
38166: 0.826709
38167: 0.826713
38168: 0.826718
38169: 0.826723
38170: 0.826727
38171: 0.826732
38172: 0.826736
38173: 0.826741
38174: 0.826745
38175: 0.82675
38176: 0.826754
38177: 0.826759
38178: 0.826763
38179: 0.826768
38180: 0.826772
38181: 0.826777
38182: 0.826782
38183: 0.826786
38184: 0.826791
38185: 0.826795
38186: 0.8268
38187: 0.826804
38188: 0.826809
38189: 0.826813
38190: 0.826818
38191: 0.826796
38192: 0.826775
38193: 0.826779
38194: 0.826784
38195: 0.826788
38196: 0.826793
38197: 0.826797
38198: 0.826802
38199: 0.826806
38200: 0.826811
38201: 0.826815
38202: 0.82682
38203: 0.826824
38204: 0.826829
38205: 0.826833
38206: 0.826838
38207: 0.826843
38208: 0.826847
38209: 0.826852
38210: 0.82683
38211: 0.826835
38212: 0.826839
38213: 0.826844
38214: 0.826848
38215: 0.826853
38216: 0.826857
38217: 0.826862
38218: 0.826866
38219: 0.826871
38220: 0.826875
38221: 0.82688
38222: 0.826884
38223: 0.826889
38224: 0.826893
38225: 0.826898
38226: 0.826902
38227: 0.826907
38228: 0.826912
38229: 0.826916
38230: 0.826921
38231: 0.826925
38232: 0.82693
38233: 0.826934
38234: 0.826939
38235: 0.826943
38236: 0.826948
38237: 0.826952
38238: 0.826957
38239: 0.826961
38240: 0.826966
38241: 0.82697
38242: 0.826975
38243: 0.826979
38244: 0.826984
38245: 0.826988
38246: 0.826993
38247: 0.826997
38248: 0.827002
38249: 0.827007
38250: 0.827011
38251: 0.827016
38252: 0.82702
38253: 0.826998
38254: 0.826977
38255: 0.826955
38256: 0.826934
38257: 0.826938
38258: 0.826943
38259: 0.826947
38260: 0.826926
38261: 0.82693
38262: 0.826935
38263: 0.826939
38264: 0.826944
38265: 0.826948
38266: 0.826953
38267: 0.826957
38268: 0.826962
38269: 0.826966
38270: 0.826971
38271: 0.826975
38272: 0.82698
38273: 0.826984
38274: 0.826989
38275: 0.826967
38276: 0.826946
38277: 0.82695
38278: 0.826955
38279: 0.826959
38280: 0.826964
38281: 0.826968
38282: 0.826947
38283: 0.826925
38284: 0.82693
38285: 0.826934
38286: 0.826939
38287: 0.826943
38288: 0.826948
38289: 0.826952
38290: 0.826957
38291: 0.826961
38292: 0.826966
38293: 0.82697
38294: 0.826949
38295: 0.826953
38296: 0.826958
38297: 0.826936
38298: 0.826915
38299: 0.826893
38300: 0.826871
38301: 0.82685
38302: 0.826854
38303: 0.826859
38304: 0.826863
38305: 0.826868
38306: 0.826846
38307: 0.826851
38308: 0.826855
38309: 0.82686
38310: 0.826864
38311: 0.826843
38312: 0.826821
38313: 0.826826
38314: 0.82683
38315: 0.826835
38316: 0.826813
38317: 0.826818
38318: 0.826822
38319: 0.826827
38320: 0.826831
38321: 0.826836
38322: 0.82684
38323: 0.826845
38324: 0.826849
38325: 0.826828
38326: 0.826832
38327: 0.826837
38328: 0.826841
38329: 0.82682
38330: 0.826824
38331: 0.826829
38332: 0.826807
38333: 0.826812
38334: 0.826816
38335: 0.826821
38336: 0.826825
38337: 0.82683
38338: 0.826834
38339: 0.826839
38340: 0.826843
38341: 0.826848
38342: 0.826852
38343: 0.826857
38344: 0.826861
38345: 0.826866
38346: 0.826844
38347: 0.826849
38348: 0.826853
38349: 0.826858
38350: 0.826862
38351: 0.826841
38352: 0.826819
38353: 0.826798
38354: 0.826776
38355: 0.826755
38356: 0.826733
38357: 0.826738
38358: 0.826742
38359: 0.826747
38360: 0.826751
38361: 0.826756
38362: 0.82676
38363: 0.826765
38364: 0.826769
38365: 0.826774
38366: 0.826778
38367: 0.826783
38368: 0.826787
38369: 0.826792
38370: 0.826796
38371: 0.826801
38372: 0.826805
38373: 0.82681
38374: 0.826814
38375: 0.826819
38376: 0.826823
38377: 0.826828
38378: 0.826832
38379: 0.826837
38380: 0.826841
38381: 0.826846
38382: 0.82685
38383: 0.826855
38384: 0.826859
38385: 0.826864
38386: 0.826868
38387: 0.826873
38388: 0.826877
38389: 0.826882
38390: 0.826887
38391: 0.826891
38392: 0.826896
38393: 0.8269
38394: 0.826905
38395: 0.826909
38396: 0.826914
38397: 0.826918
38398: 0.826923
38399: 0.826927
38400: 0.826906
38401: 0.826884
38402: 0.826862
38403: 0.826867
38404: 0.826872
38405: 0.826876
38406: 0.826881
38407: 0.826885
38408: 0.82689
38409: 0.826894
38410: 0.826873
38411: 0.826877
38412: 0.826882
38413: 0.826886
38414: 0.826891
38415: 0.826895
38416: 0.8269
38417: 0.826904
38418: 0.826909
38419: 0.826913
38420: 0.826892
38421: 0.826896
38422: 0.826901
38423: 0.826905
38424: 0.82691
38425: 0.826914
38426: 0.826919
38427: 0.826897
38428: 0.826902
38429: 0.826906
38430: 0.826911
38431: 0.826915
38432: 0.82692
38433: 0.826924
38434: 0.826929
38435: 0.826933
38436: 0.826938
38437: 0.826942
38438: 0.826947
38439: 0.826951
38440: 0.826956
38441: 0.82696
38442: 0.826965
38443: 0.826969
38444: 0.826974
38445: 0.826978
38446: 0.826983
38447: 0.826961
38448: 0.82694
38449: 0.826944
38450: 0.826949
38451: 0.826953
38452: 0.826958
38453: 0.826962
38454: 0.826967
38455: 0.826971
38456: 0.826976
38457: 0.826954
38458: 0.826959
38459: 0.826937
38460: 0.826942
38461: 0.826946
38462: 0.826951
38463: 0.826955
38464: 0.82696
38465: 0.826964
38466: 0.826969
38467: 0.826973
38468: 0.826952
38469: 0.82693
38470: 0.826909
38471: 0.826913
38472: 0.826918
38473: 0.826922
38474: 0.826927
38475: 0.826931
38476: 0.826936
38477: 0.826914
38478: 0.826893
38479: 0.826897
38480: 0.826902
38481: 0.826906
38482: 0.826885
38483: 0.826889
38484: 0.826894
38485: 0.826898
38486: 0.826903
38487: 0.826907
38488: 0.826912
38489: 0.826916
38490: 0.826921
38491: 0.826925
38492: 0.82693
38493: 0.826934
38494: 0.826913
38495: 0.826891
38496: 0.82687
38497: 0.826848
38498: 0.826853
38499: 0.826857
38500: 0.826862
38501: 0.826866
38502: 0.826871
38503: 0.826849
38504: 0.826828
38505: 0.826806
38506: 0.826785
38507: 0.826789
38508: 0.826794
38509: 0.826798
38510: 0.826803
38511: 0.826807
38512: 0.826786
38513: 0.826764
38514: 0.826743
38515: 0.826721
38516: 0.8267
38517: 0.826678
38518: 0.826683
38519: 0.826687
38520: 0.826666
38521: 0.826645
38522: 0.826623
38523: 0.826628
38524: 0.826632
38525: 0.826637
38526: 0.826641
38527: 0.826646
38528: 0.82665
38529: 0.826655
38530: 0.826659
38531: 0.826664
38532: 0.826668
38533: 0.826647
38534: 0.826651
38535: 0.826656
38536: 0.82666
38537: 0.826665
38538: 0.826669
38539: 0.826674
38540: 0.826678
38541: 0.826683
38542: 0.826687
38543: 0.826692
38544: 0.826696
38545: 0.826701
38546: 0.826705
38547: 0.82671
38548: 0.826714
38549: 0.826719
38550: 0.826723
38551: 0.826728
38552: 0.826732
38553: 0.826737
38554: 0.826741
38555: 0.826746
38556: 0.82675
38557: 0.826754
38558: 0.826759
38559: 0.826763
38560: 0.826768
38561: 0.826772
38562: 0.826777
38563: 0.826781
38564: 0.826786
38565: 0.82679
38566: 0.826769
38567: 0.826773
38568: 0.826778
38569: 0.826782
38570: 0.826787
38571: 0.826791
38572: 0.826796
38573: 0.8268
38574: 0.826805
38575: 0.826809
38576: 0.826814
38577: 0.826818
38578: 0.826823
38579: 0.826801
38580: 0.82678
38581: 0.826785
38582: 0.826789
38583: 0.826768
38584: 0.826746
38585: 0.826751
38586: 0.826755
38587: 0.82676
38588: 0.826764
38589: 0.826769
38590: 0.826773
38591: 0.826752
38592: 0.826756
38593: 0.826761
38594: 0.826765
38595: 0.826744
38596: 0.826722
38597: 0.826727
38598: 0.826731
38599: 0.826736
38600: 0.82674
38601: 0.826745
38602: 0.826749
38603: 0.826754
38604: 0.826758
38605: 0.826737
38606: 0.826715
38607: 0.826694
38608: 0.826698
38609: 0.826703
38610: 0.826682
38611: 0.826686
38612: 0.826665
38613: 0.826643
38614: 0.826648
38615: 0.826652
38616: 0.826657
38617: 0.826661
38618: 0.826666
38619: 0.82667
38620: 0.826675
38621: 0.826679
38622: 0.826684
38623: 0.826688
38624: 0.826693
38625: 0.826697
38626: 0.826702
38627: 0.826706
38628: 0.826711
38629: 0.826715
38630: 0.826719
38631: 0.826724
38632: 0.826728
38633: 0.826733
38634: 0.826737
38635: 0.826742
38636: 0.826746
38637: 0.826725
38638: 0.826704
38639: 0.826682
38640: 0.826687
38641: 0.826691
38642: 0.826696
38643: 0.8267
38644: 0.826705
38645: 0.826709
38646: 0.826714
38647: 0.826718
38648: 0.826697
38649: 0.826675
38650: 0.826654
38651: 0.826658
38652: 0.826663
38653: 0.826667
38654: 0.826646
38655: 0.826625
38656: 0.826603
38657: 0.826608
38658: 0.826612
38659: 0.826617
38660: 0.826621
38661: 0.826626
38662: 0.82663
38663: 0.826635
38664: 0.826639
38665: 0.826644
38666: 0.826648
38667: 0.826653
38668: 0.826631
38669: 0.82661
38670: 0.826614
38671: 0.826619
38672: 0.826623
38673: 0.826628
38674: 0.826632
38675: 0.826637
38676: 0.826615
38677: 0.82662
38678: 0.826624
38679: 0.826629
38680: 0.826633
38681: 0.826638
38682: 0.826642
38683: 0.826621
38684: 0.826599
38685: 0.826578
38686: 0.826557
38687: 0.826535
38688: 0.82654
38689: 0.826544
38690: 0.826549
38691: 0.826553
38692: 0.826532
38693: 0.826511
38694: 0.826515
38695: 0.82652
38696: 0.826524
38697: 0.826529
38698: 0.826533
38699: 0.826537
38700: 0.826542
38701: 0.826546
38702: 0.826551
38703: 0.826555
38704: 0.82656
38705: 0.826564
38706: 0.826569
38707: 0.826573
38708: 0.826578
38709: 0.826582
38710: 0.826587
38711: 0.826591
38712: 0.826596
38713: 0.8266
38714: 0.826605
38715: 0.826609
38716: 0.826614
38717: 0.826618
38718: 0.826623
38719: 0.826627
38720: 0.826632
38721: 0.826636
38722: 0.82664
38723: 0.826619
38724: 0.826624
38725: 0.826628
38726: 0.826633
38727: 0.826637
38728: 0.826642
38729: 0.826646
38730: 0.82665
38731: 0.826655
38732: 0.826659
38733: 0.826638
38734: 0.826643
38735: 0.826647
38736: 0.826652
38737: 0.826656
38738: 0.82666
38739: 0.826665
38740: 0.826669
38741: 0.826674
38742: 0.826678
38743: 0.826683
38744: 0.826687
38745: 0.826692
38746: 0.826696
38747: 0.826701
38748: 0.826705
38749: 0.82671
38750: 0.826714
38751: 0.826719
38752: 0.826723
38753: 0.826702
38754: 0.826706
38755: 0.826711
38756: 0.826715
38757: 0.82672
38758: 0.826698
38759: 0.826703
38760: 0.826707
38761: 0.826712
38762: 0.826716
38763: 0.826695
38764: 0.826699
38765: 0.826704
38766: 0.826708
38767: 0.826713
38768: 0.826717
38769: 0.826722
38770: 0.826726
38771: 0.826731
38772: 0.826735
38773: 0.82674
38774: 0.826744
38775: 0.826749
38776: 0.826753
38777: 0.826757
38778: 0.826762
38779: 0.826766
38780: 0.826771
38781: 0.826775
38782: 0.82678
38783: 0.826784
38784: 0.826789
38785: 0.826793
38786: 0.826798
38787: 0.826802
38788: 0.826807
38789: 0.826811
38790: 0.826815
38791: 0.82682
38792: 0.826824
38793: 0.826829
38794: 0.826833
38795: 0.826838
38796: 0.826842
38797: 0.826847
38798: 0.826851
38799: 0.826856
38800: 0.82686
38801: 0.826865
38802: 0.826869
38803: 0.826874
38804: 0.826878
38805: 0.826882
38806: 0.826887
38807: 0.826891
38808: 0.826896
38809: 0.8269
38810: 0.826905
38811: 0.826909
38812: 0.826914
38813: 0.826918
38814: 0.826923
38815: 0.826927
38816: 0.826931
38817: 0.826936
38818: 0.82694
38819: 0.826919
38820: 0.826898
38821: 0.826902
38822: 0.826907
38823: 0.826911
38824: 0.826916
38825: 0.82692
38826: 0.826899
38827: 0.826903
38828: 0.826908
38829: 0.826912
38830: 0.826917
38831: 0.826921
38832: 0.826926
38833: 0.82693
38834: 0.826934
38835: 0.826939
38836: 0.826943
38837: 0.826948
38838: 0.826952
38839: 0.826957
38840: 0.826935
38841: 0.82694
38842: 0.826944
38843: 0.826949
38844: 0.826953
38845: 0.826958
38846: 0.826962
38847: 0.826967
38848: 0.826971
38849: 0.826976
38850: 0.826954
38851: 0.826933
38852: 0.826912
38853: 0.826916
38854: 0.826921
38855: 0.826925
38856: 0.82693
38857: 0.826908
38858: 0.826887
38859: 0.826891
38860: 0.826896
38861: 0.8269
38862: 0.826905
38863: 0.826909
38864: 0.826914
38865: 0.826918
38866: 0.826923
38867: 0.826927
38868: 0.826931
38869: 0.826936
38870: 0.82694
38871: 0.826945
38872: 0.826924
38873: 0.826928
38874: 0.826907
38875: 0.826911
38876: 0.826916
38877: 0.82692
38878: 0.826925
38879: 0.826929
38880: 0.826933
38881: 0.826912
38882: 0.826917
38883: 0.826921
38884: 0.826926
38885: 0.826904
38886: 0.826883
38887: 0.826887
38888: 0.826892
38889: 0.826896
38890: 0.826901
38891: 0.826905
38892: 0.82691
38893: 0.826914
38894: 0.826919
38895: 0.826923
38896: 0.826928
38897: 0.826932
38898: 0.826936
38899: 0.826941
38900: 0.826945
38901: 0.82695
38902: 0.826954
38903: 0.826959
38904: 0.826963
38905: 0.826968
38906: 0.826972
38907: 0.826976
38908: 0.826981
38909: 0.826985
38910: 0.82699
38911: 0.826994
38912: 0.826973
38913: 0.826952
38914: 0.826956
38915: 0.826961
38916: 0.826939
38917: 0.826944
38918: 0.826948
38919: 0.826927
38920: 0.826931
38921: 0.826936
38922: 0.82694
38923: 0.826945
38924: 0.826949
38925: 0.826954
38926: 0.826958
38927: 0.826937
38928: 0.826916
38929: 0.82692
38930: 0.826925
38931: 0.826929
38932: 0.826933
38933: 0.826938
38934: 0.826942
38935: 0.826921
38936: 0.826926
38937: 0.82693
38938: 0.826934
38939: 0.826939
38940: 0.826943
38941: 0.826948
38942: 0.826952
38943: 0.826931
38944: 0.826935
38945: 0.82694
38946: 0.826944
38947: 0.826949
38948: 0.826953
38949: 0.826958
38950: 0.826962
38951: 0.826967
38952: 0.826971
38953: 0.82695
38954: 0.826929
38955: 0.826933
38956: 0.826937
38957: 0.826916
38958: 0.826895
38959: 0.826899
38960: 0.826904
38961: 0.826908
38962: 0.826913
38963: 0.826917
38964: 0.826922
38965: 0.826926
38966: 0.826905
38967: 0.826909
38968: 0.826914
38969: 0.826918
38970: 0.826897
38971: 0.826876
38972: 0.82688
38973: 0.826859
38974: 0.826838
38975: 0.826817
38976: 0.826821
38977: 0.826825
38978: 0.82683
38979: 0.826834
38980: 0.826813
38981: 0.826818
38982: 0.826822
38983: 0.826801
38984: 0.82678
38985: 0.826758
38986: 0.826737
38987: 0.826716
38988: 0.826695
38989: 0.826674
38990: 0.826652
38991: 0.826631
38992: 0.82661
38993: 0.826589
38994: 0.826593
38995: 0.826598
38996: 0.826576
38997: 0.826581
38998: 0.826585
38999: 0.82659
39000: 0.826594
39001: 0.826599
39002: 0.826603
39003: 0.826608
39004: 0.826612
39005: 0.826591
39006: 0.826595
39007: 0.8266
39008: 0.826604
39009: 0.826609
39010: 0.826613
39011: 0.826617
39012: 0.826622
39013: 0.826626
39014: 0.826605
39015: 0.826584
39016: 0.826563
39017: 0.826542
39018: 0.826546
39019: 0.826525
39020: 0.826529
39021: 0.826534
39022: 0.826538
39023: 0.826543
39024: 0.826521
39025: 0.8265
39026: 0.826479
39027: 0.826458
39028: 0.826462
39029: 0.826441
39030: 0.82642
39031: 0.826424
39032: 0.826429
39033: 0.826433
39034: 0.826438
39035: 0.826442
39036: 0.826447
39037: 0.826451
39038: 0.826456
39039: 0.82646
39040: 0.826464
39041: 0.826469
39042: 0.826473
39043: 0.826478
39044: 0.826482
39045: 0.826461
39046: 0.826466
39047: 0.82647
39048: 0.826474
39049: 0.826479
39050: 0.826483
39051: 0.826488
39052: 0.826492
39053: 0.826497
39054: 0.826501
39055: 0.826506
39056: 0.82651
39057: 0.826514
39058: 0.826519
39059: 0.826523
39060: 0.826528
39061: 0.826507
39062: 0.826511
39063: 0.826515
39064: 0.82652
39065: 0.826524
39066: 0.826529
39067: 0.826533
39068: 0.826512
39069: 0.826491
39070: 0.82647
39071: 0.826474
39072: 0.826479
39073: 0.826483
39074: 0.826488
39075: 0.826492
39076: 0.826496
39077: 0.826501
39078: 0.826505
39079: 0.82651
39080: 0.826514
39081: 0.826519
39082: 0.826523
39083: 0.826527
39084: 0.826532
39085: 0.826536
39086: 0.826541
39087: 0.826545
39088: 0.82655
39089: 0.826554
39090: 0.826559
39091: 0.826563
39092: 0.826567
39093: 0.826572
39094: 0.826576
39095: 0.826581
39096: 0.826585
39097: 0.826564
39098: 0.826568
39099: 0.826573
39100: 0.826577
39101: 0.826582
39102: 0.826586
39103: 0.826591
39104: 0.826595
39105: 0.826599
39106: 0.826604
39107: 0.826608
39108: 0.826587
39109: 0.826592
39110: 0.826596
39111: 0.826601
39112: 0.826605
39113: 0.826609
39114: 0.826614
39115: 0.826618
39116: 0.826597
39117: 0.826602
39118: 0.826606
39119: 0.82661
39120: 0.826615
39121: 0.826619
39122: 0.826624
39123: 0.826628
39124: 0.826633
39125: 0.826637
39126: 0.826641
39127: 0.826646
39128: 0.82665
39129: 0.826629
39130: 0.826608
39131: 0.826612
39132: 0.826617
39133: 0.826621
39134: 0.826626
39135: 0.82663
39136: 0.826635
39137: 0.826639
39138: 0.826644
39139: 0.826648
39140: 0.826652
39141: 0.826631
39142: 0.82661
39143: 0.826615
39144: 0.826619
39145: 0.826623
39146: 0.826602
39147: 0.826581
39148: 0.826586
39149: 0.82659
39150: 0.826594
39151: 0.826599
39152: 0.826603
39153: 0.826608
39154: 0.826612
39155: 0.826617
39156: 0.826621
39157: 0.826625
39158: 0.82663
39159: 0.826634
39160: 0.826639
39161: 0.826643
39162: 0.826648
39163: 0.826652
39164: 0.826656
39165: 0.826661
39166: 0.826665
39167: 0.82667
39168: 0.826674
39169: 0.826653
39170: 0.826632
39171: 0.826611
39172: 0.826615
39173: 0.82662
39174: 0.826624
39175: 0.826603
39176: 0.826582
39177: 0.826586
39178: 0.826591
39179: 0.82657
39180: 0.826549
39181: 0.826527
39182: 0.826532
39183: 0.826536
39184: 0.826541
39185: 0.826545
39186: 0.82655
39187: 0.826554
39188: 0.826558
39189: 0.826563
39190: 0.826567
39191: 0.826572
39192: 0.826576
39193: 0.826581
39194: 0.826585
39195: 0.826589
39196: 0.826594
39197: 0.826598
39198: 0.826577
39199: 0.826556
39200: 0.826535
39201: 0.826539
39202: 0.826544
39203: 0.826548
39204: 0.826553
39205: 0.826557
39206: 0.826562
39207: 0.826566
39208: 0.82657
39209: 0.826575
39210: 0.826579
39211: 0.826584
39212: 0.826588
39213: 0.826593
39214: 0.826597
39215: 0.826601
39216: 0.826606
39217: 0.82661
39218: 0.826615
39219: 0.826619
39220: 0.826623
39221: 0.826602
39222: 0.826607
39223: 0.826611
39224: 0.826616
39225: 0.82662
39226: 0.826599
39227: 0.826578
39228: 0.826582
39229: 0.826587
39230: 0.826591
39231: 0.826596
39232: 0.8266
39233: 0.826579
39234: 0.826583
39235: 0.826588
39236: 0.826592
39237: 0.826597
39238: 0.826601
39239: 0.826606
39240: 0.82661
39241: 0.826614
39242: 0.826593
39243: 0.826598
39244: 0.826602
39245: 0.826607
39246: 0.826611
39247: 0.82659
39248: 0.826569
39249: 0.826573
39250: 0.826578
39251: 0.826582
39252: 0.826561
39253: 0.82654
39254: 0.826519
39255: 0.826523
39256: 0.826528
39257: 0.826532
39258: 0.826537
39259: 0.826541
39260: 0.82652
39261: 0.826524
39262: 0.826503
39263: 0.826482
39264: 0.826487
39265: 0.826491
39266: 0.826496
39267: 0.8265
39268: 0.826504
39269: 0.826509
39270: 0.826513
39271: 0.826518
39272: 0.826522
39273: 0.826526
39274: 0.826531
39275: 0.826535
39276: 0.82654
39277: 0.826544
39278: 0.826549
39279: 0.826553
39280: 0.826557
39281: 0.826562
39282: 0.826566
39283: 0.826571
39284: 0.826575
39285: 0.826579
39286: 0.826584
39287: 0.826563
39288: 0.826542
39289: 0.826546
39290: 0.826551
39291: 0.82653
39292: 0.826509
39293: 0.826513
39294: 0.826517
39295: 0.826522
39296: 0.826526
39297: 0.826531
39298: 0.826535
39299: 0.826539
39300: 0.826544
39301: 0.826548
39302: 0.826553
39303: 0.826557
39304: 0.826562
39305: 0.826566
39306: 0.826545
39307: 0.826524
39308: 0.826528
39309: 0.826533
39310: 0.826537
39311: 0.826542
39312: 0.826546
39313: 0.826525
39314: 0.826529
39315: 0.826534
39316: 0.826538
39317: 0.826543
39318: 0.826547
39319: 0.826551
39320: 0.826556
39321: 0.82656
39322: 0.826565
39323: 0.826569
39324: 0.826573
39325: 0.826578
39326: 0.826582
39327: 0.826587
39328: 0.826591
39329: 0.826595
39330: 0.8266
39331: 0.826579
39332: 0.826583
39333: 0.826588
39334: 0.826592
39335: 0.826597
39336: 0.826601
39337: 0.826605
39338: 0.82661
39339: 0.826589
39340: 0.826568
39341: 0.826547
39342: 0.826526
39343: 0.82653
39344: 0.826535
39345: 0.826539
39346: 0.826543
39347: 0.826548
39348: 0.826552
39349: 0.826557
39350: 0.826561
39351: 0.826565
39352: 0.82657
39353: 0.826574
39354: 0.826579
39355: 0.826583
39356: 0.826587
39357: 0.826592
39358: 0.826596
39359: 0.826575
39360: 0.82658
39361: 0.826584
39362: 0.826588
39363: 0.826593
39364: 0.826597
39365: 0.826602
39366: 0.826606
39367: 0.82661
39368: 0.826615
39369: 0.826619
39370: 0.826624
39371: 0.826628
39372: 0.826632
39373: 0.826637
39374: 0.826641
39375: 0.82662
39376: 0.826625
39377: 0.826629
39378: 0.826633
39379: 0.826638
39380: 0.826642
39381: 0.826647
39382: 0.826651
39383: 0.826655
39384: 0.82666
39385: 0.826664
39386: 0.826669
39387: 0.826673
39388: 0.826652
39389: 0.826657
39390: 0.826661
39391: 0.826665
39392: 0.82667
39393: 0.826674
39394: 0.826679
39395: 0.826683
39396: 0.826687
39397: 0.826692
39398: 0.826696
39399: 0.826701
39400: 0.826705
39401: 0.826709
39402: 0.826714
39403: 0.826718
39404: 0.826722
39405: 0.826727
39406: 0.826731
39407: 0.826736
39408: 0.82674
39409: 0.826744
39410: 0.826749
39411: 0.826753
39412: 0.826758
39413: 0.826762
39414: 0.826766
39415: 0.826771
39416: 0.826775
39417: 0.826754
39418: 0.826759
39419: 0.826763
39420: 0.826767
39421: 0.826772
39422: 0.826776
39423: 0.826781
39424: 0.826785
39425: 0.826789
39426: 0.826794
39427: 0.826798
39428: 0.826803
39429: 0.826807
39430: 0.826811
39431: 0.826816
39432: 0.82682
39433: 0.826825
39434: 0.826829
39435: 0.826833
39436: 0.826812
39437: 0.826791
39438: 0.82677
39439: 0.826775
39440: 0.826779
39441: 0.826784
39442: 0.826788
39443: 0.826792
39444: 0.826797
39445: 0.826801
39446: 0.826806
39447: 0.826785
39448: 0.826764
39449: 0.826768
39450: 0.826772
39451: 0.826777
39452: 0.826781
39453: 0.826786
39454: 0.82679
39455: 0.826794
39456: 0.826799
39457: 0.826803
39458: 0.826808
39459: 0.826787
39460: 0.826766
39461: 0.82677
39462: 0.826774
39463: 0.826779
39464: 0.826783
39465: 0.826788
39466: 0.826792
39467: 0.826796
39468: 0.826801
39469: 0.826805
39470: 0.82681
39471: 0.826814
39472: 0.826818
39473: 0.826823
39474: 0.826827
39475: 0.826831
39476: 0.826836
39477: 0.82684
39478: 0.826845
39479: 0.826849
39480: 0.826853
39481: 0.826858
39482: 0.826862
39483: 0.826867
39484: 0.826871
39485: 0.82685
39486: 0.826854
39487: 0.826859
39488: 0.826863
39489: 0.826868
39490: 0.826872
39491: 0.826876
39492: 0.826881
39493: 0.826885
39494: 0.826889
39495: 0.826894
39496: 0.826898
39497: 0.826903
39498: 0.826907
39499: 0.826911
39500: 0.826916
39501: 0.82692
39502: 0.826925
39503: 0.826929
39504: 0.826933
39505: 0.826938
39506: 0.826917
39507: 0.826921
39508: 0.826926
39509: 0.82693
39510: 0.826934
39511: 0.826939
39512: 0.826943
39513: 0.826947
39514: 0.826952
39515: 0.826956
39516: 0.826961
39517: 0.826965
39518: 0.826969
39519: 0.826974
39520: 0.826978
39521: 0.826982
39522: 0.826987
39523: 0.826991
39524: 0.826996
39525: 0.826975
39526: 0.826954
39527: 0.826933
39528: 0.826937
39529: 0.826942
39530: 0.826946
39531: 0.82695
39532: 0.826955
39533: 0.826959
39534: 0.826963
39535: 0.826968
39536: 0.826972
39537: 0.826977
39538: 0.826981
39539: 0.826985
39540: 0.82699
39541: 0.826994
39542: 0.826973
39543: 0.826952
39544: 0.826931
39545: 0.826936
39546: 0.82694
39547: 0.826944
39548: 0.826949
39549: 0.826953
39550: 0.826958
39551: 0.826962
39552: 0.826966
39553: 0.826971
39554: 0.826975
39555: 0.826979
39556: 0.826984
39557: 0.826988
39558: 0.826993
39559: 0.826997
39560: 0.827001
39561: 0.827006
39562: 0.826985
39563: 0.826989
39564: 0.826994
39565: 0.826998
39566: 0.827002
39567: 0.826981
39568: 0.82696
39569: 0.826965
39570: 0.826969
39571: 0.826974
39572: 0.826978
39573: 0.826982
39574: 0.826987
39575: 0.826991
39576: 0.826995
39577: 0.827
39578: 0.827004
39579: 0.827009
39580: 0.827013
39581: 0.827017
39582: 0.827022
39583: 0.827026
39584: 0.827005
39585: 0.826984
39586: 0.826963
39587: 0.826968
39588: 0.826947
39589: 0.826926
39590: 0.826905
39591: 0.826909
39592: 0.826914
39593: 0.826918
39594: 0.826923
39595: 0.826927
39596: 0.826931
39597: 0.826936
39598: 0.82694
39599: 0.826944
39600: 0.826949
39601: 0.826953
39602: 0.826958
39603: 0.826962
39604: 0.826966
39605: 0.826971
39606: 0.82695
39607: 0.826929
39608: 0.826908
39609: 0.826912
39610: 0.826917
39611: 0.826921
39612: 0.826926
39613: 0.82693
39614: 0.826909
39615: 0.826913
39616: 0.826892
39617: 0.826872
39618: 0.826851
39619: 0.82683
39620: 0.826834
39621: 0.826839
39622: 0.826818
39623: 0.826797
39624: 0.826776
39625: 0.82678
39626: 0.826785
39627: 0.826789
39628: 0.826794
39629: 0.826798
39630: 0.826802
39631: 0.826807
39632: 0.826786
39633: 0.82679
39634: 0.826794
39635: 0.826799
39636: 0.826803
39637: 0.826808
39638: 0.826812
39639: 0.826816
39640: 0.826795
39641: 0.826775
39642: 0.826754
39643: 0.826758
39644: 0.826763
39645: 0.826742
39646: 0.826746
39647: 0.82675
39648: 0.826755
39649: 0.826759
39650: 0.826764
39651: 0.826768
39652: 0.826772
39653: 0.826777
39654: 0.826781
39655: 0.826785
39656: 0.82679
39657: 0.826794
39658: 0.826798
39659: 0.826803
39660: 0.826782
39661: 0.826786
39662: 0.826791
39663: 0.826795
39664: 0.826774
39665: 0.826753
39666: 0.826758
39667: 0.826762
39668: 0.826741
39669: 0.82672
39670: 0.8267
39671: 0.826704
39672: 0.826708
39673: 0.826713
39674: 0.826717
39675: 0.826696
39676: 0.826701
39677: 0.826705
39678: 0.826684
39679: 0.826689
39680: 0.826693
39681: 0.826697
39682: 0.826702
39683: 0.826706
39684: 0.82671
39685: 0.826715
39686: 0.826719
39687: 0.826723
39688: 0.826728
39689: 0.826732
39690: 0.826737
39691: 0.826741
39692: 0.826745
39693: 0.82675
39694: 0.826754
39695: 0.826758
39696: 0.826763
39697: 0.826767
39698: 0.826746
39699: 0.826725
39700: 0.82673
39701: 0.826734
39702: 0.826739
39703: 0.826743
39704: 0.826722
39705: 0.826726
39706: 0.826731
39707: 0.82671
39708: 0.826689
39709: 0.826668
39710: 0.826648
39711: 0.826652
39712: 0.826631
39713: 0.826635
39714: 0.82664
39715: 0.826644
39716: 0.826649
39717: 0.826653
39718: 0.826657
39719: 0.826662
39720: 0.826641
39721: 0.826645
39722: 0.82665
39723: 0.826654
39724: 0.826658
39725: 0.826663
39726: 0.826667
39727: 0.826671
39728: 0.826676
39729: 0.82668
39730: 0.826684
39731: 0.826689
39732: 0.826693
39733: 0.826698
39734: 0.826702
39735: 0.826706
39736: 0.826711
39737: 0.826715
39738: 0.826719
39739: 0.826724
39740: 0.826728
39741: 0.826732
39742: 0.826737
39743: 0.826716
39744: 0.82672
39745: 0.826725
39746: 0.826729
39747: 0.826733
39748: 0.826713
39749: 0.826692
39750: 0.826696
39751: 0.826701
39752: 0.826705
39753: 0.826709
39754: 0.826714
39755: 0.826718
39756: 0.826722
39757: 0.826727
39758: 0.826731
39759: 0.826735
39760: 0.82674
39761: 0.826744
39762: 0.826748
39763: 0.826753
39764: 0.826757
39765: 0.826762
39766: 0.826766
39767: 0.82677
39768: 0.826775
39769: 0.826779
39770: 0.826783
39771: 0.826788
39772: 0.826792
39773: 0.826796
39774: 0.826801
39775: 0.826805
39776: 0.826784
39777: 0.826789
39778: 0.826793
39779: 0.826797
39780: 0.826802
39781: 0.826806
39782: 0.82681
39783: 0.82679
39784: 0.826769
39785: 0.826748
39786: 0.826752
39787: 0.826757
39788: 0.826761
39789: 0.826766
39790: 0.826745
39791: 0.826724
39792: 0.826728
39793: 0.826733
39794: 0.826737
39795: 0.826741
39796: 0.826746
39797: 0.82675
39798: 0.826754
39799: 0.826759
39800: 0.826763
39801: 0.826767
39802: 0.826772
39803: 0.826776
39804: 0.826781
39805: 0.826785
39806: 0.826789
39807: 0.826794
39808: 0.826798
39809: 0.826802
39810: 0.826807
39811: 0.826811
39812: 0.826815
39813: 0.82682
39814: 0.826824
39815: 0.826828
39816: 0.826833
39817: 0.826837
39818: 0.826841
39819: 0.826846
39820: 0.826825
39821: 0.826829
39822: 0.826834
39823: 0.826813
39824: 0.826817
39825: 0.826822
39826: 0.826826
39827: 0.82683
39828: 0.82681
39829: 0.826789
39830: 0.826768
39831: 0.826772
39832: 0.826777
39833: 0.826781
39834: 0.826785
39835: 0.82679
39836: 0.826794
39837: 0.826773
39838: 0.826753
39839: 0.826732
39840: 0.826711
39841: 0.82669
39842: 0.82667
39843: 0.826674
39844: 0.826678
39845: 0.826683
39846: 0.826687
39847: 0.826691
39848: 0.826696
39849: 0.826675
39850: 0.826679
39851: 0.826659
39852: 0.826663
39853: 0.826642
39854: 0.826647
39855: 0.826626
39856: 0.82663
39857: 0.826635
39858: 0.826639
39859: 0.826643
39860: 0.826623
39861: 0.826627
39862: 0.826631
39863: 0.826636
39864: 0.826615
39865: 0.826619
39866: 0.826624
39867: 0.826603
39868: 0.826607
39869: 0.826586
39870: 0.826591
39871: 0.826595
39872: 0.826599
39873: 0.826604
39874: 0.826608
39875: 0.826612
39876: 0.826617
39877: 0.826621
39878: 0.826626
39879: 0.82663
39880: 0.826634
39881: 0.826639
39882: 0.826643
39883: 0.826647
39884: 0.826652
39885: 0.826656
39886: 0.82666
39887: 0.826665
39888: 0.826669
39889: 0.826673
39890: 0.826678
39891: 0.826682
39892: 0.826661
39893: 0.826666
39894: 0.82667
39895: 0.826674
39896: 0.826679
39897: 0.826683
39898: 0.826687
39899: 0.826692
39900: 0.826696
39901: 0.826675
39902: 0.82668
39903: 0.826684
39904: 0.826688
39905: 0.826693
39906: 0.826697
39907: 0.826701
39908: 0.826706
39909: 0.82671
39910: 0.826714
39911: 0.826719
39912: 0.826723
39913: 0.826727
39914: 0.826732
39915: 0.826736
39916: 0.82674
39917: 0.826745
39918: 0.826724
39919: 0.826703
39920: 0.826683
39921: 0.826687
39922: 0.826691
39923: 0.826671
39924: 0.826675
39925: 0.826679
39926: 0.826684
39927: 0.826663
39928: 0.826642
39929: 0.826647
39930: 0.826651
39931: 0.826655
39932: 0.82666
39933: 0.826664
39934: 0.826668
39935: 0.826673
39936: 0.826677
39937: 0.826681
39938: 0.826686
39939: 0.82669
39940: 0.826694
39941: 0.826699
39942: 0.826703
39943: 0.826707
39944: 0.826712
39945: 0.826691
39946: 0.826695
39947: 0.8267
39948: 0.826704
39949: 0.826708
39950: 0.826713
39951: 0.826717
39952: 0.826721
39953: 0.826726
39954: 0.82673
39955: 0.826709
39956: 0.826689
39957: 0.826668
39958: 0.826647
39959: 0.826652
39960: 0.826656
39961: 0.82666
39962: 0.826665
39963: 0.826669
39964: 0.826673
39965: 0.826653
39966: 0.826657
39967: 0.826661
39968: 0.826666
39969: 0.82667
39970: 0.826674
39971: 0.826679
39972: 0.826683
39973: 0.826687
39974: 0.826692
39975: 0.826696
39976: 0.826675
39977: 0.82668
39978: 0.826659
39979: 0.826663
39980: 0.826668
39981: 0.826672
39982: 0.826676
39983: 0.826681
39984: 0.826685
39985: 0.826689
39986: 0.826694
39987: 0.826698
39988: 0.826677
39989: 0.826657
39990: 0.826636
39991: 0.82664
39992: 0.826645
39993: 0.826649
39994: 0.826653
39995: 0.826658
39996: 0.826662
39997: 0.826666
39998: 0.826671
39999: 0.82665
40000: 0.826654
40001: 0.826659
40002: 0.826663
40003: 0.826667
40004: 0.826672
40005: 0.826676
40006: 0.82668
40007: 0.826685
40008: 0.826689
40009: 0.826693
40010: 0.826698
40011: 0.826702
40012: 0.826706
40013: 0.826686
40014: 0.826665
40015: 0.826644
40016: 0.826624
40017: 0.826628
40018: 0.826632
40019: 0.826612
40020: 0.826616
40021: 0.82662
40022: 0.826625
40023: 0.826604
40024: 0.826583
40025: 0.826588
40026: 0.826592
40027: 0.826596
40028: 0.826601
40029: 0.826605
40030: 0.826609
40031: 0.826614
40032: 0.826618
40033: 0.826622
40034: 0.826602
40035: 0.826606
40036: 0.82661
40037: 0.826615
40038: 0.826619
40039: 0.826598
40040: 0.826578
40041: 0.826582
40042: 0.826586
40043: 0.826591
40044: 0.826595
40045: 0.826574
40046: 0.826579
40047: 0.826583
40048: 0.826587
40049: 0.826592
40050: 0.826596
40051: 0.8266
40052: 0.82658
40053: 0.826584
40054: 0.826588
40055: 0.826593
40056: 0.826597
40057: 0.826576
40058: 0.826581
40059: 0.826585
40060: 0.826589
40061: 0.826594
40062: 0.826598
40063: 0.826602
40064: 0.826582
40065: 0.826586
40066: 0.82659
40067: 0.826595
40068: 0.826599
40069: 0.826603
40070: 0.826608
40071: 0.826612
40072: 0.826616
40073: 0.826621
40074: 0.8266
40075: 0.826604
40076: 0.826609
40077: 0.826613
40078: 0.826617
40079: 0.826597
40080: 0.826601
40081: 0.826605
40082: 0.82661
40083: 0.826614
40084: 0.826593
40085: 0.826598
40086: 0.826602
40087: 0.826606
40088: 0.826611
40089: 0.826615
40090: 0.826619
40091: 0.826624
40092: 0.826628
40093: 0.826632
40094: 0.826637
40095: 0.826641
40096: 0.826645
40097: 0.82665
40098: 0.826629
40099: 0.826633
40100: 0.826613
40101: 0.826617
40102: 0.826621
40103: 0.826626
40104: 0.82663
40105: 0.826634
40106: 0.826639
40107: 0.826618
40108: 0.826598
40109: 0.826602
40110: 0.826606
40111: 0.82661
40112: 0.82659
40113: 0.826569
40114: 0.826574
40115: 0.826578
40116: 0.826582
40117: 0.826562
40118: 0.826541
40119: 0.826545
40120: 0.82655
40121: 0.826554
40122: 0.826558
40123: 0.826538
40124: 0.826542
40125: 0.826546
40126: 0.826551
40127: 0.826555
40128: 0.826559
40129: 0.826564
40130: 0.826568
40131: 0.826547
40132: 0.826527
40133: 0.826531
40134: 0.826511
40135: 0.82649
40136: 0.826494
40137: 0.826499
40138: 0.826478
40139: 0.826457
40140: 0.826437
40141: 0.826416
40142: 0.826396
40143: 0.8264
40144: 0.826404
40145: 0.826409
40146: 0.826413
40147: 0.826417
40148: 0.826422
40149: 0.826426
40150: 0.82643
40151: 0.826435
40152: 0.826439
40153: 0.826418
40154: 0.826423
40155: 0.826427
40156: 0.826431
40157: 0.826436
40158: 0.82644
40159: 0.826419
40160: 0.826424
40161: 0.826428
40162: 0.826432
40163: 0.826437
40164: 0.826441
40165: 0.826445
40166: 0.82645
40167: 0.826454
40168: 0.826458
40169: 0.826438
40170: 0.826417
40171: 0.826421
40172: 0.826401
40173: 0.826405
40174: 0.826409
40175: 0.826414
40176: 0.826418
40177: 0.826422
40178: 0.826427
40179: 0.826431
40180: 0.826435
40181: 0.82644
40182: 0.826444
40183: 0.826448
40184: 0.826453
40185: 0.826457
40186: 0.826461
40187: 0.826466
40188: 0.82647
40189: 0.826474
40190: 0.826479
40191: 0.826483
40192: 0.826462
40193: 0.826467
40194: 0.826446
40195: 0.82645
40196: 0.826455
40197: 0.826459
40198: 0.826463
40199: 0.826468
40200: 0.826472
40201: 0.826476
40202: 0.826456
40203: 0.826435
40204: 0.826439
40205: 0.826444
40206: 0.826448
40207: 0.826452
40208: 0.826457
40209: 0.826436
40210: 0.826416
40211: 0.826395
40212: 0.826375
40213: 0.826354
40214: 0.826358
40215: 0.826363
40216: 0.826367
40217: 0.826371
40218: 0.826376
40219: 0.82638
40220: 0.826384
40221: 0.826389
40222: 0.826393
40223: 0.826372
40224: 0.826377
40225: 0.826381
40226: 0.826385
40227: 0.82639
40228: 0.826369
40229: 0.826373
40230: 0.826378
40231: 0.826382
40232: 0.826386
40233: 0.826391
40234: 0.826395
40235: 0.826399
40236: 0.826404
40237: 0.826408
40238: 0.826412
40239: 0.826417
40240: 0.826421
40241: 0.826425
40242: 0.826429
40243: 0.826434
40244: 0.826438
40245: 0.826442
40246: 0.826447
40247: 0.826451
40248: 0.826455
40249: 0.82646
40250: 0.826464
40251: 0.826468
40252: 0.826473
40253: 0.826477
40254: 0.826481
40255: 0.826485
40256: 0.82649
40257: 0.826494
40258: 0.826498
40259: 0.826503
40260: 0.826507
40261: 0.826511
40262: 0.826516
40263: 0.82652
40264: 0.826524
40265: 0.826529
40266: 0.826533
40267: 0.826537
40268: 0.826517
40269: 0.826496
40270: 0.8265
40271: 0.826505
40272: 0.826509
40273: 0.826513
40274: 0.826518
40275: 0.826522
40276: 0.826526
40277: 0.826531
40278: 0.826535
40279: 0.826539
40280: 0.826544
40281: 0.826548
40282: 0.826552
40283: 0.826556
40284: 0.826561
40285: 0.826565
40286: 0.826569
40287: 0.826549
40288: 0.826553
40289: 0.826557
40290: 0.826562
40291: 0.826566
40292: 0.82657
40293: 0.826575
40294: 0.826579
40295: 0.826583
40296: 0.826563
40297: 0.826567
40298: 0.826547
40299: 0.826526
40300: 0.82653
40301: 0.826535
40302: 0.826539
40303: 0.826543
40304: 0.826548
40305: 0.826552
40306: 0.826556
40307: 0.82656
40308: 0.826565
40309: 0.826569
40310: 0.826573
40311: 0.826578
40312: 0.826582
40313: 0.826586
40314: 0.826591
40315: 0.82657
40316: 0.826574
40317: 0.826579
40318: 0.826558
40319: 0.826538
40320: 0.826517
40321: 0.826522
40322: 0.826526
40323: 0.82653
40324: 0.826534
40325: 0.826514
40326: 0.826518
40327: 0.826523
40328: 0.826527
40329: 0.826531
40330: 0.826535
40331: 0.826515
40332: 0.826494
40333: 0.826499
40334: 0.826503
40335: 0.826483
40336: 0.826462
40337: 0.826466
40338: 0.826471
40339: 0.826475
40340: 0.826479
40341: 0.826459
40342: 0.826463
40343: 0.826467
40344: 0.826472
40345: 0.826476
40346: 0.82648
40347: 0.82646
40348: 0.826439
40349: 0.826419
40350: 0.826423
40351: 0.826427
40352: 0.826432
40353: 0.826436
40354: 0.82644
40355: 0.826445
40356: 0.826449
40357: 0.826453
40358: 0.826458
40359: 0.826462
40360: 0.826466
40361: 0.82647
40362: 0.826475
40363: 0.826479
40364: 0.826483
40365: 0.826488
40366: 0.826492
40367: 0.826496
40368: 0.826501
40369: 0.826505
40370: 0.826484
40371: 0.826489
40372: 0.826493
40373: 0.826497
40374: 0.826502
40375: 0.826506
40376: 0.82651
40377: 0.826514
40378: 0.826519
40379: 0.826523
40380: 0.826527
40381: 0.826532
40382: 0.826536
40383: 0.82654
40384: 0.826545
40385: 0.826549
40386: 0.826553
40387: 0.826557
40388: 0.826562
40389: 0.826566
40390: 0.82657
40391: 0.826575
40392: 0.826579
40393: 0.826583
40394: 0.826587
40395: 0.826592
40396: 0.826596
40397: 0.8266
40398: 0.826605
40399: 0.826584
40400: 0.826588
40401: 0.826593
40402: 0.826597
40403: 0.826601
40404: 0.826606
40405: 0.82661
40406: 0.826614
40407: 0.826618
40408: 0.826623
40409: 0.826627
40410: 0.826631
40411: 0.826636
40412: 0.82664
40413: 0.826644
40414: 0.826649
40415: 0.826653
40416: 0.826657
40417: 0.826661
40418: 0.826666
40419: 0.82667
40420: 0.826674
40421: 0.826679
40422: 0.826683
40423: 0.826687
40424: 0.826667
40425: 0.826646
40426: 0.826651
40427: 0.82663
40428: 0.826634
40429: 0.826639
40430: 0.826643
40431: 0.826647
40432: 0.826651
40433: 0.826631
40434: 0.826611
40435: 0.826615
40436: 0.826619
40437: 0.826623
40438: 0.826628
40439: 0.826632
40440: 0.826636
40441: 0.826616
40442: 0.826595
40443: 0.8266
40444: 0.826604
40445: 0.826608
40446: 0.826613
40447: 0.826617
40448: 0.826621
40449: 0.826625
40450: 0.82663
40451: 0.826634
40452: 0.826638
40453: 0.826643
40454: 0.826647
40455: 0.826626
40456: 0.826606
40457: 0.82661
40458: 0.826615
40459: 0.826619
40460: 0.826623
40461: 0.826627
40462: 0.826607
40463: 0.826587
40464: 0.826566
40465: 0.82657
40466: 0.826575
40467: 0.826579
40468: 0.826583
40469: 0.826588
40470: 0.826592
40471: 0.826596
40472: 0.8266
40473: 0.826605
40474: 0.826609
40475: 0.826613
40476: 0.826618
40477: 0.826622
40478: 0.826626
40479: 0.82663
40480: 0.82661
40481: 0.82659
40482: 0.826594
40483: 0.826598
40484: 0.826602
40485: 0.826607
40486: 0.826611
40487: 0.826591
40488: 0.82657
40489: 0.82655
40490: 0.826554
40491: 0.826558
40492: 0.826563
40493: 0.826567
40494: 0.826571
40495: 0.826575
40496: 0.82658
40497: 0.826559
40498: 0.826564
40499: 0.826568
40500: 0.826572
40501: 0.826552
40502: 0.826556
40503: 0.82656
40504: 0.826565
40505: 0.826569
40506: 0.826573
40507: 0.826577
40508: 0.826582
40509: 0.826561
40510: 0.826541
40511: 0.826545
40512: 0.82655
40513: 0.826554
40514: 0.826558
40515: 0.826538
40516: 0.826542
40517: 0.826546
40518: 0.826526
40519: 0.82653
40520: 0.826534
40521: 0.826539
40522: 0.826543
40523: 0.826547
40524: 0.826552
40525: 0.826556
40526: 0.82656
40527: 0.826564
40528: 0.826569
40529: 0.826548
40530: 0.826553
40531: 0.826557
40532: 0.826561
40533: 0.826541
40534: 0.82652
40535: 0.8265
40536: 0.82648
40537: 0.826484
40538: 0.826463
40539: 0.826468
40540: 0.826472
40541: 0.826476
40542: 0.826481
40543: 0.826485
40544: 0.826489
40545: 0.826493
40546: 0.826498
40547: 0.826502
40548: 0.826506
40549: 0.82651
40550: 0.82649
40551: 0.826494
40552: 0.826499
40553: 0.826503
40554: 0.826483
40555: 0.826487
40556: 0.826491
40557: 0.826495
40558: 0.8265
40559: 0.826504
40560: 0.826508
40561: 0.826512
40562: 0.826517
40563: 0.826521
40564: 0.826525
40565: 0.826505
40566: 0.826509
40567: 0.826514
40568: 0.826493
40569: 0.826473
40570: 0.826477
40571: 0.826481
40572: 0.826486
40573: 0.82649
40574: 0.826494
40575: 0.826498
40576: 0.826503
40577: 0.826507
40578: 0.826511
40579: 0.826516
40580: 0.82652
40581: 0.826524
40582: 0.826528
40583: 0.826533
40584: 0.826537
40585: 0.826517
40586: 0.826496
40587: 0.8265
40588: 0.826505
40589: 0.826509
40590: 0.826513
40591: 0.826518
40592: 0.826522
40593: 0.826526
40594: 0.826506
40595: 0.826485
40596: 0.82649
40597: 0.826494
40598: 0.826498
40599: 0.826502
40600: 0.826507
40601: 0.826511
40602: 0.826515
40603: 0.826495
40604: 0.826499
40605: 0.826503
40606: 0.826508
40607: 0.826512
40608: 0.826516
40609: 0.826521
40610: 0.826525
40611: 0.826529
40612: 0.826533
40613: 0.826538
40614: 0.826542
40615: 0.826546
40616: 0.82655
40617: 0.826555
40618: 0.826559
40619: 0.826563
40620: 0.826568
40621: 0.826572
40622: 0.826576
40623: 0.82658
40624: 0.826585
40625: 0.826589
40626: 0.826593
40627: 0.826597
40628: 0.826602
40629: 0.826606
40630: 0.82661
40631: 0.826614
40632: 0.826619
40633: 0.826623
40634: 0.826603
40635: 0.826607
40636: 0.826611
40637: 0.826615
40638: 0.826595
40639: 0.826599
40640: 0.826604
40641: 0.826608
40642: 0.826612
40643: 0.826616
40644: 0.826621
40645: 0.826625
40646: 0.826629
40647: 0.826634
40648: 0.826613
40649: 0.826617
40650: 0.826622
40651: 0.826626
40652: 0.826606
40653: 0.826585
40654: 0.826565
40655: 0.826545
40656: 0.826549
40657: 0.826553
40658: 0.826533
40659: 0.826537
40660: 0.826541
40661: 0.826546
40662: 0.82655
40663: 0.826554
40664: 0.826558
40665: 0.826563
40666: 0.826567
40667: 0.826571
40668: 0.826576
40669: 0.82658
40670: 0.826584
40671: 0.826564
40672: 0.826543
40673: 0.826523
40674: 0.826527
40675: 0.826532
40676: 0.826536
40677: 0.82654
40678: 0.826544
40679: 0.826524
40680: 0.826528
40681: 0.826533
40682: 0.826537
40683: 0.826541
40684: 0.826545
40685: 0.82655
40686: 0.826554
40687: 0.826558
40688: 0.826562
40689: 0.826567
40690: 0.826571
40691: 0.826575
40692: 0.82658
40693: 0.826584
40694: 0.826588
40695: 0.826592
40696: 0.826597
40697: 0.826601
40698: 0.826605
40699: 0.826609
40700: 0.826614
40701: 0.826618
40702: 0.826622
40703: 0.826626
40704: 0.826631
40705: 0.826635
40706: 0.826639
40707: 0.826619
40708: 0.826599
40709: 0.826578
40710: 0.826558
40711: 0.826562
40712: 0.826566
40713: 0.826571
40714: 0.826575
40715: 0.826579
40716: 0.826583
40717: 0.826588
40718: 0.826592
40719: 0.826596
40720: 0.826601
40721: 0.826605
40722: 0.826609
40723: 0.826613
40724: 0.826618
40725: 0.826597
40726: 0.826577
40727: 0.826557
40728: 0.826561
40729: 0.826565
40730: 0.826569
40731: 0.826549
40732: 0.826529
40733: 0.826533
40734: 0.826537
40735: 0.826542
40736: 0.826521
40737: 0.826526
40738: 0.82653
40739: 0.826534
40740: 0.826538
40741: 0.826543
40742: 0.826547
40743: 0.826527
40744: 0.826531
40745: 0.826535
40746: 0.826539
40747: 0.826544
40748: 0.826548
40749: 0.826552
40750: 0.826556
40751: 0.826561
40752: 0.826565
40753: 0.826569
40754: 0.826573
40755: 0.826578
40756: 0.826582
40757: 0.826586
40758: 0.826566
40759: 0.82657
40760: 0.826574
40761: 0.826579
40762: 0.826583
40763: 0.826587
40764: 0.826591
40765: 0.826596
40766: 0.8266
40767: 0.826604
40768: 0.826608
40769: 0.826613
40770: 0.826592
40771: 0.826597
40772: 0.826576
40773: 0.826581
40774: 0.826585
40775: 0.826589
40776: 0.826569
40777: 0.826549
40778: 0.826528
40779: 0.826533
40780: 0.826537
40781: 0.826541
40782: 0.826521
40783: 0.826501
40784: 0.826505
40785: 0.826509
40786: 0.826513
40787: 0.826493
40788: 0.826473
40789: 0.826453
40790: 0.826457
40791: 0.826461
40792: 0.826465
40793: 0.82647
40794: 0.826474
40795: 0.826478
40796: 0.826482
40797: 0.826462
40798: 0.826466
40799: 0.826471
40800: 0.82645
40801: 0.82643
40802: 0.826434
40803: 0.826439
40804: 0.826443
40805: 0.826447
40806: 0.826451
40807: 0.826456
40808: 0.82646
40809: 0.826464
40810: 0.826468
40811: 0.826473
40812: 0.826477
40813: 0.826481
40814: 0.826485
40815: 0.82649
40816: 0.826494
40817: 0.826498
40818: 0.826502
40819: 0.826507
40820: 0.826511
40821: 0.826515
40822: 0.826519
40823: 0.826524
40824: 0.826528
40825: 0.826508
40826: 0.826512
40827: 0.826492
40828: 0.826496
40829: 0.8265
40830: 0.82648
40831: 0.826484
40832: 0.826488
40833: 0.826493
40834: 0.826497
40835: 0.826501
40836: 0.826505
40837: 0.82651
40838: 0.826514
40839: 0.826518
40840: 0.826522
40841: 0.826527
40842: 0.826531
40843: 0.826535
40844: 0.826539
40845: 0.826519
40846: 0.826499
40847: 0.826503
40848: 0.826507
40849: 0.826487
40850: 0.826467
40851: 0.826471
40852: 0.826475
40853: 0.82648
40854: 0.826484
40855: 0.826488
40856: 0.826492
40857: 0.826497
40858: 0.826501
40859: 0.826481
40860: 0.82646
40861: 0.826465
40862: 0.826469
40863: 0.826473
40864: 0.826477
40865: 0.826482
40866: 0.826486
40867: 0.82649
40868: 0.826494
40869: 0.826499
40870: 0.826503
40871: 0.826507
40872: 0.826511
40873: 0.826516
40874: 0.82652
40875: 0.826524
40876: 0.826528
40877: 0.826533
40878: 0.826512
40879: 0.826517
40880: 0.826521
40881: 0.826525
40882: 0.826529
40883: 0.826534
40884: 0.826538
40885: 0.826542
40886: 0.826546
40887: 0.826551
40888: 0.826555
40889: 0.826535
40890: 0.826514
40891: 0.826494
40892: 0.826498
40893: 0.826503
40894: 0.826482
40895: 0.826487
40896: 0.826491
40897: 0.826471
40898: 0.826475
40899: 0.826479
40900: 0.826483
40901: 0.826488
40902: 0.826492
40903: 0.826496
40904: 0.8265
40905: 0.826505
40906: 0.826509
40907: 0.826513
40908: 0.826517
40909: 0.826522
40910: 0.826526
40911: 0.82653
40912: 0.82651
40913: 0.826514
40914: 0.826518
40915: 0.826523
40916: 0.826527
40917: 0.826531
40918: 0.826535
40919: 0.826515
40920: 0.826519
40921: 0.826499
40922: 0.826479
40923: 0.826483
40924: 0.826487
40925: 0.826492
40926: 0.826496
40927: 0.8265
40928: 0.826504
40929: 0.826509
40930: 0.826513
40931: 0.826493
40932: 0.826473
40933: 0.826452
40934: 0.826457
40935: 0.826461
40936: 0.826465
40937: 0.826469
40938: 0.826474
40939: 0.826478
40940: 0.826482
40941: 0.826486
40942: 0.82649
40943: 0.826495
40944: 0.826499
40945: 0.826503
40946: 0.826507
40947: 0.826512
40948: 0.826516
40949: 0.82652
40950: 0.826524
40951: 0.826504
40952: 0.826508
40953: 0.826513
40954: 0.826492
40955: 0.826497
40956: 0.826501
40957: 0.826505
40958: 0.826509
40959: 0.826489
40960: 0.826469
40961: 0.826449
40962: 0.826429
40963: 0.826409
40964: 0.826388
40965: 0.826368
40966: 0.826372
40967: 0.826377
40968: 0.826381
40969: 0.826385
40970: 0.826389
40971: 0.826394
40972: 0.826373
40973: 0.826378
40974: 0.826382
40975: 0.826386
40976: 0.82639
40977: 0.826395
40978: 0.826399
40979: 0.826403
40980: 0.826407
40981: 0.826412
40982: 0.826416
40983: 0.82642
40984: 0.826424
40985: 0.826429
40986: 0.826433
40987: 0.826437
40988: 0.826441
40989: 0.826445
40990: 0.826425
40991: 0.82643
40992: 0.826434
40993: 0.826438
40994: 0.826442
40995: 0.826446
40996: 0.826451
40997: 0.826455
40998: 0.826459
40999: 0.826463
41000: 0.826468
41001: 0.826472
41002: 0.826452
41003: 0.826456
41004: 0.826436
41005: 0.826416
41006: 0.826395
41007: 0.8264
41008: 0.826404
41009: 0.826408
41010: 0.826412
41011: 0.826417
41012: 0.826421
41013: 0.826425
41014: 0.826405
41015: 0.826409
41016: 0.826413
41017: 0.826418
41018: 0.826422
41019: 0.826426
41020: 0.82643
41021: 0.826435
41022: 0.826439
41023: 0.826443
41024: 0.826447
41025: 0.826452
41026: 0.826456
41027: 0.82646
41028: 0.826464
41029: 0.826468
41030: 0.826473
41031: 0.826477
41032: 0.826481
41033: 0.826485
41034: 0.82649
41035: 0.826494
41036: 0.826498
41037: 0.826502
41038: 0.826506
41039: 0.826511
41040: 0.826515
41041: 0.826519
41042: 0.826523
41043: 0.826528
41044: 0.826532
41045: 0.826536
41046: 0.82654
41047: 0.826545
41048: 0.826524
41049: 0.826529
41050: 0.826533
41051: 0.826537
41052: 0.826541
41053: 0.826546
41054: 0.82655
41055: 0.826554
41056: 0.826558
41057: 0.826562
41058: 0.826567
41059: 0.826571
41060: 0.826575
41061: 0.826579
41062: 0.826584
41063: 0.826588
41064: 0.826592
41065: 0.826572
41066: 0.826576
41067: 0.82658
41068: 0.826585
41069: 0.826589
41070: 0.826593
41071: 0.826597
41072: 0.826601
41073: 0.826606
41074: 0.826586
41075: 0.82659
41076: 0.826594
41077: 0.826598
41078: 0.826602
41079: 0.826607
41080: 0.826611
41081: 0.826615
41082: 0.826619
41083: 0.826624
41084: 0.826628
41085: 0.826632
41086: 0.826636
41087: 0.82664
41088: 0.826645
41089: 0.826649
41090: 0.826653
41091: 0.826657
41092: 0.826637
41093: 0.826641
41094: 0.826646
41095: 0.82665
41096: 0.826654
41097: 0.826658
41098: 0.826662
41099: 0.826642
41100: 0.826647
41101: 0.826651
41102: 0.826655
41103: 0.826635
41104: 0.826615
41105: 0.826619
41106: 0.826623
41107: 0.826627
41108: 0.826632
41109: 0.826636
41110: 0.82664
41111: 0.826644
41112: 0.826649
41113: 0.826653
41114: 0.826657
41115: 0.826661
41116: 0.826665
41117: 0.82667
41118: 0.826674
41119: 0.826678
41120: 0.826682
41121: 0.826686
41122: 0.826691
41123: 0.826695
41124: 0.826699
41125: 0.826703
41126: 0.826708
41127: 0.826712
41128: 0.826716
41129: 0.82672
41130: 0.826724
41131: 0.826729
41132: 0.826733
41133: 0.826737
41134: 0.826741
41135: 0.826745
41136: 0.82675
41137: 0.826754
41138: 0.826758
41139: 0.826762
41140: 0.826766
41141: 0.826771
41142: 0.826775
41143: 0.826779
41144: 0.826783
41145: 0.826788
41146: 0.826792
41147: 0.826772
41148: 0.826776
41149: 0.826756
41150: 0.82676
41151: 0.826764
41152: 0.826768
41153: 0.826773
41154: 0.826777
41155: 0.826781
41156: 0.826785
41157: 0.826789
41158: 0.826769
41159: 0.826749
41160: 0.826753
41161: 0.826758
41162: 0.826738
41163: 0.826718
41164: 0.826722
41165: 0.826726
41166: 0.82673
41167: 0.82671
41168: 0.82669
41169: 0.826694
41170: 0.826698
41171: 0.826703
41172: 0.826707
41173: 0.826711
41174: 0.826715
41175: 0.826719
41176: 0.826699
41177: 0.826704
41178: 0.826708
41179: 0.826688
41180: 0.826668
41181: 0.826648
41182: 0.826652
41183: 0.826656
41184: 0.82666
41185: 0.826664
41186: 0.826644
41187: 0.826649
41188: 0.826653
41189: 0.826657
41190: 0.826661
41191: 0.826665
41192: 0.82667
41193: 0.826674
41194: 0.826654
41195: 0.826634
41196: 0.826614
41197: 0.826618
41198: 0.826622
41199: 0.826602
41200: 0.826606
41201: 0.82661
41202: 0.826615
41203: 0.826619
41204: 0.826623
41205: 0.826603
41206: 0.826607
41207: 0.826611
41208: 0.826616
41209: 0.82662
41210: 0.8266
41211: 0.826604
41212: 0.826608
41213: 0.826612
41214: 0.826592
41215: 0.826596
41216: 0.826601
41217: 0.826581
41218: 0.826585
41219: 0.826589
41220: 0.826569
41221: 0.826573
41222: 0.826577
41223: 0.826557
41224: 0.826562
41225: 0.826566
41226: 0.82657
41227: 0.826574
41228: 0.826578
41229: 0.826583
41230: 0.826587
41231: 0.826591
41232: 0.826595
41233: 0.826599
41234: 0.826604
41235: 0.826584
41236: 0.826564
41237: 0.826568
41238: 0.826572
41239: 0.826552
41240: 0.826532
41241: 0.826536
41242: 0.82654
41243: 0.826544
41244: 0.826549
41245: 0.826553
41246: 0.826557
41247: 0.826561
41248: 0.826565
41249: 0.82657
41250: 0.826574
41251: 0.826578
41252: 0.826582
41253: 0.826587
41254: 0.826591
41255: 0.826595
41256: 0.826599
41257: 0.826603
41258: 0.826608
41259: 0.826612
41260: 0.826616
41261: 0.82662
41262: 0.826624
41263: 0.826629
41264: 0.826633
41265: 0.826637
41266: 0.826641
41267: 0.826645
41268: 0.82665
41269: 0.826654
41270: 0.826658
41271: 0.826662
41272: 0.826666
41273: 0.826671
41274: 0.826651
41275: 0.826655
41276: 0.826659
41277: 0.826663
41278: 0.826667
41279: 0.826672
41280: 0.826676
41281: 0.82668
41282: 0.82666
41283: 0.82664
41284: 0.82662
41285: 0.826624
41286: 0.826628
41287: 0.826632
41288: 0.826637
41289: 0.826641
41290: 0.826621
41291: 0.826625
41292: 0.826629
41293: 0.826633
41294: 0.826638
41295: 0.826642
41296: 0.826622
41297: 0.826626
41298: 0.82663
41299: 0.826634
41300: 0.826639
41301: 0.826643
41302: 0.826647
41303: 0.826651
41304: 0.826655
41305: 0.82666
41306: 0.82664
41307: 0.826644
41308: 0.826648
41309: 0.826652
41310: 0.826656
41311: 0.826661
41312: 0.826665
41313: 0.826645
41314: 0.826625
41315: 0.826605
41316: 0.826609
41317: 0.826613
41318: 0.826617
41319: 0.826621
41320: 0.826626
41321: 0.826606
41322: 0.826586
41323: 0.82659
41324: 0.826594
41325: 0.826598
41326: 0.826602
41327: 0.826607
41328: 0.826611
41329: 0.826615
41330: 0.826619
41331: 0.826599
41332: 0.826603
41333: 0.826583
41334: 0.826588
41335: 0.826568
41336: 0.826548
41337: 0.826552
41338: 0.826556
41339: 0.82656
41340: 0.826564
41341: 0.826569
41342: 0.826573
41343: 0.826577
41344: 0.826581
41345: 0.826585
41346: 0.82659
41347: 0.826594
41348: 0.826598
41349: 0.826602
41350: 0.826582
41351: 0.826562
41352: 0.826566
41353: 0.826571
41354: 0.826575
41355: 0.826555
41356: 0.826535
41357: 0.826539
41358: 0.826543
41359: 0.826547
41360: 0.826527
41361: 0.826532
41362: 0.826512
41363: 0.826492
41364: 0.826496
41365: 0.8265
41366: 0.826504
41367: 0.826484
41368: 0.826464
41369: 0.826444
41370: 0.826424
41371: 0.826429
41372: 0.826433
41373: 0.826437
41374: 0.826441
41375: 0.826445
41376: 0.826449
41377: 0.826454
41378: 0.826458
41379: 0.826438
41380: 0.826418
41381: 0.826422
41382: 0.826426
41383: 0.826431
41384: 0.826435
41385: 0.826439
41386: 0.826419
41387: 0.826423
41388: 0.826427
41389: 0.826432
41390: 0.826412
41391: 0.826416
41392: 0.82642
41393: 0.826424
41394: 0.826428
41395: 0.826433
41396: 0.826437
41397: 0.826417
41398: 0.826397
41399: 0.826401
41400: 0.826405
41401: 0.826409
41402: 0.826414
41403: 0.826418
41404: 0.826422
41405: 0.826426
41406: 0.82643
41407: 0.82641
41408: 0.826415
41409: 0.826419
41410: 0.826423
41411: 0.826427
41412: 0.826431
41413: 0.826436
41414: 0.82644
41415: 0.826444
41416: 0.826448
41417: 0.826428
41418: 0.826408
41419: 0.826388
41420: 0.826392
41421: 0.826397
41422: 0.826401
41423: 0.826405
41424: 0.826409
41425: 0.826413
41426: 0.826418
41427: 0.826422
41428: 0.826426
41429: 0.82643
41430: 0.826434
41431: 0.826439
41432: 0.826443
41433: 0.826447
41434: 0.826451
41435: 0.826455
41436: 0.826459
41437: 0.826464
41438: 0.826468
41439: 0.826472
41440: 0.826476
41441: 0.82648
41442: 0.826485
41443: 0.826489
41444: 0.826493
41445: 0.826497
41446: 0.826501
41447: 0.826506
41448: 0.82651
41449: 0.826514
41450: 0.826518
41451: 0.826522
41452: 0.826526
41453: 0.826531
41454: 0.826535
41455: 0.826539
41456: 0.826543
41457: 0.826547
41458: 0.826552
41459: 0.826556
41460: 0.82656
41461: 0.826564
41462: 0.826568
41463: 0.826572
41464: 0.826577
41465: 0.826581
41466: 0.826585
41467: 0.826589
41468: 0.826593
41469: 0.826598
41470: 0.826602
41471: 0.826606
41472: 0.82661
41473: 0.826614
41474: 0.826618
41475: 0.826623
41476: 0.826603
41477: 0.826607
41478: 0.826611
41479: 0.826615
41480: 0.826619
41481: 0.826624
41482: 0.826628
41483: 0.826608
41484: 0.826612
41485: 0.826616
41486: 0.82662
41487: 0.826625
41488: 0.826629
41489: 0.826633
41490: 0.826637
41491: 0.826641
41492: 0.826645
41493: 0.826626
41494: 0.82663
41495: 0.826634
41496: 0.826638
41497: 0.826642
41498: 0.826646
41499: 0.826651
41500: 0.826655
41501: 0.826659
41502: 0.826663
41503: 0.826667
41504: 0.826671
41505: 0.826676
41506: 0.826656
41507: 0.826636
41508: 0.82664
41509: 0.826644
41510: 0.826648
41511: 0.826653
41512: 0.826657
41513: 0.826661
41514: 0.826665
41515: 0.826669
41516: 0.826673
41517: 0.826678
41518: 0.826682
41519: 0.826686
41520: 0.82669
41521: 0.826694
41522: 0.826698
41523: 0.826703
41524: 0.826707
41525: 0.826711
41526: 0.826715
41527: 0.826719
41528: 0.826723
41529: 0.826728
41530: 0.826732
41531: 0.826736
41532: 0.82674
41533: 0.826744
41534: 0.826724
41535: 0.826729
41536: 0.826733
41537: 0.826737
41538: 0.826741
41539: 0.826721
41540: 0.826725
41541: 0.82673
41542: 0.826734
41543: 0.826738
41544: 0.826718
41545: 0.826722
41546: 0.826726
41547: 0.826731
41548: 0.826711
41549: 0.826715
41550: 0.826695
41551: 0.826699
41552: 0.826703
41553: 0.826707
41554: 0.826712
41555: 0.826716
41556: 0.82672
41557: 0.8267
41558: 0.826704
41559: 0.826708
41560: 0.826713
41561: 0.826693
41562: 0.826697
41563: 0.826701
41564: 0.826705
41565: 0.826709
41566: 0.826713
41567: 0.826718
41568: 0.826722
41569: 0.826726
41570: 0.826706
41571: 0.82671
41572: 0.826714
41573: 0.826719
41574: 0.826723
41575: 0.826727
41576: 0.826731
41577: 0.826735
41578: 0.826739
41579: 0.826744
41580: 0.826748
41581: 0.826752
41582: 0.826756
41583: 0.82676
41584: 0.826764
41585: 0.826769
41586: 0.826773
41587: 0.826777
41588: 0.826781
41589: 0.826785
41590: 0.826789
41591: 0.826794
41592: 0.826798
41593: 0.826802
41594: 0.826806
41595: 0.82681
41596: 0.826814
41597: 0.826819
41598: 0.826823
41599: 0.826827
41600: 0.826831
41601: 0.826811
41602: 0.826815
41603: 0.82682
41604: 0.826824
41605: 0.826828
41606: 0.826832
41607: 0.826812
41608: 0.826816
41609: 0.82682
41610: 0.826825
41611: 0.826829
41612: 0.826833
41613: 0.826837
41614: 0.826841
41615: 0.826845
41616: 0.82685
41617: 0.826854
41618: 0.826858
41619: 0.826862
41620: 0.826866
41621: 0.82687
41622: 0.826875
41623: 0.826855
41624: 0.826835
41625: 0.826839
41626: 0.826843
41627: 0.826847
41628: 0.826851
41629: 0.826832
41630: 0.826812
41631: 0.826792
41632: 0.826796
41633: 0.8268
41634: 0.826804
41635: 0.826809
41636: 0.826789
41637: 0.826793
41638: 0.826797
41639: 0.826777
41640: 0.826781
41641: 0.826785
41642: 0.82679
41643: 0.826794
41644: 0.826798
41645: 0.826802
41646: 0.826806
41647: 0.82681
41648: 0.826791
41649: 0.826771
41650: 0.826775
41651: 0.826779
41652: 0.826783
41653: 0.826787
41654: 0.826792
41655: 0.826796
41656: 0.8268
41657: 0.826804
41658: 0.826808
41659: 0.826812
41660: 0.826816
41661: 0.826821
41662: 0.826825
41663: 0.826829
41664: 0.826833
41665: 0.826837
41666: 0.826841
41667: 0.826846
41668: 0.82685
41669: 0.826854
41670: 0.826858
41671: 0.826862
41672: 0.826866
41673: 0.82687
41674: 0.826875
41675: 0.826879
41676: 0.826883
41677: 0.826887
41678: 0.826891
41679: 0.826895
41680: 0.8269
41681: 0.826904
41682: 0.826908
41683: 0.826912
41684: 0.826916
41685: 0.82692
41686: 0.826924
41687: 0.826929
41688: 0.826909
41689: 0.826889
41690: 0.826893
41691: 0.826897
41692: 0.826901
41693: 0.826906
41694: 0.82691
41695: 0.826914
41696: 0.826918
41697: 0.826898
41698: 0.826902
41699: 0.826906
41700: 0.826911
41701: 0.826915
41702: 0.826919
41703: 0.826923
41704: 0.826927
41705: 0.826931
41706: 0.826936
41707: 0.82694
41708: 0.826944
41709: 0.826948
41710: 0.826952
41711: 0.826956
41712: 0.82696
41713: 0.826965
41714: 0.826969
41715: 0.826973
41716: 0.826953
41717: 0.826957
41718: 0.826961
41719: 0.826965
41720: 0.82697
41721: 0.82695
41722: 0.826954
41723: 0.826958
41724: 0.826962
41725: 0.826966
41726: 0.826971
41727: 0.826975
41728: 0.826979
41729: 0.826983
41730: 0.826987
41731: 0.826967
41732: 0.826971
41733: 0.826976
41734: 0.82698
41735: 0.826984
41736: 0.826988
41737: 0.826992
41738: 0.826996
41739: 0.827
41740: 0.827005
41741: 0.827009
41742: 0.827013
41743: 0.826993
41744: 0.826973
41745: 0.826977
41746: 0.826982
41747: 0.826986
41748: 0.82699
41749: 0.826994
41750: 0.826998
41751: 0.827002
41752: 0.827006
41753: 0.827011
41754: 0.827015
41755: 0.827019
41756: 0.827023
41757: 0.827027
41758: 0.827031
41759: 0.827035
41760: 0.82704
41761: 0.827044
41762: 0.827024
41763: 0.827004
41764: 0.826984
41765: 0.826988
41766: 0.826969
41767: 0.826973
41768: 0.826953
41769: 0.826933
41770: 0.826913
41771: 0.826894
41772: 0.826874
41773: 0.826854
41774: 0.826858
41775: 0.826862
41776: 0.826843
41777: 0.826823
41778: 0.826803
41779: 0.826807
41780: 0.826811
41781: 0.826815
41782: 0.82682
41783: 0.826824
41784: 0.826828
41785: 0.826832
41786: 0.826836
41787: 0.82684
41788: 0.826844
41789: 0.826849
41790: 0.826853
41791: 0.826833
41792: 0.826813
41793: 0.826817
41794: 0.826821
41795: 0.826826
41796: 0.826806
41797: 0.826786
41798: 0.82679
41799: 0.826794
41800: 0.826798
41801: 0.826803
41802: 0.826807
41803: 0.826811
41804: 0.826791
41805: 0.826795
41806: 0.826799
41807: 0.826803
41808: 0.826808
41809: 0.826812
41810: 0.826816
41811: 0.826796
41812: 0.826776
41813: 0.826781
41814: 0.826785
41815: 0.826789
41816: 0.826793
41817: 0.826797
41818: 0.826801
41819: 0.826805
41820: 0.826809
41821: 0.826814
41822: 0.826818
41823: 0.826822
41824: 0.826826
41825: 0.82683
41826: 0.826834
41827: 0.826838
41828: 0.826843
41829: 0.826847
41830: 0.826851
41831: 0.826855
41832: 0.826859
41833: 0.826863
41834: 0.826867
41835: 0.826872
41836: 0.826876
41837: 0.82688
41838: 0.826884
41839: 0.826888
41840: 0.826868
41841: 0.826873
41842: 0.826877
41843: 0.826881
41844: 0.826885
41845: 0.826865
41846: 0.826869
41847: 0.826873
41848: 0.826878
41849: 0.826882
41850: 0.826886
41851: 0.82689
41852: 0.826894
41853: 0.826874
41854: 0.826879
41855: 0.826859
41856: 0.826863
41857: 0.826867
41858: 0.826871
41859: 0.826875
41860: 0.826856
41861: 0.826836
41862: 0.82684
41863: 0.826844
41864: 0.826848
41865: 0.826852
41866: 0.826856
41867: 0.826861
41868: 0.826865
41869: 0.826869
41870: 0.826873
41871: 0.826877
41872: 0.826857
41873: 0.826838
41874: 0.826818
41875: 0.826798
41876: 0.826802
41877: 0.826806
41878: 0.826811
41879: 0.826815
41880: 0.826819
41881: 0.826823
41882: 0.826827
41883: 0.826831
41884: 0.826835
41885: 0.82684
41886: 0.826844
41887: 0.826848
41888: 0.826852
41889: 0.826856
41890: 0.82686
41891: 0.826864
41892: 0.826868
41893: 0.826873
41894: 0.826877
41895: 0.826857
41896: 0.826837
41897: 0.826818
41898: 0.826798
41899: 0.826778
41900: 0.826782
41901: 0.826786
41902: 0.82679
41903: 0.826795
41904: 0.826799
41905: 0.826803
41906: 0.826807
41907: 0.826811
41908: 0.826815
41909: 0.826819
41910: 0.826824
41911: 0.826828
41912: 0.826832
41913: 0.826836
41914: 0.82684
41915: 0.826844
41916: 0.826824
41917: 0.826805
41918: 0.826809
41919: 0.826813
41920: 0.826817
41921: 0.826797
41922: 0.826802
41923: 0.826806
41924: 0.82681
41925: 0.826814
41926: 0.826818
41927: 0.826798
41928: 0.826779
41929: 0.826783
41930: 0.826787
41931: 0.826791
41932: 0.826795
41933: 0.826799
41934: 0.826803
41935: 0.826808
41936: 0.826812
41937: 0.826816
41938: 0.82682
41939: 0.826824
41940: 0.826828
41941: 0.826832
41942: 0.826836
41943: 0.826817
41944: 0.826797
41945: 0.826801
41946: 0.826805
41947: 0.826809
41948: 0.826814
41949: 0.826818
41950: 0.826798
41951: 0.826802
41952: 0.826806
41953: 0.82681
41954: 0.826814
41955: 0.826819
41956: 0.826799
41957: 0.826803
41958: 0.826807
41959: 0.826811
41960: 0.826815
41961: 0.82682
41962: 0.826824
41963: 0.826828
41964: 0.826832
41965: 0.826836
41966: 0.82684
41967: 0.826844
41968: 0.826848
41969: 0.826853
41970: 0.826857
41971: 0.826861
41972: 0.826865
41973: 0.826869
41974: 0.826873
41975: 0.826877
41976: 0.826881
41977: 0.826886
41978: 0.826866
41979: 0.82687
41980: 0.826874
41981: 0.826878
41982: 0.826882
41983: 0.826886
41984: 0.826891
41985: 0.826895
41986: 0.826899
41987: 0.826903
41988: 0.826907
41989: 0.826887
41990: 0.826891
41991: 0.826896
41992: 0.8269
41993: 0.826904
41994: 0.826908
41995: 0.826912
41996: 0.826916
41997: 0.826897
41998: 0.826877
41999: 0.826881
42000: 0.826885
42001: 0.826889
42002: 0.826893
42003: 0.826897
42004: 0.826902
42005: 0.826906
42006: 0.82691
42007: 0.826914
42008: 0.826918
42009: 0.826922
42010: 0.826926
42011: 0.82693
42012: 0.826935
42013: 0.826939
42014: 0.826943
42015: 0.826947
42016: 0.826951
42017: 0.826955
42018: 0.826959
42019: 0.82694
42020: 0.82692
42021: 0.8269
42022: 0.826904
42023: 0.826908
42024: 0.826913
42025: 0.826917
42026: 0.826921
42027: 0.826925
42028: 0.826929
42029: 0.826909
42030: 0.82689
42031: 0.826894
42032: 0.826898
42033: 0.826902
42034: 0.826906
42035: 0.826886
42036: 0.826891
42037: 0.826895
42038: 0.826899
42039: 0.826903
42040: 0.826883
42041: 0.826864
42042: 0.826844
42043: 0.826848
42044: 0.826852
42045: 0.826856
42046: 0.82686
42047: 0.826865
42048: 0.826869
42049: 0.826873
42050: 0.826877
42051: 0.826881
42052: 0.826885
42053: 0.826889
42054: 0.826893
42055: 0.826897
42056: 0.826902
42057: 0.826906
42058: 0.826886
42059: 0.82689
42060: 0.826894
42061: 0.826898
42062: 0.826879
42063: 0.826883
42064: 0.826887
42065: 0.826891
42066: 0.826895
42067: 0.826899
42068: 0.826903
42069: 0.826908
42070: 0.826888
42071: 0.826892
42072: 0.826896
42073: 0.8269
42074: 0.826904
42075: 0.826908
42076: 0.826889
42077: 0.826869
42078: 0.826849
42079: 0.82683
42080: 0.826834
42081: 0.826838
42082: 0.826842
42083: 0.826846
42084: 0.82685
42085: 0.826855
42086: 0.826859
42087: 0.826863
42088: 0.826867
42089: 0.826871
42090: 0.826875
42091: 0.826879
42092: 0.82686
42093: 0.826864
42094: 0.826868
42095: 0.826848
42096: 0.826829
42097: 0.826833
42098: 0.826837
42099: 0.826841
42100: 0.826845
42101: 0.826849
42102: 0.826853
42103: 0.826857
42104: 0.826861
42105: 0.826866
42106: 0.82687
42107: 0.82685
42108: 0.826854
42109: 0.826858
42110: 0.826862
42111: 0.826866
42112: 0.826871
42113: 0.826875
42114: 0.826879
42115: 0.826883
42116: 0.826887
42117: 0.826891
42118: 0.826871
42119: 0.826876
42120: 0.82688
42121: 0.826884
42122: 0.826888
42123: 0.826892
42124: 0.826896
42125: 0.826877
42126: 0.826881
42127: 0.826885
42128: 0.826889
42129: 0.826893
42130: 0.826897
42131: 0.826901
42132: 0.826905
42133: 0.826909
42134: 0.826913
42135: 0.826918
42136: 0.826922
42137: 0.826926
42138: 0.82693
42139: 0.826934
42140: 0.826914
42141: 0.826895
42142: 0.826899
42143: 0.826903
42144: 0.826907
42145: 0.826911
42146: 0.826915
42147: 0.826919
42148: 0.826924
42149: 0.826928
42150: 0.826932
42151: 0.826936
42152: 0.82694
42153: 0.826944
42154: 0.826948
42155: 0.826952
42156: 0.826956
42157: 0.82696
42158: 0.826965
42159: 0.826945
42160: 0.826949
42161: 0.826953
42162: 0.826957
42163: 0.826961
42164: 0.826942
42165: 0.826946
42166: 0.82695
42167: 0.82693
42168: 0.826934
42169: 0.826939
42170: 0.826919
42171: 0.826923
42172: 0.826927
42173: 0.826931
42174: 0.826912
42175: 0.826916
42176: 0.82692
42177: 0.826924
42178: 0.826928
42179: 0.826932
42180: 0.826936
42181: 0.826917
42182: 0.826921
42183: 0.826925
42184: 0.826905
42185: 0.826909
42186: 0.826914
42187: 0.826918
42188: 0.826922
42189: 0.826926
42190: 0.82693
42191: 0.82691
42192: 0.826914
42193: 0.826919
42194: 0.826923
42195: 0.826927
42196: 0.826907
42197: 0.826888
42198: 0.826892
42199: 0.826896
42200: 0.8269
42201: 0.826904
42202: 0.826908
42203: 0.826912
42204: 0.826916
42205: 0.82692
42206: 0.826901
42207: 0.826905
42208: 0.826909
42209: 0.826913
42210: 0.826917
42211: 0.826921
42212: 0.826902
42213: 0.826906
42214: 0.82691
42215: 0.826914
42216: 0.826894
42217: 0.826898
42218: 0.826903
42219: 0.826883
42220: 0.826863
42221: 0.826868
42222: 0.826848
42223: 0.826852
42224: 0.826856
42225: 0.82686
42226: 0.826841
42227: 0.826821
42228: 0.826825
42229: 0.826829
42230: 0.826833
42231: 0.826814
42232: 0.826818
42233: 0.826822
42234: 0.826826
42235: 0.82683
42236: 0.826834
42237: 0.826838
42238: 0.826819
42239: 0.826823
42240: 0.826803
42241: 0.826784
42242: 0.826788
42243: 0.826792
42244: 0.826796
42245: 0.8268
42246: 0.826781
42247: 0.826785
42248: 0.826765
42249: 0.826746
42250: 0.82675
42251: 0.826754
42252: 0.826758
42253: 0.826762
42254: 0.826766
42255: 0.82677
42256: 0.826774
42257: 0.826778
42258: 0.826759
42259: 0.826763
42260: 0.826767
42261: 0.826771
42262: 0.826775
42263: 0.826779
42264: 0.826783
42265: 0.826787
42266: 0.826792
42267: 0.826796
42268: 0.8268
42269: 0.826804
42270: 0.826808
42271: 0.826812
42272: 0.826816
42273: 0.82682
42274: 0.826824
42275: 0.826828
42276: 0.826833
42277: 0.826837
42278: 0.826841
42279: 0.826845
42280: 0.826849
42281: 0.826853
42282: 0.826857
42283: 0.826861
42284: 0.826865
42285: 0.826869
42286: 0.826874
42287: 0.826878
42288: 0.826882
42289: 0.826862
42290: 0.826866
42291: 0.82687
42292: 0.826874
42293: 0.826879
42294: 0.826883
42295: 0.826887
42296: 0.826891
42297: 0.826895
42298: 0.826899
42299: 0.826903
42300: 0.826907
42301: 0.826911
42302: 0.826915
42303: 0.826919
42304: 0.826924
42305: 0.826928
42306: 0.826932
42307: 0.826936
42308: 0.82694
42309: 0.826944
42310: 0.826948
42311: 0.826952
42312: 0.826956
42313: 0.82696
42314: 0.826964
42315: 0.826969
42316: 0.826973
42317: 0.826977
42318: 0.826981
42319: 0.826985
42320: 0.826989
42321: 0.826993
42322: 0.826997
42323: 0.827001
42324: 0.827005
42325: 0.827009
42326: 0.827013
42327: 0.826994
42328: 0.826998
42329: 0.827002
42330: 0.827006
42331: 0.82701
42332: 0.827014
42333: 0.827018
42334: 0.827023
42335: 0.827027
42336: 0.827031
42337: 0.827035
42338: 0.827039
42339: 0.827043
42340: 0.827023
42341: 0.827004
42342: 0.827008
42343: 0.827012
42344: 0.827016
42345: 0.82702
42346: 0.827024
42347: 0.827028
42348: 0.827033
42349: 0.827037
42350: 0.827041
42351: 0.827045
42352: 0.827049
42353: 0.827053
42354: 0.827057
42355: 0.827061
42356: 0.827065
42357: 0.827069
42358: 0.827073
42359: 0.827054
42360: 0.827034
42361: 0.827015
42362: 0.827019
42363: 0.827023
42364: 0.827027
42365: 0.827031
42366: 0.827035
42367: 0.827039
42368: 0.827043
42369: 0.827047
42370: 0.827052
42371: 0.827056
42372: 0.82706
42373: 0.827064
42374: 0.827068
42375: 0.827048
42376: 0.827029
42377: 0.827033
42378: 0.827037
42379: 0.827041
42380: 0.827045
42381: 0.827049
42382: 0.827053
42383: 0.827057
42384: 0.827061
42385: 0.827066
42386: 0.82707
42387: 0.82705
42388: 0.827054
42389: 0.827035
42390: 0.827039
42391: 0.827043
42392: 0.827023
42393: 0.827027
42394: 0.827031
42395: 0.827012
42396: 0.826992
42397: 0.826997
42398: 0.827001
42399: 0.827005
42400: 0.827009
42401: 0.827013
42402: 0.827017
42403: 0.827021
42404: 0.827025
42405: 0.827029
42406: 0.827033
42407: 0.827014
42408: 0.826994
42409: 0.826975
42410: 0.826979
42411: 0.826983
42412: 0.826987
42413: 0.826991
42414: 0.826995
42415: 0.826976
42416: 0.82698
42417: 0.826984
42418: 0.826988
42419: 0.826992
42420: 0.826972
42421: 0.826953
42422: 0.826934
42423: 0.826914
42424: 0.826918
42425: 0.826922
42426: 0.826926
42427: 0.82693
42428: 0.826934
42429: 0.826938
42430: 0.826943
42431: 0.826947
42432: 0.826951
42433: 0.826955
42434: 0.826959
42435: 0.826939
42436: 0.826943
42437: 0.826948
42438: 0.826952
42439: 0.826956
42440: 0.826936
42441: 0.826917
42442: 0.826921
42443: 0.826925
42444: 0.826929
42445: 0.826909
42446: 0.826914
42447: 0.826918
42448: 0.826922
42449: 0.826902
42450: 0.826883
42451: 0.826863
42452: 0.826867
42453: 0.826871
42454: 0.826876
42455: 0.826856
42456: 0.826837
42457: 0.826817
42458: 0.826821
42459: 0.826802
42460: 0.826782
42461: 0.826763
42462: 0.826767
42463: 0.826771
42464: 0.826775
42465: 0.826779
42466: 0.826783
42467: 0.826787
42468: 0.826791
42469: 0.826795
42470: 0.826776
42471: 0.82678
42472: 0.826784
42473: 0.826788
42474: 0.826769
42475: 0.826749
42476: 0.826753
42477: 0.826734
42478: 0.826714
42479: 0.826718
42480: 0.826699
42481: 0.82668
42482: 0.82666
42483: 0.826641
42484: 0.826645
42485: 0.826649
42486: 0.826653
42487: 0.826657
42488: 0.826661
42489: 0.826642
42490: 0.826622
42491: 0.826603
42492: 0.826607
42493: 0.826611
42494: 0.826615
42495: 0.826595
42496: 0.826576
42497: 0.826557
42498: 0.826537
42499: 0.826541
42500: 0.826545
42501: 0.826526
42502: 0.82653
42503: 0.826534
42504: 0.826538
42505: 0.826542
42506: 0.826546
42507: 0.82655
42508: 0.826554
42509: 0.826558
42510: 0.826563
42511: 0.826567
42512: 0.826571
42513: 0.826575
42514: 0.826579
42515: 0.826583
42516: 0.826587
42517: 0.826591
42518: 0.826595
42519: 0.826599
42520: 0.826603
42521: 0.826607
42522: 0.826611
42523: 0.826616
42524: 0.82662
42525: 0.826624
42526: 0.826628
42527: 0.826632
42528: 0.826636
42529: 0.82664
42530: 0.826621
42531: 0.826601
42532: 0.826582
42533: 0.826562
42534: 0.826543
42535: 0.826547
42536: 0.826551
42537: 0.826555
42538: 0.826559
42539: 0.826563
42540: 0.826567
42541: 0.826571
42542: 0.826575
42543: 0.82658
42544: 0.826584
42545: 0.826588
42546: 0.826592
42547: 0.826596
42548: 0.8266
42549: 0.826604
42550: 0.826608
42551: 0.826612
42552: 0.826616
42553: 0.82662
42554: 0.826624
42555: 0.826628
42556: 0.826633
42557: 0.826637
42558: 0.826641
42559: 0.826645
42560: 0.826649
42561: 0.826629
42562: 0.826633
42563: 0.826638
42564: 0.826642
42565: 0.826646
42566: 0.82665
42567: 0.826654
42568: 0.826658
42569: 0.826662
42570: 0.826643
42571: 0.826647
42572: 0.826651
42573: 0.826655
42574: 0.826635
42575: 0.826616
42576: 0.82662
42577: 0.826624
42578: 0.826628
42579: 0.826632
42580: 0.826636
42581: 0.82664
42582: 0.826644
42583: 0.826649
42584: 0.826653
42585: 0.826657
42586: 0.826661
42587: 0.826665
42588: 0.826669
42589: 0.826673
42590: 0.826677
42591: 0.826681
42592: 0.826662
42593: 0.826666
42594: 0.82667
42595: 0.826674
42596: 0.826678
42597: 0.826682
42598: 0.826686
42599: 0.82669
42600: 0.826694
42601: 0.826698
42602: 0.826702
42603: 0.826706
42604: 0.82671
42605: 0.826715
42606: 0.826695
42607: 0.826676
42608: 0.82668
42609: 0.82666
42610: 0.826641
42611: 0.826622
42612: 0.826602
42613: 0.826583
42614: 0.826587
42615: 0.826591
42616: 0.826572
42617: 0.826552
42618: 0.826556
42619: 0.826537
42620: 0.826541
42621: 0.826545
42622: 0.826549
42623: 0.826553
42624: 0.826557
42625: 0.826561
42626: 0.826565
42627: 0.826569
42628: 0.826573
42629: 0.826578
42630: 0.826582
42631: 0.826586
42632: 0.82659
42633: 0.826594
42634: 0.826598
42635: 0.826602
42636: 0.826606
42637: 0.82661
42638: 0.826614
42639: 0.826618
42640: 0.826622
42641: 0.826626
42642: 0.826607
42643: 0.826611
42644: 0.826615
42645: 0.826596
42646: 0.8266
42647: 0.826604
42648: 0.826608
42649: 0.826612
42650: 0.826616
42651: 0.82662
42652: 0.826624
42653: 0.826605
42654: 0.826585
42655: 0.826566
42656: 0.826547
42657: 0.826527
42658: 0.826531
42659: 0.826535
42660: 0.826539
42661: 0.826544
42662: 0.826548
42663: 0.826552
42664: 0.826556
42665: 0.82656
42666: 0.826564
42667: 0.826568
42668: 0.826572
42669: 0.826553
42670: 0.826557
42671: 0.826561
42672: 0.826565
42673: 0.826569
42674: 0.826573
42675: 0.826577
42676: 0.826558
42677: 0.826562
42678: 0.826566
42679: 0.82657
42680: 0.826574
42681: 0.826578
42682: 0.826582
42683: 0.826586
42684: 0.82659
42685: 0.826571
42686: 0.826575
42687: 0.826579
42688: 0.826583
42689: 0.826587
42690: 0.826568
42691: 0.826572
42692: 0.826576
42693: 0.82658
42694: 0.82656
42695: 0.826541
42696: 0.826545
42697: 0.826549
42698: 0.826553
42699: 0.826557
42700: 0.826561
42701: 0.826566
42702: 0.82657
42703: 0.826574
42704: 0.826578
42705: 0.826582
42706: 0.826586
42707: 0.82659
42708: 0.826594
42709: 0.826575
42710: 0.826579
42711: 0.826583
42712: 0.826587
42713: 0.826591
42714: 0.826595
42715: 0.826599
42716: 0.826603
42717: 0.826607
42718: 0.826611
42719: 0.826615
42720: 0.826619
42721: 0.826623
42722: 0.826627
42723: 0.826631
42724: 0.826635
42725: 0.82664
42726: 0.826644
42727: 0.826648
42728: 0.826652
42729: 0.826656
42730: 0.82666
42731: 0.826664
42732: 0.826668
42733: 0.826672
42734: 0.826676
42735: 0.82668
42736: 0.826684
42737: 0.826688
42738: 0.826692
42739: 0.826696
42740: 0.8267
42741: 0.826704
42742: 0.826708
42743: 0.826713
42744: 0.826717
42745: 0.826721
42746: 0.826725
42747: 0.826729
42748: 0.826709
42749: 0.826713
42750: 0.826718
42751: 0.826722
42752: 0.826726
42753: 0.826706
42754: 0.826687
42755: 0.826691
42756: 0.826695
42757: 0.826699
42758: 0.826703
42759: 0.826707
42760: 0.826711
42761: 0.826715
42762: 0.826696
42763: 0.8267
42764: 0.826681
42765: 0.826685
42766: 0.826689
42767: 0.826669
42768: 0.826674
42769: 0.826678
42770: 0.826682
42771: 0.826686
42772: 0.82669
42773: 0.826694
42774: 0.826698
42775: 0.826679
42776: 0.826683
42777: 0.826687
42778: 0.826691
42779: 0.826695
42780: 0.826699
42781: 0.826703
42782: 0.826707
42783: 0.826711
42784: 0.826715
42785: 0.826719
42786: 0.826723
42787: 0.826727
42788: 0.826731
42789: 0.826735
42790: 0.826739
42791: 0.826743
42792: 0.826747
42793: 0.826751
42794: 0.826755
42795: 0.82676
42796: 0.826764
42797: 0.826768
42798: 0.826772
42799: 0.826776
42800: 0.82678
42801: 0.826784
42802: 0.826788
42803: 0.826792
42804: 0.826796
42805: 0.8268
42806: 0.826804
42807: 0.826808
42808: 0.826812
42809: 0.826816
42810: 0.82682
42811: 0.826824
42812: 0.826828
42813: 0.826809
42814: 0.826813
42815: 0.826817
42816: 0.826821
42817: 0.826825
42818: 0.826829
42819: 0.826833
42820: 0.826814
42821: 0.826795
42822: 0.826775
42823: 0.826756
42824: 0.826737
42825: 0.826741
42826: 0.826745
42827: 0.826749
42828: 0.826753
42829: 0.826757
42830: 0.826761
42831: 0.826765
42832: 0.826769
42833: 0.826773
42834: 0.826777
42835: 0.826781
42836: 0.826785
42837: 0.826789
42838: 0.826793
42839: 0.826797
42840: 0.826801
42841: 0.826805
42842: 0.82681
42843: 0.826814
42844: 0.826818
42845: 0.826822
42846: 0.826826
42847: 0.82683
42848: 0.826834
42849: 0.826838
42850: 0.826819
42851: 0.826823
42852: 0.826803
42853: 0.826807
42854: 0.826811
42855: 0.826815
42856: 0.826819
42857: 0.826823
42858: 0.826828
42859: 0.826832
42860: 0.826836
42861: 0.826816
42862: 0.826797
42863: 0.826801
42864: 0.826805
42865: 0.826809
42866: 0.826813
42867: 0.826817
42868: 0.826821
42869: 0.826802
42870: 0.826783
42871: 0.826787
42872: 0.826791
42873: 0.826771
42874: 0.826776
42875: 0.826756
42876: 0.826737
42877: 0.826741
42878: 0.826745
42879: 0.826749
42880: 0.826753
42881: 0.826757
42882: 0.826738
42883: 0.826719
42884: 0.826699
42885: 0.826703
42886: 0.826707
42887: 0.826711
42888: 0.826715
42889: 0.826696
42890: 0.826677
42891: 0.826658
42892: 0.826638
42893: 0.826642
42894: 0.826646
42895: 0.826651
42896: 0.826631
42897: 0.826635
42898: 0.826639
42899: 0.826643
42900: 0.826647
42901: 0.826651
42902: 0.826655
42903: 0.82666
42904: 0.826664
42905: 0.826668
42906: 0.826672
42907: 0.826652
42908: 0.826633
42909: 0.826614
42910: 0.826618
42911: 0.826622
42912: 0.826626
42913: 0.82663
42914: 0.826634
42915: 0.826638
42916: 0.826642
42917: 0.826646
42918: 0.82665
42919: 0.826654
42920: 0.826658
42921: 0.826662
42922: 0.826666
42923: 0.826647
42924: 0.826628
42925: 0.826632
42926: 0.826636
42927: 0.82664
42928: 0.826644
42929: 0.826648
42930: 0.826652
42931: 0.826656
42932: 0.82666
42933: 0.826664
42934: 0.826668
42935: 0.826672
42936: 0.826676
42937: 0.82668
42938: 0.826661
42939: 0.826665
42940: 0.826669
42941: 0.826673
42942: 0.826677
42943: 0.826681
42944: 0.826685
42945: 0.826689
42946: 0.826693
42947: 0.826697
42948: 0.826701
42949: 0.826705
42950: 0.82671
42951: 0.826714
42952: 0.826718
42953: 0.826722
42954: 0.826702
42955: 0.826706
42956: 0.82671
42957: 0.826714
42958: 0.826718
42959: 0.826723
42960: 0.826727
42961: 0.826731
42962: 0.826735
42963: 0.826739
42964: 0.826743
42965: 0.826747
42966: 0.826727
42967: 0.826732
42968: 0.826712
42969: 0.826716
42970: 0.82672
42971: 0.826724
42972: 0.826728
42973: 0.826709
42974: 0.826713
42975: 0.826717
42976: 0.826721
42977: 0.826725
42978: 0.826729
42979: 0.826733
42980: 0.826737
42981: 0.826741
42982: 0.826745
42983: 0.826749
42984: 0.826754
42985: 0.826758
42986: 0.826762
42987: 0.826766
42988: 0.82677
42989: 0.82675
42990: 0.826731
42991: 0.826712
42992: 0.826716
42993: 0.82672
42994: 0.826724
42995: 0.826705
42996: 0.826709
42997: 0.826713
42998: 0.826717
42999: 0.826698
43000: 0.826678
43001: 0.826682
43002: 0.826687
43003: 0.826691
43004: 0.826695
43005: 0.826699
43006: 0.826703
43007: 0.826707
43008: 0.826711
43009: 0.826715
43010: 0.826719
43011: 0.826723
43012: 0.826727
43013: 0.826731
43014: 0.826735
43015: 0.826739
43016: 0.826743
43017: 0.826747
43018: 0.826751
43019: 0.826755
43020: 0.826759
43021: 0.82674
43022: 0.826744
43023: 0.826748
43024: 0.826752
43025: 0.826733
43026: 0.826713
43027: 0.826717
43028: 0.826722
43029: 0.826702
43030: 0.826706
43031: 0.82671
43032: 0.826691
43033: 0.826695
43034: 0.826699
43035: 0.826703
43036: 0.826707
43037: 0.826711
43038: 0.826715
43039: 0.826696
43040: 0.826677
43041: 0.826658
43042: 0.826662
43043: 0.826666
43044: 0.82667
43045: 0.826674
43046: 0.826678
43047: 0.826682
43048: 0.826686
43049: 0.82669
43050: 0.826694
43051: 0.826698
43052: 0.826702
43053: 0.826706
43054: 0.82671
43055: 0.826714
43056: 0.826718
43057: 0.826722
43058: 0.826703
43059: 0.826684
43060: 0.826664
43061: 0.826669
43062: 0.826673
43063: 0.826677
43064: 0.826681
43065: 0.826661
43066: 0.826665
43067: 0.826669
43068: 0.826673
43069: 0.826678
43070: 0.826682
43071: 0.826686
43072: 0.82669
43073: 0.826694
43074: 0.826698
43075: 0.826702
43076: 0.826682
43077: 0.826663
43078: 0.826644
43079: 0.826625
43080: 0.826629
43081: 0.826633
43082: 0.826637
43083: 0.826641
43084: 0.826645
43085: 0.826649
43086: 0.826653
43087: 0.826657
43088: 0.826661
43089: 0.826642
43090: 0.826646
43091: 0.82665
43092: 0.826631
43093: 0.826635
43094: 0.826616
43095: 0.82662
43096: 0.826624
43097: 0.826628
43098: 0.826632
43099: 0.826636
43100: 0.82664
43101: 0.826644
43102: 0.826648
43103: 0.826652
43104: 0.826656
43105: 0.82666
43106: 0.826664
43107: 0.826668
43108: 0.826672
43109: 0.826653
43110: 0.826657
43111: 0.826661
43112: 0.826665
43113: 0.826669
43114: 0.826673
43115: 0.826677
43116: 0.826681
43117: 0.826685
43118: 0.826689
43119: 0.826693
43120: 0.826697
43121: 0.826701
43122: 0.826705
43123: 0.826709
43124: 0.826713
43125: 0.826717
43126: 0.826721
43127: 0.826725
43128: 0.826706
43129: 0.82671
43130: 0.826714
43131: 0.826718
43132: 0.826722
43133: 0.826703
43134: 0.826707
43135: 0.826711
43136: 0.826715
43137: 0.826719
43138: 0.826723
43139: 0.826704
43140: 0.826685
43141: 0.826665
43142: 0.826646
43143: 0.826627
43144: 0.826608
43145: 0.826589
43146: 0.82657
43147: 0.82655
43148: 0.826531
43149: 0.826512
43150: 0.826493
43151: 0.826474
43152: 0.826455
43153: 0.826459
43154: 0.826463
43155: 0.826467
43156: 0.826471
43157: 0.826475
43158: 0.826479
43159: 0.826483
43160: 0.826464
43161: 0.826468
43162: 0.826449
43163: 0.826453
43164: 0.826457
43165: 0.826461
43166: 0.826465
43167: 0.826469
43168: 0.826473
43169: 0.826477
43170: 0.826481
43171: 0.826485
43172: 0.826489
43173: 0.826493
43174: 0.826497
43175: 0.826501
43176: 0.826505
43177: 0.826509
43178: 0.826513
43179: 0.826517
43180: 0.826521
43181: 0.826525
43182: 0.826529
43183: 0.826533
43184: 0.826537
43185: 0.826541
43186: 0.826545
43187: 0.826549
43188: 0.826553
43189: 0.826534
43190: 0.826515
43191: 0.826519
43192: 0.826523
43193: 0.826527
43194: 0.826531
43195: 0.826512
43196: 0.826493
43197: 0.826497
43198: 0.826501
43199: 0.826505
43200: 0.826509
43201: 0.826513
43202: 0.826517
43203: 0.826521
43204: 0.826525
43205: 0.826529
43206: 0.82651
43207: 0.82649
43208: 0.826494
43209: 0.826498
43210: 0.826503
43211: 0.826483
43212: 0.826464
43213: 0.826445
43214: 0.826449
43215: 0.826453
43216: 0.826457
43217: 0.826461
43218: 0.826465
43219: 0.826469
43220: 0.82645
43221: 0.826431
43222: 0.826412
43223: 0.826393
43224: 0.826397
43225: 0.826401
43226: 0.826405
43227: 0.826409
43228: 0.82639
43229: 0.826371
43230: 0.826375
43231: 0.826379
43232: 0.826383
43233: 0.826387
43234: 0.826391
43235: 0.826395
43236: 0.826399
43237: 0.826403
43238: 0.826407
43239: 0.826411
43240: 0.826415
43241: 0.826419
43242: 0.826423
43243: 0.826404
43244: 0.826385
43245: 0.826389
43246: 0.826393
43247: 0.826397
43248: 0.826377
43249: 0.826358
43250: 0.826362
43251: 0.826366
43252: 0.82637
43253: 0.826374
43254: 0.826378
43255: 0.826359
43256: 0.82634
43257: 0.826344
43258: 0.826348
43259: 0.826352
43260: 0.826333
43261: 0.826314
43262: 0.826318
43263: 0.826322
43264: 0.826326
43265: 0.826307
43266: 0.826311
43267: 0.826315
43268: 0.826319
43269: 0.826323
43270: 0.826327
43271: 0.826308
43272: 0.826289
43273: 0.826293
43274: 0.826297
43275: 0.826278
43276: 0.826282
43277: 0.826286
43278: 0.82629
43279: 0.826294
43280: 0.826298
43281: 0.826302
43282: 0.826306
43283: 0.82631
43284: 0.826314
43285: 0.826318
43286: 0.826322
43287: 0.826326
43288: 0.82633
43289: 0.826334
43290: 0.826315
43291: 0.826296
43292: 0.826277
43293: 0.826281
43294: 0.826262
43295: 0.826266
43296: 0.82627
43297: 0.826274
43298: 0.826278
43299: 0.826282
43300: 0.826286
43301: 0.82629
43302: 0.826294
43303: 0.826298
43304: 0.826302
43305: 0.826306
43306: 0.82631
43307: 0.826314
43308: 0.826318
43309: 0.826299
43310: 0.826303
43311: 0.826307
43312: 0.826311
43313: 0.826315
43314: 0.826319
43315: 0.826323
43316: 0.826327
43317: 0.826331
43318: 0.826335
43319: 0.826339
43320: 0.826343
43321: 0.826347
43322: 0.826351
43323: 0.826355
43324: 0.826359
43325: 0.826363
43326: 0.826367
43327: 0.826371
43328: 0.826375
43329: 0.826379
43330: 0.826383
43331: 0.826387
43332: 0.826368
43333: 0.826349
43334: 0.82633
43335: 0.826334
43336: 0.826338
43337: 0.826342
43338: 0.826346
43339: 0.826327
43340: 0.826331
43341: 0.826312
43342: 0.826316
43343: 0.82632
43344: 0.826301
43345: 0.826305
43346: 0.826309
43347: 0.826313
43348: 0.826317
43349: 0.826321
43350: 0.826325
43351: 0.826329
43352: 0.82631
43353: 0.826314
43354: 0.826318
43355: 0.826322
43356: 0.826326
43357: 0.82633
43358: 0.826334
43359: 0.826338
43360: 0.826342
43361: 0.826346
43362: 0.82635
43363: 0.826354
43364: 0.826335
43365: 0.826316
43366: 0.82632
43367: 0.826324
43368: 0.826328
43369: 0.826332
43370: 0.826336
43371: 0.82634
43372: 0.826321
43373: 0.826325
43374: 0.826329
43375: 0.826333
43376: 0.826337
43377: 0.826341
43378: 0.826345
43379: 0.826349
43380: 0.826353
43381: 0.826357
43382: 0.826361
43383: 0.826342
43384: 0.826346
43385: 0.82635
43386: 0.826354
43387: 0.826358
43388: 0.826362
43389: 0.826366
43390: 0.82637
43391: 0.826374
43392: 0.826354
43393: 0.826335
43394: 0.826339
43395: 0.826343
43396: 0.826347
43397: 0.826351
43398: 0.826355
43399: 0.826359
43400: 0.82634
43401: 0.826321
43402: 0.826302
43403: 0.826306
43404: 0.82631
43405: 0.826314
43406: 0.826295
43407: 0.826276
43408: 0.826257
43409: 0.826261
43410: 0.826265
43411: 0.826269
43412: 0.826273
43413: 0.826254
43414: 0.826258
43415: 0.826262
43416: 0.826266
43417: 0.82627
43418: 0.826274
43419: 0.826278
43420: 0.826282
43421: 0.826286
43422: 0.82629
43423: 0.826294
43424: 0.826298
43425: 0.826302
43426: 0.826306
43427: 0.82631
43428: 0.826291
43429: 0.826295
43430: 0.826299
43431: 0.826303
43432: 0.826307
43433: 0.826311
43434: 0.826315
43435: 0.826319
43436: 0.8263
43437: 0.826281
43438: 0.826285
43439: 0.826289
43440: 0.826293
43441: 0.826297
43442: 0.826301
43443: 0.826305
43444: 0.826309
43445: 0.826313
43446: 0.826317
43447: 0.826321
43448: 0.826325
43449: 0.826329
43450: 0.82631
43451: 0.826314
43452: 0.826318
43453: 0.826322
43454: 0.826303
43455: 0.826284
43456: 0.826265
43457: 0.826269
43458: 0.826273
43459: 0.826277
43460: 0.826281
43461: 0.826285
43462: 0.826289
43463: 0.826293
43464: 0.826297
43465: 0.826301
43466: 0.826305
43467: 0.826309
43468: 0.826313
43469: 0.826317
43470: 0.826321
43471: 0.826325
43472: 0.826329
43473: 0.826333
43474: 0.826337
43475: 0.826341
43476: 0.826345
43477: 0.826349
43478: 0.826353
43479: 0.826357
43480: 0.826361
43481: 0.826365
43482: 0.826369
43483: 0.82635
43484: 0.826354
43485: 0.826358
43486: 0.826362
43487: 0.826366
43488: 0.82637
43489: 0.826374
43490: 0.826355
43491: 0.826359
43492: 0.826363
43493: 0.826367
43494: 0.826371
43495: 0.826375
43496: 0.826379
43497: 0.826383
43498: 0.826387
43499: 0.826368
43500: 0.826372
43501: 0.826376
43502: 0.826357
43503: 0.826361
43504: 0.826365
43505: 0.826369
43506: 0.82635
43507: 0.826331
43508: 0.826312
43509: 0.826293
43510: 0.826274
43511: 0.826278
43512: 0.826282
43513: 0.826286
43514: 0.82629
43515: 0.826294
43516: 0.826298
43517: 0.826279
43518: 0.82626
43519: 0.826264
43520: 0.826268
43521: 0.826272
43522: 0.826253
43523: 0.826257
43524: 0.826261
43525: 0.826265
43526: 0.826269
43527: 0.826273
43528: 0.826277
43529: 0.826281
43530: 0.826285
43531: 0.826289
43532: 0.826293
43533: 0.826297
43534: 0.826301
43535: 0.826282
43536: 0.826263
43537: 0.826244
43538: 0.826248
43539: 0.826252
43540: 0.826256
43541: 0.82626
43542: 0.826264
43543: 0.826268
43544: 0.826272
43545: 0.826276
43546: 0.82628
43547: 0.826284
43548: 0.826288
43549: 0.826292
43550: 0.826296
43551: 0.826277
43552: 0.826258
43553: 0.826262
43554: 0.826243
43555: 0.826247
43556: 0.826251
43557: 0.826255
43558: 0.826259
43559: 0.826263
43560: 0.826267
43561: 0.826271
43562: 0.826275
43563: 0.826279
43564: 0.826283
43565: 0.826287
43566: 0.826291
43567: 0.826272
43568: 0.826276
43569: 0.82628
43570: 0.826284
43571: 0.826288
43572: 0.826292
43573: 0.826295
43574: 0.826299
43575: 0.826303
43576: 0.826307
43577: 0.826311
43578: 0.826315
43579: 0.826296
43580: 0.826278
43581: 0.826281
43582: 0.826285
43583: 0.826289
43584: 0.826293
43585: 0.826297
43586: 0.826301
43587: 0.826305
43588: 0.826309
43589: 0.826313
43590: 0.826294
43591: 0.826298
43592: 0.826302
43593: 0.826306
43594: 0.82631
43595: 0.826314
43596: 0.826318
43597: 0.826322
43598: 0.826326
43599: 0.826307
43600: 0.826311
43601: 0.826315
43602: 0.826296
43603: 0.826277
43604: 0.826281
43605: 0.826285
43606: 0.826289
43607: 0.826293
43608: 0.826297
43609: 0.826301
43610: 0.826305
43611: 0.826309
43612: 0.826313
43613: 0.826317
43614: 0.826321
43615: 0.826302
43616: 0.826306
43617: 0.82631
43618: 0.826314
43619: 0.826318
43620: 0.826322
43621: 0.826326
43622: 0.82633
43623: 0.826334
43624: 0.826338
43625: 0.826342
43626: 0.826346
43627: 0.82635
43628: 0.826331
43629: 0.826335
43630: 0.826339
43631: 0.826343
43632: 0.826347
43633: 0.826351
43634: 0.826355
43635: 0.826336
43636: 0.82634
43637: 0.826344
43638: 0.826348
43639: 0.826352
43640: 0.826356
43641: 0.826337
43642: 0.826341
43643: 0.826345
43644: 0.826349
43645: 0.826353
43646: 0.826357
43647: 0.826361
43648: 0.826365
43649: 0.826369
43650: 0.826373
43651: 0.826377
43652: 0.826381
43653: 0.826385
43654: 0.826389
43655: 0.826393
43656: 0.826397
43657: 0.826401
43658: 0.826405
43659: 0.826409
43660: 0.826413
43661: 0.826417
43662: 0.826421
43663: 0.826402
43664: 0.826406
43665: 0.826387
43666: 0.826391
43667: 0.826395
43668: 0.826399
43669: 0.826403
43670: 0.826407
43671: 0.826411
43672: 0.826414
43673: 0.826418
43674: 0.826422
43675: 0.826426
43676: 0.82643
43677: 0.826434
43678: 0.826438
43679: 0.826442
43680: 0.826446
43681: 0.82645
43682: 0.826431
43683: 0.826435
43684: 0.826439
43685: 0.826443
43686: 0.826447
43687: 0.826451
43688: 0.826455
43689: 0.826459
43690: 0.826463
43691: 0.826467
43692: 0.826471
43693: 0.826475
43694: 0.826456
43695: 0.82646
43696: 0.826464
43697: 0.826468
43698: 0.826449
43699: 0.826453
43700: 0.826457
43701: 0.826438
43702: 0.826442
43703: 0.826446
43704: 0.82645
43705: 0.826454
43706: 0.826435
43707: 0.826416
43708: 0.82642
43709: 0.826424
43710: 0.826405
43711: 0.826386
43712: 0.826367
43713: 0.826371
43714: 0.826375
43715: 0.826379
43716: 0.826383
43717: 0.826387
43718: 0.826368
43719: 0.826349
43720: 0.826331
43721: 0.826312
43722: 0.826316
43723: 0.82632
43724: 0.826324
43725: 0.826305
43726: 0.826286
43727: 0.82629
43728: 0.826294
43729: 0.826298
43730: 0.826302
43731: 0.826306
43732: 0.82631
43733: 0.826314
43734: 0.826318
43735: 0.826322
43736: 0.826326
43737: 0.82633
43738: 0.826333
43739: 0.826337
43740: 0.826341
43741: 0.826345
43742: 0.826349
43743: 0.826353
43744: 0.826357
43745: 0.826361
43746: 0.826365
43747: 0.826369
43748: 0.82635
43749: 0.826354
43750: 0.826358
43751: 0.826362
43752: 0.826366
43753: 0.82637
43754: 0.826374
43755: 0.826378
43756: 0.826359
43757: 0.82634
43758: 0.826344
43759: 0.826348
43760: 0.826329
43761: 0.82631
43762: 0.826314
43763: 0.826318
43764: 0.826322
43765: 0.826304
43766: 0.826307
43767: 0.826311
43768: 0.826315
43769: 0.826297
43770: 0.826301
43771: 0.826304
43772: 0.826308
43773: 0.82629
43774: 0.826294
43775: 0.826298
43776: 0.826301
43777: 0.826305
43778: 0.826309
43779: 0.826313
43780: 0.826317
43781: 0.826321
43782: 0.826325
43783: 0.826329
43784: 0.826333
43785: 0.826337
43786: 0.826341
43787: 0.826322
43788: 0.826326
43789: 0.82633
43790: 0.826334
43791: 0.826315
43792: 0.826319
43793: 0.826323
43794: 0.826327
43795: 0.826308
43796: 0.826289
43797: 0.826293
43798: 0.826275
43799: 0.826256
43800: 0.82626
43801: 0.826241
43802: 0.826245
43803: 0.826249
43804: 0.826253
43805: 0.826257
43806: 0.826261
43807: 0.826265
43808: 0.826246
43809: 0.826227
43810: 0.826231
43811: 0.826235
43812: 0.826216
43813: 0.826197
43814: 0.826201
43815: 0.826205
43816: 0.826186
43817: 0.826167
43818: 0.826171
43819: 0.826175
43820: 0.826179
43821: 0.826183
43822: 0.826187
43823: 0.826191
43824: 0.826195
43825: 0.826199
43826: 0.826203
43827: 0.826207
43828: 0.826211
43829: 0.826215
43830: 0.826219
43831: 0.8262
43832: 0.826181
43833: 0.826162
43834: 0.826166
43835: 0.826147
43836: 0.826151
43837: 0.826155
43838: 0.826159
43839: 0.826163
43840: 0.826167
43841: 0.826171
43842: 0.826175
43843: 0.826179
43844: 0.826183
43845: 0.826187
43846: 0.826191
43847: 0.826195
43848: 0.826199
43849: 0.826203
43850: 0.826207
43851: 0.826211
43852: 0.826215
43853: 0.826219
43854: 0.826223
43855: 0.826227
43856: 0.826208
43857: 0.826189
43858: 0.82617
43859: 0.826174
43860: 0.826178
43861: 0.826182
43862: 0.826186
43863: 0.82619
43864: 0.826194
43865: 0.826198
43866: 0.826202
43867: 0.826206
43868: 0.82621
43869: 0.826214
43870: 0.826218
43871: 0.826222
43872: 0.826226
43873: 0.82623
43874: 0.826234
43875: 0.826238
43876: 0.826242
43877: 0.826223
43878: 0.826227
43879: 0.826231
43880: 0.826235
43881: 0.826239
43882: 0.826243
43883: 0.826246
43884: 0.82625
43885: 0.826254
43886: 0.826258
43887: 0.826262
43888: 0.826266
43889: 0.82627
43890: 0.826274
43891: 0.826278
43892: 0.826282
43893: 0.826286
43894: 0.82629
43895: 0.826271
43896: 0.826275
43897: 0.826279
43898: 0.826283
43899: 0.826264
43900: 0.826268
43901: 0.826272
43902: 0.826276
43903: 0.82628
43904: 0.826284
43905: 0.826288
43906: 0.826292
43907: 0.826296
43908: 0.8263
43909: 0.826304
43910: 0.826308
43911: 0.826312
43912: 0.826316
43913: 0.826297
43914: 0.826278
43915: 0.826259
43916: 0.826263
43917: 0.826267
43918: 0.826248
43919: 0.826252
43920: 0.826256
43921: 0.82626
43922: 0.826264
43923: 0.826268
43924: 0.826272
43925: 0.826276
43926: 0.82628
43927: 0.826284
43928: 0.826288
43929: 0.826292
43930: 0.826296
43931: 0.8263
43932: 0.826304
43933: 0.826308
43934: 0.826312
43935: 0.826316
43936: 0.82632
43937: 0.826323
43938: 0.826327
43939: 0.826331
43940: 0.826335
43941: 0.826339
43942: 0.826343
43943: 0.826347
43944: 0.826351
43945: 0.826355
43946: 0.826359
43947: 0.82634
43948: 0.826344
43949: 0.826348
43950: 0.826352
43951: 0.826356
43952: 0.82636
43953: 0.826364
43954: 0.826368
43955: 0.826372
43956: 0.826376
43957: 0.826357
43958: 0.826361
43959: 0.826365
43960: 0.826369
43961: 0.826373
43962: 0.826377
43963: 0.826381
43964: 0.826385
43965: 0.826389
43966: 0.826393
43967: 0.826396
43968: 0.8264
43969: 0.826404
43970: 0.826386
43971: 0.82639
43972: 0.826393
43973: 0.826397
43974: 0.826401
43975: 0.826405
43976: 0.826387
43977: 0.826368
43978: 0.826372
43979: 0.826353
43980: 0.826357
43981: 0.826361
43982: 0.826365
43983: 0.826346
43984: 0.82635
43985: 0.826354
43986: 0.826358
43987: 0.826362
43988: 0.826366
43989: 0.82637
43990: 0.826374
43991: 0.826378
43992: 0.826381
43993: 0.826385
43994: 0.826389
43995: 0.826393
43996: 0.826397
43997: 0.826401
43998: 0.826405
43999: 0.826386
44000: 0.82639
44001: 0.826394
44002: 0.826398
44003: 0.826402
44004: 0.826406
44005: 0.82641
44006: 0.826414
44007: 0.826418
44008: 0.826422
44009: 0.826426
44010: 0.82643
44011: 0.826434
44012: 0.826438
44013: 0.826419
44014: 0.8264
44015: 0.826381
44016: 0.826385
44017: 0.826389
44018: 0.826393
44019: 0.826397
44020: 0.826378
44021: 0.82636
44022: 0.826341
44023: 0.826345
44024: 0.826349
44025: 0.826353
44026: 0.826357
44027: 0.82636
44028: 0.826364
44029: 0.826368
44030: 0.826372
44031: 0.826354
44032: 0.826335
44033: 0.826316
44034: 0.82632
44035: 0.826324
44036: 0.826328
44037: 0.826332
44038: 0.826336
44039: 0.82634
44040: 0.826344
44041: 0.826348
44042: 0.826352
44043: 0.826355
44044: 0.826359
44045: 0.826363
44046: 0.826367
44047: 0.826371
44048: 0.826375
44049: 0.826379
44050: 0.826383
44051: 0.826387
44052: 0.826391
44053: 0.826395
44054: 0.826399
44055: 0.826403
44056: 0.826407
44057: 0.826411
44058: 0.826415
44059: 0.826419
44060: 0.826422
44061: 0.826426
44062: 0.82643
44063: 0.826434
44064: 0.826438
44065: 0.826442
44066: 0.826446
44067: 0.82645
44068: 0.826431
44069: 0.826413
44070: 0.826394
44071: 0.826398
44072: 0.826402
44073: 0.826406
44074: 0.82641
44075: 0.826413
44076: 0.826417
44077: 0.826421
44078: 0.826425
44079: 0.826429
44080: 0.826433
44081: 0.826437
44082: 0.826441
44083: 0.826445
44084: 0.826449
44085: 0.826453
44086: 0.826457
44087: 0.826461
44088: 0.826442
44089: 0.826446
44090: 0.82645
44091: 0.826454
44092: 0.826458
44093: 0.826462
44094: 0.826466
44095: 0.82647
44096: 0.826473
44097: 0.826477
44098: 0.826481
44099: 0.826485
44100: 0.826489
44101: 0.826493
44102: 0.826497
44103: 0.826501
44104: 0.826505
44105: 0.826509
44106: 0.826513
44107: 0.826517
44108: 0.826521
44109: 0.826525
44110: 0.826529
44111: 0.826532
44112: 0.826536
44113: 0.82654
44114: 0.826544
44115: 0.826548
44116: 0.826552
44117: 0.826556
44118: 0.82656
44119: 0.826564
44120: 0.826568
44121: 0.826572
44122: 0.826576
44123: 0.82658
44124: 0.826584
44125: 0.826587
44126: 0.826591
44127: 0.826595
44128: 0.826577
44129: 0.826581
44130: 0.826584
44131: 0.826588
44132: 0.826592
44133: 0.826596
44134: 0.8266
44135: 0.826604
44136: 0.826608
44137: 0.826612
44138: 0.826616
44139: 0.82662
44140: 0.826624
44141: 0.826628
44142: 0.826632
44143: 0.826636
44144: 0.826617
44145: 0.826598
44146: 0.826602
44147: 0.826606
44148: 0.82661
44149: 0.826614
44150: 0.826618
44151: 0.826622
44152: 0.826603
44153: 0.826584
44154: 0.826588
44155: 0.826592
44156: 0.826596
44157: 0.826577
44158: 0.826581
44159: 0.826585
44160: 0.826589
44161: 0.826593
44162: 0.826597
44163: 0.826601
44164: 0.826605
44165: 0.826609
44166: 0.82659
44167: 0.826594
44168: 0.826598
44169: 0.826602
44170: 0.826583
44171: 0.826587
44172: 0.826591
44173: 0.826595
44174: 0.826599
44175: 0.826603
44176: 0.826607
44177: 0.826611
44178: 0.826614
44179: 0.826618
44180: 0.826622
44181: 0.826626
44182: 0.82663
44183: 0.826634
44184: 0.826615
44185: 0.826619
44186: 0.826623
44187: 0.826627
44188: 0.826631
44189: 0.826635
44190: 0.826616
44191: 0.826598
44192: 0.826579
44193: 0.82656
44194: 0.826564
44195: 0.826568
44196: 0.826572
44197: 0.826576
44198: 0.82658
44199: 0.826584
44200: 0.826588
44201: 0.826592
44202: 0.826595
44203: 0.826577
44204: 0.826581
44205: 0.826585
44206: 0.826589
44207: 0.826592
44208: 0.826596
44209: 0.8266
44210: 0.826604
44211: 0.826586
44212: 0.826567
44213: 0.826571
44214: 0.826552
44215: 0.826533
44216: 0.826515
44217: 0.826496
44218: 0.8265
44219: 0.826504
44220: 0.826508
44221: 0.826512
44222: 0.826516
44223: 0.82652
44224: 0.826523
44225: 0.826527
44226: 0.826531
44227: 0.826535
44228: 0.826517
44229: 0.826498
44230: 0.826502
44231: 0.826506
44232: 0.826487
44233: 0.826491
44234: 0.826495
44235: 0.826499
44236: 0.826503
44237: 0.826507
44238: 0.826511
44239: 0.826514
44240: 0.826518
44241: 0.826522
44242: 0.826526
44243: 0.82653
44244: 0.826534
44245: 0.826538
44246: 0.826542
44247: 0.826523
44248: 0.826505
44249: 0.826486
44250: 0.826467
44251: 0.826449
44252: 0.826452
44253: 0.826456
44254: 0.826438
44255: 0.826419
44256: 0.826423
44257: 0.826427
44258: 0.826431
44259: 0.826435
44260: 0.826439
44261: 0.826443
44262: 0.826446
44263: 0.82645
44264: 0.826454
44265: 0.826458
44266: 0.826462
44267: 0.826466
44268: 0.82647
44269: 0.826474
44270: 0.826478
44271: 0.826482
44272: 0.826486
44273: 0.82649
44274: 0.826471
44275: 0.826475
44276: 0.826479
44277: 0.826483
44278: 0.826464
44279: 0.826445
44280: 0.826427
44281: 0.826431
44282: 0.826435
44283: 0.826416
44284: 0.82642
44285: 0.826424
44286: 0.826428
44287: 0.826432
44288: 0.826435
44289: 0.826439
44290: 0.826443
44291: 0.826425
44292: 0.826406
44293: 0.82641
44294: 0.826414
44295: 0.826418
44296: 0.826422
44297: 0.826426
44298: 0.826429
44299: 0.826411
44300: 0.826392
44301: 0.826374
44302: 0.826355
44303: 0.826336
44304: 0.82634
44305: 0.826344
44306: 0.826348
44307: 0.826352
44308: 0.826356
44309: 0.82636
44310: 0.826364
44311: 0.826345
44312: 0.826349
44313: 0.826353
44314: 0.826357
44315: 0.826361
44316: 0.826365
44317: 0.826369
44318: 0.82635
44319: 0.826331
44320: 0.826313
44321: 0.826317
44322: 0.82632
44323: 0.826324
44324: 0.826306
44325: 0.82631
44326: 0.826314
44327: 0.826317
44328: 0.826321
44329: 0.826325
44330: 0.826329
44331: 0.826333
44332: 0.826314
44333: 0.826318
44334: 0.826322
44335: 0.826326
44336: 0.82633
44337: 0.826334
44338: 0.826338
44339: 0.826342
44340: 0.826346
44341: 0.82635
44342: 0.826354
44343: 0.826358
44344: 0.826361
44345: 0.826365
44346: 0.826369
44347: 0.826373
44348: 0.826377
44349: 0.826381
44350: 0.826385
44351: 0.826389
44352: 0.82637
44353: 0.826352
44354: 0.826333
44355: 0.826314
44356: 0.826318
44357: 0.826322
44358: 0.826326
44359: 0.82633
44360: 0.826334
44361: 0.826338
44362: 0.826319
44363: 0.826323
44364: 0.826305
44365: 0.826308
44366: 0.826312
44367: 0.826294
44368: 0.826298
44369: 0.826302
44370: 0.826305
44371: 0.826309
44372: 0.826313
44373: 0.826317
44374: 0.826321
44375: 0.826325
44376: 0.826329
44377: 0.826333
44378: 0.826337
44379: 0.826341
44380: 0.826345
44381: 0.826349
44382: 0.826352
44383: 0.826356
44384: 0.82636
44385: 0.826364
44386: 0.826368
44387: 0.826372
44388: 0.826376
44389: 0.82638
44390: 0.826384
44391: 0.826388
44392: 0.826392
44393: 0.826395
44394: 0.826399
44395: 0.826403
44396: 0.826385
44397: 0.826389
44398: 0.826392
44399: 0.826396
44400: 0.826378
44401: 0.826359
44402: 0.826341
44403: 0.826344
44404: 0.826348
44405: 0.826352
44406: 0.826356
44407: 0.82636
44408: 0.826364
44409: 0.826368
44410: 0.826372
44411: 0.826376
44412: 0.82638
44413: 0.826384
44414: 0.826387
44415: 0.826391
44416: 0.826395
44417: 0.826399
44418: 0.826403
44419: 0.826407
44420: 0.826411
44421: 0.826415
44422: 0.826396
44423: 0.8264
44424: 0.826404
44425: 0.826408
44426: 0.826412
44427: 0.826416
44428: 0.82642
44429: 0.826424
44430: 0.826427
44431: 0.826431
44432: 0.826435
44433: 0.826439
44434: 0.826443
44435: 0.826447
44436: 0.826451
44437: 0.826455
44438: 0.826459
44439: 0.826463
44440: 0.826467
44441: 0.82647
44442: 0.826474
44443: 0.826456
44444: 0.82646
44445: 0.826464
44446: 0.826467
44447: 0.826471
44448: 0.826475
44449: 0.826479
44450: 0.826483
44451: 0.826487
44452: 0.826468
44453: 0.82645
44454: 0.826454
44455: 0.826458
44456: 0.826462
44457: 0.826465
44458: 0.826469
44459: 0.826473
44460: 0.826477
44461: 0.826481
44462: 0.826485
44463: 0.826489
44464: 0.826493
44465: 0.826474
44466: 0.826456
44467: 0.826459
44468: 0.826463
44469: 0.826445
44470: 0.826426
44471: 0.82643
44472: 0.826412
44473: 0.826415
44474: 0.826419
44475: 0.826423
44476: 0.826427
44477: 0.826431
44478: 0.826435
44479: 0.826416
44480: 0.826398
44481: 0.826379
44482: 0.826383
44483: 0.826387
44484: 0.826391
44485: 0.826395
44486: 0.826399
44487: 0.82638
44488: 0.826384
44489: 0.826388
44490: 0.826392
44491: 0.826396
44492: 0.8264
44493: 0.826404
44494: 0.826407
44495: 0.826411
44496: 0.826415
44497: 0.826419
44498: 0.826423
44499: 0.826427
44500: 0.826431
44501: 0.826435
44502: 0.826416
44503: 0.82642
44504: 0.826424
44505: 0.826428
44506: 0.826432
44507: 0.826436
44508: 0.826417
44509: 0.826399
44510: 0.82638
44511: 0.826361
44512: 0.826343
44513: 0.826347
44514: 0.826351
44515: 0.826355
44516: 0.826358
44517: 0.826362
44518: 0.826344
44519: 0.826348
44520: 0.826352
44521: 0.826356
44522: 0.826359
44523: 0.826341
44524: 0.826322
44525: 0.826326
44526: 0.82633
44527: 0.826312
44528: 0.826315
44529: 0.826319
44530: 0.826323
44531: 0.826327
44532: 0.826331
44533: 0.826312
44534: 0.826316
44535: 0.82632
44536: 0.826324
44537: 0.826328
44538: 0.826332
44539: 0.826336
44540: 0.82634
44541: 0.826344
44542: 0.826348
44543: 0.826351
44544: 0.826333
44545: 0.826314
44546: 0.826318
44547: 0.826322
44548: 0.826326
44549: 0.82633
44550: 0.826334
44551: 0.826338
44552: 0.826342
44553: 0.826346
44554: 0.826349
44555: 0.826353
44556: 0.826357
44557: 0.826361
44558: 0.826365
44559: 0.826369
44560: 0.826373
44561: 0.826377
44562: 0.826381
44563: 0.826385
44564: 0.826388
44565: 0.826392
44566: 0.826396
44567: 0.8264
44568: 0.826404
44569: 0.826385
44570: 0.826367
44571: 0.826348
44572: 0.82633
44573: 0.826334
44574: 0.826338
44575: 0.826319
44576: 0.826301
44577: 0.826282
44578: 0.826263
44579: 0.826245
44580: 0.826249
44581: 0.826253
44582: 0.826257
44583: 0.826261
44584: 0.826264
44585: 0.826268
44586: 0.826272
44587: 0.826276
44588: 0.82628
44589: 0.826284
44590: 0.826265
44591: 0.826247
44592: 0.826251
44593: 0.826255
44594: 0.826259
44595: 0.826262
44596: 0.826266
44597: 0.82627
44598: 0.826274
44599: 0.826278
44600: 0.826282
44601: 0.826286
44602: 0.82629
44603: 0.826294
44604: 0.826298
44605: 0.826301
44606: 0.826305
44607: 0.826309
44608: 0.826291
44609: 0.826272
44610: 0.826276
44611: 0.82628
44612: 0.826284
44613: 0.826288
44614: 0.826292
44615: 0.826273
44616: 0.826277
44617: 0.826281
44618: 0.826285
44619: 0.826266
44620: 0.82627
44621: 0.826252
44622: 0.826233
44623: 0.826237
44624: 0.826241
44625: 0.826245
44626: 0.826249
44627: 0.826253
44628: 0.826256
44629: 0.826238
44630: 0.826242
44631: 0.826246
44632: 0.82625
44633: 0.826254
44634: 0.826257
44635: 0.826261
44636: 0.826265
44637: 0.826269
44638: 0.826273
44639: 0.826277
44640: 0.826281
44641: 0.826285
44642: 0.826289
44643: 0.826292
44644: 0.826274
44645: 0.826278
44646: 0.826282
44647: 0.826263
44648: 0.826267
44649: 0.826271
44650: 0.826275
44651: 0.826279
44652: 0.82626
44653: 0.826264
44654: 0.826268
44655: 0.82625
44656: 0.826253
44657: 0.826235
44658: 0.826239
44659: 0.826243
44660: 0.826224
44661: 0.826228
44662: 0.826232
44663: 0.826236
44664: 0.82624
44665: 0.826221
44666: 0.826225
44667: 0.826229
44668: 0.826233
44669: 0.826237
44670: 0.826241
44671: 0.826245
44672: 0.826249
44673: 0.826252
44674: 0.826256
44675: 0.82626
44676: 0.826264
44677: 0.826268
44678: 0.826272
44679: 0.826276
44680: 0.826257
44681: 0.826261
44682: 0.826265
44683: 0.826269
44684: 0.826273
44685: 0.826277
44686: 0.826281
44687: 0.826284
44688: 0.826288
44689: 0.82627
44690: 0.826251
44691: 0.826233
44692: 0.826214
44693: 0.826218
44694: 0.826222
44695: 0.826226
44696: 0.82623
44697: 0.826234
44698: 0.826238
44699: 0.826242
44700: 0.826245
44701: 0.826227
44702: 0.826231
44703: 0.826235
44704: 0.826239
44705: 0.826243
44706: 0.826246
44707: 0.82625
44708: 0.826254
44709: 0.826258
44710: 0.826262
44711: 0.826266
44712: 0.82627
44713: 0.826274
44714: 0.826278
44715: 0.826259
44716: 0.826263
44717: 0.826267
44718: 0.826271
44719: 0.826275
44720: 0.826278
44721: 0.826282
44722: 0.826286
44723: 0.82629
44724: 0.826294
44725: 0.826298
44726: 0.826302
44727: 0.826306
44728: 0.82631
44729: 0.826313
44730: 0.826317
44731: 0.826321
44732: 0.826325
44733: 0.826329
44734: 0.826333
44735: 0.826337
44736: 0.826341
44737: 0.826344
44738: 0.826348
44739: 0.826352
44740: 0.826356
44741: 0.82636
44742: 0.826364
44743: 0.826368
44744: 0.826372
44745: 0.826376
44746: 0.826379
44747: 0.826383
44748: 0.826387
44749: 0.826391
44750: 0.826395
44751: 0.826399
44752: 0.826403
44753: 0.826407
44754: 0.826388
44755: 0.826392
44756: 0.826396
44757: 0.8264
44758: 0.826404
44759: 0.826408
44760: 0.826411
44761: 0.826415
44762: 0.826419
44763: 0.826423
44764: 0.826405
44765: 0.826386
44766: 0.82639
44767: 0.826394
44768: 0.826398
44769: 0.826402
44770: 0.826405
44771: 0.826409
44772: 0.826413
44773: 0.826417
44774: 0.826421
44775: 0.826425
44776: 0.826429
44777: 0.826433
44778: 0.826436
44779: 0.82644
44780: 0.826444
44781: 0.826448
44782: 0.826452
44783: 0.826456
44784: 0.82646
44785: 0.826464
44786: 0.826468
44787: 0.826471
44788: 0.826475
44789: 0.826457
44790: 0.826461
44791: 0.826465
44792: 0.826468
44793: 0.826472
44794: 0.826476
44795: 0.82648
44796: 0.826484
44797: 0.826488
44798: 0.826492
44799: 0.826473
44800: 0.826455
44801: 0.826459
44802: 0.826463
44803: 0.826444
44804: 0.826448
44805: 0.826452
44806: 0.826456
44807: 0.82646
44808: 0.826463
44809: 0.826467
44810: 0.826449
44811: 0.82643
44812: 0.826434
44813: 0.826438
44814: 0.826442
44815: 0.826424
44816: 0.826405
44817: 0.826409
44818: 0.826413
44819: 0.826417
44820: 0.826421
44821: 0.826402
44822: 0.826384
44823: 0.826388
44824: 0.826392
44825: 0.826395
44826: 0.826399
44827: 0.826403
44828: 0.826407
44829: 0.826411
44830: 0.826392
44831: 0.826374
44832: 0.826378
44833: 0.826359
44834: 0.826363
44835: 0.826367
44836: 0.826371
44837: 0.826375
44838: 0.826357
44839: 0.826338
44840: 0.82632
44841: 0.826301
44842: 0.826305
44843: 0.826309
44844: 0.826313
44845: 0.826317
44846: 0.826321
44847: 0.826324
44848: 0.826328
44849: 0.82631
44850: 0.826314
44851: 0.826318
44852: 0.826322
44853: 0.826303
44854: 0.826307
44855: 0.826311
44856: 0.826315
44857: 0.826319
44858: 0.826322
44859: 0.826304
44860: 0.826286
44861: 0.82629
44862: 0.826293
44863: 0.826297
44864: 0.826301
44865: 0.826305
44866: 0.826309
44867: 0.826313
44868: 0.826317
44869: 0.82632
44870: 0.826324
44871: 0.826328
44872: 0.826332
44873: 0.826336
44874: 0.82634
44875: 0.826344
44876: 0.826348
44877: 0.826351
44878: 0.826355
44879: 0.826359
44880: 0.826363
44881: 0.826367
44882: 0.826371
44883: 0.826352
44884: 0.826334
44885: 0.826338
44886: 0.826342
44887: 0.826346
44888: 0.826349
44889: 0.826353
44890: 0.826357
44891: 0.826339
44892: 0.826343
44893: 0.826347
44894: 0.826328
44895: 0.82631
44896: 0.826314
44897: 0.826317
44898: 0.826321
44899: 0.826325
44900: 0.826329
44901: 0.826333
44902: 0.826337
44903: 0.826341
44904: 0.826345
44905: 0.826348
44906: 0.826352
44907: 0.826356
44908: 0.82636
44909: 0.826364
44910: 0.826368
44911: 0.826349
44912: 0.826353
44913: 0.826357
44914: 0.826339
44915: 0.82632
44916: 0.826302
44917: 0.826306
44918: 0.82631
44919: 0.826313
44920: 0.826317
44921: 0.826321
44922: 0.826325
44923: 0.826329
44924: 0.826311
44925: 0.826292
44926: 0.826296
44927: 0.8263
44928: 0.826304
44929: 0.826308
44930: 0.826311
44931: 0.826315
44932: 0.826319
44933: 0.826323
44934: 0.826327
44935: 0.826331
44936: 0.826335
44937: 0.826339
44938: 0.826342
44939: 0.826346
44940: 0.82635
44941: 0.826354
44942: 0.826358
44943: 0.826362
44944: 0.826366
44945: 0.826369
44946: 0.826373
44947: 0.826377
44948: 0.826381
44949: 0.826385
44950: 0.826389
44951: 0.826393
44952: 0.826396
44953: 0.8264
44954: 0.826404
44955: 0.826408
44956: 0.826412
44957: 0.826416
44958: 0.82642
44959: 0.826423
44960: 0.826427
44961: 0.826431
44962: 0.826435
44963: 0.826439
44964: 0.826421
44965: 0.826402
44966: 0.826406
44967: 0.82641
44968: 0.826414
44969: 0.826418
44970: 0.826421
44971: 0.826425
44972: 0.826429
44973: 0.826433
44974: 0.826437
44975: 0.826441
44976: 0.826445
44977: 0.826448
44978: 0.82643
44979: 0.826434
44980: 0.826438
44981: 0.826442
44982: 0.826446
44983: 0.826427
44984: 0.826431
44985: 0.826435
44986: 0.826439
44987: 0.826443
44988: 0.826446
44989: 0.82645
44990: 0.826454
44991: 0.826458
44992: 0.826462
44993: 0.826466
44994: 0.82647
44995: 0.826473
44996: 0.826477
44997: 0.826459
44998: 0.826441
44999: 0.826422
45000: 0.826426
45001: 0.82643
45002: 0.826434
45003: 0.826415
45004: 0.826419
45005: 0.826423
45006: 0.826405
45007: 0.826409
45008: 0.826412
45009: 0.826416
45010: 0.82642
45011: 0.826424
45012: 0.826428
45013: 0.826432
45014: 0.826436
45015: 0.826439
45016: 0.826421
45017: 0.826403
45018: 0.826407
45019: 0.82641
45020: 0.826414
45021: 0.826418
45022: 0.8264
45023: 0.826404
45024: 0.826385
45025: 0.826389
45026: 0.826393
45027: 0.826397
45028: 0.826379
45029: 0.82636
45030: 0.826364
45031: 0.826368
45032: 0.826372
45033: 0.826376
45034: 0.826379
45035: 0.826383
45036: 0.826387
45037: 0.826391
45038: 0.826395
45039: 0.826399
45040: 0.826403
45041: 0.826406
45042: 0.82641
45043: 0.826414
45044: 0.826418
45045: 0.826422
45046: 0.826426
45047: 0.82643
45048: 0.826433
45049: 0.826437
45050: 0.826441
45051: 0.826445
45052: 0.826449
45053: 0.826453
45054: 0.826434
45055: 0.826438
45056: 0.826442
45057: 0.826446
45058: 0.82645
45059: 0.826454
45060: 0.826457
45061: 0.826461
45062: 0.826465
45063: 0.826447
45064: 0.826428
45065: 0.82641
45066: 0.826392
45067: 0.826373
45068: 0.826377
45069: 0.826381
45070: 0.826385
45071: 0.826389
45072: 0.826393
45073: 0.826397
45074: 0.8264
45075: 0.826404
45076: 0.826408
45077: 0.826412
45078: 0.826416
45079: 0.82642
45080: 0.826424
45081: 0.826427
45082: 0.826431
45083: 0.826435
45084: 0.826439
45085: 0.826443
45086: 0.826447
45087: 0.82645
45088: 0.826432
45089: 0.826436
45090: 0.82644
45091: 0.826444
45092: 0.826448
45093: 0.826451
45094: 0.826455
45095: 0.826437
45096: 0.826419
45097: 0.826422
45098: 0.826426
45099: 0.82643
45100: 0.826434
45101: 0.826438
45102: 0.826442
45103: 0.826446
45104: 0.826449
45105: 0.826453
45106: 0.826457
45107: 0.826461
45108: 0.826465
45109: 0.826469
45110: 0.826472
45111: 0.826476
45112: 0.82648
45113: 0.826484
45114: 0.826466
45115: 0.82647
45116: 0.826473
45117: 0.826455
45118: 0.826459
45119: 0.826463
45120: 0.826467
45121: 0.82647
45122: 0.826474
45123: 0.826478
45124: 0.826482
45125: 0.826486
45126: 0.82649
45127: 0.826494
45128: 0.826475
45129: 0.826457
45130: 0.826439
45131: 0.826442
45132: 0.826446
45133: 0.82645
45134: 0.826454
45135: 0.826458
45136: 0.826462
45137: 0.826466
45138: 0.826469
45139: 0.826473
45140: 0.826477
45141: 0.826481
45142: 0.826485
45143: 0.826489
45144: 0.826492
45145: 0.826496
45146: 0.8265
45147: 0.826482
45148: 0.826463
45149: 0.826445
45150: 0.826449
45151: 0.826453
45152: 0.826457
45153: 0.826461
45154: 0.826464
45155: 0.826468
45156: 0.826472
45157: 0.826476
45158: 0.82648
45159: 0.826484
45160: 0.826487
45161: 0.826491
45162: 0.826495
45163: 0.826499
45164: 0.826503
45165: 0.826507
45166: 0.826511
45167: 0.826514
45168: 0.826518
45169: 0.826522
45170: 0.826526
45171: 0.82653
45172: 0.826534
45173: 0.826537
45174: 0.826541
45175: 0.826545
45176: 0.826527
45177: 0.826508
45178: 0.826512
45179: 0.826516
45180: 0.826498
45181: 0.826502
45182: 0.826506
45183: 0.826509
45184: 0.826513
45185: 0.826495
45186: 0.826477
45187: 0.82648
45188: 0.826484
45189: 0.826488
45190: 0.826492
45191: 0.826496
45192: 0.8265
45193: 0.826504
45194: 0.826507
45195: 0.826511
45196: 0.826515
45197: 0.826519
45198: 0.826501
45199: 0.826482
45200: 0.826486
45201: 0.82649
45202: 0.826494
45203: 0.826498
45204: 0.826501
45205: 0.826505
45206: 0.826509
45207: 0.826491
45208: 0.826473
45209: 0.826476
45210: 0.82648
45211: 0.826484
45212: 0.826488
45213: 0.826492
45214: 0.826496
45215: 0.826499
45216: 0.826503
45217: 0.826507
45218: 0.826511
45219: 0.826515
45220: 0.826519
45221: 0.826522
45222: 0.826526
45223: 0.82653
45224: 0.826534
45225: 0.826538
45226: 0.826542
45227: 0.826546
45228: 0.826549
45229: 0.826553
45230: 0.826535
45231: 0.826517
45232: 0.826498
45233: 0.82648
45234: 0.826462
45235: 0.826444
45236: 0.826425
45237: 0.826429
45238: 0.826433
45239: 0.826437
45240: 0.826441
45241: 0.826444
45242: 0.826448
45243: 0.826452
45244: 0.826456
45245: 0.82646
45246: 0.826464
45247: 0.826467
45248: 0.826471
45249: 0.826475
45250: 0.826479
45251: 0.826483
45252: 0.826487
45253: 0.82649
45254: 0.826494
45255: 0.826498
45256: 0.826502
45257: 0.826506
45258: 0.82651
45259: 0.826513
45260: 0.826517
45261: 0.826499
45262: 0.826503
45263: 0.826507
45264: 0.826511
45265: 0.826514
45266: 0.826518
45267: 0.826522
45268: 0.826526
45269: 0.82653
45270: 0.826534
45271: 0.826515
45272: 0.826519
45273: 0.826523
45274: 0.826527
45275: 0.826531
45276: 0.826534
45277: 0.826538
45278: 0.826542
45279: 0.826546
45280: 0.82655
45281: 0.826554
45282: 0.826557
45283: 0.826561
45284: 0.826565
45285: 0.826569
45286: 0.826551
45287: 0.826532
45288: 0.826536
45289: 0.82654
45290: 0.826522
45291: 0.826526
45292: 0.826529
45293: 0.826533
45294: 0.826537
45295: 0.826541
45296: 0.826545
45297: 0.826549
45298: 0.826552
45299: 0.826556
45300: 0.82656
45301: 0.826564
45302: 0.826568
45303: 0.826572
45304: 0.826575
45305: 0.826557
45306: 0.826561
45307: 0.826565
45308: 0.826569
45309: 0.826573
45310: 0.826576
45311: 0.82658
45312: 0.826584
45313: 0.826588
45314: 0.826592
45315: 0.826595
45316: 0.826599
45317: 0.826603
45318: 0.826607
45319: 0.826589
45320: 0.826593
45321: 0.826574
45322: 0.826556
45323: 0.82656
45324: 0.826564
45325: 0.826545
45326: 0.826549
45327: 0.826553
45328: 0.826557
45329: 0.826561
45330: 0.826565
45331: 0.826546
45332: 0.82655
45333: 0.826554
45334: 0.826536
45335: 0.82654
45336: 0.826543
45337: 0.826547
45338: 0.826551
45339: 0.826555
45340: 0.826537
45341: 0.826518
45342: 0.8265
45343: 0.826482
45344: 0.826464
45345: 0.826468
45346: 0.826471
45347: 0.826475
45348: 0.826479
45349: 0.826461
45350: 0.826465
45351: 0.826469
45352: 0.826472
45353: 0.826476
45354: 0.82648
45355: 0.826484
45356: 0.826488
45357: 0.826491
45358: 0.826495
45359: 0.826499
45360: 0.826503
45361: 0.826507
45362: 0.826511
45363: 0.826514
45364: 0.826518
45365: 0.826522
45366: 0.826526
45367: 0.82653
45368: 0.826534
45369: 0.826515
45370: 0.826497
45371: 0.826501
45372: 0.826505
45373: 0.826487
45374: 0.826468
45375: 0.82645
45376: 0.826454
45377: 0.826458
45378: 0.826462
45379: 0.826443
45380: 0.826447
45381: 0.826451
45382: 0.826455
45383: 0.826459
45384: 0.826462
45385: 0.826466
45386: 0.82647
45387: 0.826452
45388: 0.826456
45389: 0.82646
45390: 0.826441
45391: 0.826445
45392: 0.826449
45393: 0.826453
45394: 0.826457
45395: 0.82646
45396: 0.826464
45397: 0.826446
45398: 0.82645
45399: 0.826432
45400: 0.826436
45401: 0.826439
45402: 0.826443
45403: 0.826447
45404: 0.826451
45405: 0.826455
45406: 0.826458
45407: 0.826462
45408: 0.826466
45409: 0.826448
45410: 0.826452
45411: 0.826456
45412: 0.826459
45413: 0.826463
45414: 0.826467
45415: 0.826471
45416: 0.826475
45417: 0.826478
45418: 0.826482
45419: 0.826464
45420: 0.826446
45421: 0.826428
45422: 0.82641
45423: 0.826413
45424: 0.826395
45425: 0.826377
45426: 0.826381
45427: 0.826385
45428: 0.826388
45429: 0.826392
45430: 0.826396
45431: 0.8264
45432: 0.826382
45433: 0.826364
45434: 0.826345
45435: 0.826349
45436: 0.826353
45437: 0.826357
45438: 0.826361
45439: 0.826364
45440: 0.826368
45441: 0.826372
45442: 0.826376
45443: 0.82638
45444: 0.826384
45445: 0.826387
45446: 0.826391
45447: 0.826395
45448: 0.826399
45449: 0.826381
45450: 0.826384
45451: 0.826388
45452: 0.826392
45453: 0.826374
45454: 0.826378
45455: 0.82636
45456: 0.826341
45457: 0.826323
45458: 0.826305
45459: 0.826309
45460: 0.826291
45461: 0.826294
45462: 0.826298
45463: 0.826302
45464: 0.826306
45465: 0.82631
45466: 0.826314
45467: 0.826317
45468: 0.826321
45469: 0.826325
45470: 0.826329
45471: 0.826333
45472: 0.826337
45473: 0.826318
45474: 0.826322
45475: 0.826326
45476: 0.82633
45477: 0.826334
45478: 0.826337
45479: 0.826341
45480: 0.826345
45481: 0.826349
45482: 0.826331
45483: 0.826335
45484: 0.826338
45485: 0.826342
45486: 0.826346
45487: 0.82635
45488: 0.826354
45489: 0.826357
45490: 0.826361
45491: 0.826365
45492: 0.826369
45493: 0.826373
45494: 0.826377
45495: 0.82638
45496: 0.826384
45497: 0.826388
45498: 0.82637
45499: 0.826374
45500: 0.826355
45501: 0.826337
45502: 0.826341
45503: 0.826345
45504: 0.826349
45505: 0.826353
45506: 0.826356
45507: 0.82636
45508: 0.826364
45509: 0.826368
45510: 0.82635
45511: 0.826353
45512: 0.826357
45513: 0.826361
45514: 0.826365
45515: 0.826347
45516: 0.826351
45517: 0.826332
45518: 0.826336
45519: 0.82634
45520: 0.826344
45521: 0.826348
45522: 0.826352
45523: 0.826355
45524: 0.826359
45525: 0.826341
45526: 0.826345
45527: 0.826349
45528: 0.826352
45529: 0.826356
45530: 0.82636
45531: 0.826364
45532: 0.826346
45533: 0.826328
45534: 0.826309
45535: 0.826313
45536: 0.826295
45537: 0.826277
45538: 0.826281
45539: 0.826285
45540: 0.826288
45541: 0.826292
45542: 0.826296
45543: 0.826278
45544: 0.82626
45545: 0.826264
45546: 0.826267
45547: 0.826271
45548: 0.826275
45549: 0.826279
45550: 0.826283
45551: 0.826286
45552: 0.82629
45553: 0.826294
45554: 0.826298
45555: 0.826302
45556: 0.826306
45557: 0.826287
45558: 0.826269
45559: 0.826273
45560: 0.826277
45561: 0.826259
45562: 0.826263
45563: 0.826244
45564: 0.826226
45565: 0.826208
45566: 0.826212
45567: 0.826216
45568: 0.82622
45569: 0.826223
45570: 0.826227
45571: 0.826231
45572: 0.826235
45573: 0.826239
45574: 0.826242
45575: 0.826246
45576: 0.82625
45577: 0.826254
45578: 0.826258
45579: 0.826262
45580: 0.826265
45581: 0.826269
45582: 0.826273
45583: 0.826277
45584: 0.826281
45585: 0.826284
45586: 0.826266
45587: 0.82627
45588: 0.826274
45589: 0.826278
45590: 0.826282
45591: 0.826285
45592: 0.826289
45593: 0.826293
45594: 0.826297
45595: 0.826301
45596: 0.826304
45597: 0.826308
45598: 0.826312
45599: 0.826316
45600: 0.82632
45601: 0.826323
45602: 0.826327
45603: 0.826331
45604: 0.826335
45605: 0.826339
45606: 0.826342
45607: 0.826346
45608: 0.82635
45609: 0.826354
45610: 0.826358
45611: 0.826361
45612: 0.826365
45613: 0.826347
45614: 0.826351
45615: 0.826355
45616: 0.826359
45617: 0.826362
45618: 0.826366
45619: 0.82637
45620: 0.826374
45621: 0.826378
45622: 0.826381
45623: 0.826385
45624: 0.826389
45625: 0.826393
45626: 0.826397
45627: 0.826379
45628: 0.826382
45629: 0.826386
45630: 0.82639
45631: 0.826394
45632: 0.826398
45633: 0.826401
45634: 0.826405
45635: 0.826409
45636: 0.826413
45637: 0.826417
45638: 0.82642
45639: 0.826424
45640: 0.826428
45641: 0.826432
45642: 0.826436
45643: 0.826439
45644: 0.826443
45645: 0.826447
45646: 0.826451
45647: 0.826455
45648: 0.826458
45649: 0.826462
45650: 0.826466
45651: 0.82647
45652: 0.826452
45653: 0.826456
45654: 0.826459
45655: 0.826463
45656: 0.826467
45657: 0.826471
45658: 0.826475
45659: 0.826478
45660: 0.826482
45661: 0.826486
45662: 0.82649
45663: 0.826494
45664: 0.826497
45665: 0.826501
45666: 0.826505
45667: 0.826509
45668: 0.826513
45669: 0.826516
45670: 0.82652
45671: 0.826524
45672: 0.826528
45673: 0.826532
45674: 0.826535
45675: 0.826539
45676: 0.826543
45677: 0.826547
45678: 0.82655
45679: 0.826554
45680: 0.826558
45681: 0.826562
45682: 0.826566
45683: 0.826569
45684: 0.826573
45685: 0.826577
45686: 0.826581
45687: 0.826585
45688: 0.826588
45689: 0.826592
45690: 0.826596
45691: 0.8266
45692: 0.826604
45693: 0.826607
45694: 0.826611
45695: 0.826615
45696: 0.826619
45697: 0.826601
45698: 0.826583
45699: 0.826586
45700: 0.82659
45701: 0.826594
45702: 0.826598
45703: 0.826602
45704: 0.826605
45705: 0.826609
45706: 0.826613
45707: 0.826617
45708: 0.826621
45709: 0.826624
45710: 0.826628
45711: 0.826632
45712: 0.826636
45713: 0.82664
45714: 0.826643
45715: 0.826647
45716: 0.826651
45717: 0.826633
45718: 0.826637
45719: 0.82664
45720: 0.826644
45721: 0.826648
45722: 0.826652
45723: 0.826656
45724: 0.826659
45725: 0.826663
45726: 0.826667
45727: 0.826671
45728: 0.826675
45729: 0.826678
45730: 0.826682
45731: 0.826686
45732: 0.82669
45733: 0.826693
45734: 0.826675
45735: 0.826679
45736: 0.826661
45737: 0.826643
45738: 0.826647
45739: 0.826651
45740: 0.826654
45741: 0.826658
45742: 0.826662
45743: 0.826666
45744: 0.82667
45745: 0.826673
45746: 0.826677
45747: 0.826681
45748: 0.826685
45749: 0.826689
45750: 0.826692
45751: 0.826696
45752: 0.8267
45753: 0.826704
45754: 0.826707
45755: 0.826711
45756: 0.826715
45757: 0.826719
45758: 0.826723
45759: 0.826726
45760: 0.826708
45761: 0.82669
45762: 0.826672
45763: 0.826654
45764: 0.826658
45765: 0.826662
45766: 0.826666
45767: 0.826669
45768: 0.826673
45769: 0.826677
45770: 0.826681
45771: 0.826684
45772: 0.826688
45773: 0.826692
45774: 0.826696
45775: 0.8267
45776: 0.826703
45777: 0.826707
45778: 0.826711
45779: 0.826715
45780: 0.826697
45781: 0.826679
45782: 0.826682
45783: 0.826686
45784: 0.82669
45785: 0.826694
45786: 0.826698
45787: 0.826679
45788: 0.826683
45789: 0.826687
45790: 0.826691
45791: 0.826673
45792: 0.826677
45793: 0.82668
45794: 0.826684
45795: 0.826688
45796: 0.826692
45797: 0.826695
45798: 0.826699
45799: 0.826703
45800: 0.826707
45801: 0.826711
45802: 0.826714
45803: 0.826718
45804: 0.826722
45805: 0.826704
45806: 0.826708
45807: 0.826711
45808: 0.826715
45809: 0.826719
45810: 0.826723
45811: 0.826727
45812: 0.82673
45813: 0.826734
45814: 0.826738
45815: 0.826742
45816: 0.826746
45817: 0.826727
45818: 0.826731
45819: 0.826735
45820: 0.826739
45821: 0.826721
45822: 0.826703
45823: 0.826707
45824: 0.82671
45825: 0.826714
45826: 0.826718
45827: 0.826722
45828: 0.826704
45829: 0.826686
45830: 0.826668
45831: 0.826671
45832: 0.826675
45833: 0.826679
45834: 0.826683
45835: 0.826686
45836: 0.82669
45837: 0.826694
45838: 0.826698
45839: 0.826702
45840: 0.826705
45841: 0.826709
45842: 0.826691
45843: 0.826695
45844: 0.826699
45845: 0.826702
45846: 0.826706
45847: 0.826688
45848: 0.82667
45849: 0.826674
45850: 0.826678
45851: 0.826681
45852: 0.826685
45853: 0.826689
45854: 0.826693
45855: 0.826697
45856: 0.8267
45857: 0.826704
45858: 0.826708
45859: 0.826712
45860: 0.826694
45861: 0.826697
45862: 0.826701
45863: 0.826705
45864: 0.826709
45865: 0.826691
45866: 0.826695
45867: 0.826698
45868: 0.826702
45869: 0.826706
45870: 0.82671
45871: 0.826713
45872: 0.826695
45873: 0.826699
45874: 0.826703
45875: 0.826707
45876: 0.826711
45877: 0.826714
45878: 0.826718
45879: 0.8267
45880: 0.826704
45881: 0.826708
45882: 0.82669
45883: 0.826693
45884: 0.826697
45885: 0.826701
45886: 0.826705
45887: 0.826709
45888: 0.826712
45889: 0.826716
45890: 0.82672
45891: 0.826724
45892: 0.826727
45893: 0.826709
45894: 0.826713
45895: 0.826695
45896: 0.826699
45897: 0.826703
45898: 0.826706
45899: 0.82671
45900: 0.826714
45901: 0.826718
45902: 0.826722
45903: 0.826725
45904: 0.826729
45905: 0.826733
45906: 0.826737
45907: 0.82674
45908: 0.826744
45909: 0.826748
45910: 0.826752
45911: 0.826734
45912: 0.826738
45913: 0.826741
45914: 0.826745
45915: 0.826749
45916: 0.826753
45917: 0.826756
45918: 0.82676
45919: 0.826764
45920: 0.826746
45921: 0.82675
45922: 0.826753
45923: 0.826757
45924: 0.826761
45925: 0.826743
45926: 0.826747
45927: 0.826729
45928: 0.826711
45929: 0.826693
45930: 0.826675
45931: 0.826657
45932: 0.826661
45933: 0.826664
45934: 0.826668
45935: 0.826672
45936: 0.826654
45937: 0.826658
45938: 0.826661
45939: 0.826665
45940: 0.826669
45941: 0.826651
45942: 0.826655
45943: 0.826659
45944: 0.826662
45945: 0.826666
45946: 0.82667
45947: 0.826674
45948: 0.826677
45949: 0.826681
45950: 0.826663
45951: 0.826667
45952: 0.826671
45953: 0.826675
45954: 0.826678
45955: 0.826682
45956: 0.826686
45957: 0.82669
45958: 0.826693
45959: 0.826697
45960: 0.826701
45961: 0.826705
45962: 0.826708
45963: 0.826712
45964: 0.826716
45965: 0.82672
45966: 0.826724
45967: 0.826727
45968: 0.826731
45969: 0.826735
45970: 0.826739
45971: 0.826721
45972: 0.826724
45973: 0.826728
45974: 0.826732
45975: 0.826736
45976: 0.826739
45977: 0.826743
45978: 0.826747
45979: 0.826751
45980: 0.826755
45981: 0.826758
45982: 0.826762
45983: 0.826766
45984: 0.82677
45985: 0.826773
45986: 0.826777
45987: 0.826781
45988: 0.826785
45989: 0.826788
45990: 0.826792
45991: 0.826796
45992: 0.8268
45993: 0.826803
45994: 0.826807
45995: 0.826811
45996: 0.826815
45997: 0.826819
45998: 0.826822
45999: 0.826826
46000: 0.82683
46001: 0.826834
46002: 0.826837
46003: 0.826841
46004: 0.826845
46005: 0.826849
46006: 0.826852
46007: 0.826834
46008: 0.826816
46009: 0.826799
46010: 0.826781
46011: 0.826784
46012: 0.826788
46013: 0.826792
46014: 0.826796
46015: 0.826778
46016: 0.826781
46017: 0.826785
46018: 0.826789
46019: 0.826793
46020: 0.826796
46021: 0.8268
46022: 0.826804
46023: 0.826808
46024: 0.826812
46025: 0.826815
46026: 0.826819
46027: 0.826823
46028: 0.826827
46029: 0.82683
46030: 0.826834
46031: 0.826838
46032: 0.826842
46033: 0.826845
46034: 0.826849
46035: 0.826853
46036: 0.826835
46037: 0.826839
46038: 0.826842
46039: 0.826846
46040: 0.82685
46041: 0.826854
46042: 0.826858
46043: 0.826861
46044: 0.826865
46045: 0.826869
46046: 0.826873
46047: 0.826876
46048: 0.82688
46049: 0.826884
46050: 0.826888
46051: 0.826891
46052: 0.826895
46053: 0.826899
46054: 0.826903
46055: 0.826906
46056: 0.82691
46057: 0.826914
46058: 0.826918
46059: 0.826921
46060: 0.826925
46061: 0.826907
46062: 0.826889
46063: 0.826893
46064: 0.826897
46065: 0.826901
46066: 0.826883
46067: 0.826865
46068: 0.826847
46069: 0.82685
46070: 0.826854
46071: 0.826858
46072: 0.826862
46073: 0.826865
46074: 0.826869
46075: 0.826873
46076: 0.826877
46077: 0.826881
46078: 0.826884
46079: 0.826888
46080: 0.826892
46081: 0.826896
46082: 0.826899
46083: 0.826903
46084: 0.826907
46085: 0.826911
46086: 0.826914
46087: 0.826918
46088: 0.8269
46089: 0.826882
46090: 0.826886
46091: 0.82689
46092: 0.826893
46093: 0.826897
46094: 0.826901
46095: 0.826905
46096: 0.826908
46097: 0.826912
46098: 0.826894
46099: 0.826876
46100: 0.826858
46101: 0.826862
46102: 0.826866
46103: 0.82687
46104: 0.826873
46105: 0.826877
46106: 0.826881
46107: 0.826885
46108: 0.826888
46109: 0.826892
46110: 0.826874
46111: 0.826856
46112: 0.826838
46113: 0.826842
46114: 0.826846
46115: 0.82685
46116: 0.826853
46117: 0.826857
46118: 0.826861
46119: 0.826865
46120: 0.826868
46121: 0.826872
46122: 0.826876
46123: 0.826858
46124: 0.82684
46125: 0.826844
46126: 0.826848
46127: 0.826851
46128: 0.826855
46129: 0.826837
46130: 0.826819
46131: 0.826801
46132: 0.826783
46133: 0.826766
46134: 0.826769
46135: 0.826773
46136: 0.826777
46137: 0.826781
46138: 0.826784
46139: 0.826766
46140: 0.82677
46141: 0.826774
46142: 0.826778
46143: 0.826781
46144: 0.826785
46145: 0.826789
46146: 0.826793
46147: 0.826796
46148: 0.8268
46149: 0.826804
46150: 0.826808
46151: 0.826811
46152: 0.826815
46153: 0.826819
46154: 0.826823
46155: 0.826826
46156: 0.82683
46157: 0.826834
46158: 0.826838
46159: 0.826841
46160: 0.826845
46161: 0.826849
46162: 0.826853
46163: 0.826856
46164: 0.82686
46165: 0.826864
46166: 0.826868
46167: 0.826871
46168: 0.826854
46169: 0.826857
46170: 0.826861
46171: 0.826865
46172: 0.826869
46173: 0.826872
46174: 0.826876
46175: 0.82688
46176: 0.826884
46177: 0.826887
46178: 0.826869
46179: 0.826873
46180: 0.826877
46181: 0.826881
46182: 0.826884
46183: 0.826888
46184: 0.826892
46185: 0.826896
46186: 0.826899
46187: 0.826903
46188: 0.826907
46189: 0.826911
46190: 0.826914
46191: 0.826918
46192: 0.826922
46193: 0.826926
46194: 0.826929
46195: 0.826933
46196: 0.826937
46197: 0.826941
46198: 0.826923
46199: 0.826926
46200: 0.82693
46201: 0.826934
46202: 0.826916
46203: 0.826898
46204: 0.82688
46205: 0.826884
46206: 0.826888
46207: 0.826891
46208: 0.826895
46209: 0.826899
46210: 0.826903
46211: 0.826885
46212: 0.826867
46213: 0.826849
46214: 0.826853
46215: 0.826856
46216: 0.82686
46217: 0.826864
46218: 0.826868
46219: 0.826871
46220: 0.826875
46221: 0.826879
46222: 0.826883
46223: 0.826886
46224: 0.82689
46225: 0.826894
46226: 0.826898
46227: 0.826901
46228: 0.826884
46229: 0.826887
46230: 0.826891
46231: 0.826895
46232: 0.826899
46233: 0.826902
46234: 0.826906
46235: 0.82691
46236: 0.826914
46237: 0.826917
46238: 0.826899
46239: 0.826881
46240: 0.826864
46241: 0.826867
46242: 0.826871
46243: 0.826875
46244: 0.826879
46245: 0.826882
46246: 0.826886
46247: 0.82689
46248: 0.826872
46249: 0.826854
46250: 0.826836
46251: 0.826818
46252: 0.826822
46253: 0.826826
46254: 0.82683
46255: 0.826833
46256: 0.826815
46257: 0.826819
46258: 0.826823
46259: 0.826827
46260: 0.82683
46261: 0.826834
46262: 0.826838
46263: 0.826842
46264: 0.826845
46265: 0.826849
46266: 0.826853
46267: 0.826857
46268: 0.826839
46269: 0.826842
46270: 0.826846
46271: 0.82685
46272: 0.826854
46273: 0.826857
46274: 0.826861
46275: 0.826865
46276: 0.826869
46277: 0.826872
46278: 0.826855
46279: 0.826837
46280: 0.826819
46281: 0.826801
46282: 0.826783
46283: 0.826787
46284: 0.826791
46285: 0.826794
46286: 0.826798
46287: 0.826802
46288: 0.826806
46289: 0.826809
46290: 0.826791
46291: 0.826774
46292: 0.826756
46293: 0.826759
46294: 0.826763
46295: 0.826767
46296: 0.826771
46297: 0.826774
46298: 0.826778
46299: 0.826782
46300: 0.826786
46301: 0.826789
46302: 0.826793
46303: 0.826797
46304: 0.826801
46305: 0.826804
46306: 0.826808
46307: 0.826812
46308: 0.826816
46309: 0.826819
46310: 0.826823
46311: 0.826827
46312: 0.82683
46313: 0.826834
46314: 0.826838
46315: 0.826842
46316: 0.826845
46317: 0.826849
46318: 0.826853
46319: 0.826857
46320: 0.82686
46321: 0.826864
46322: 0.826846
46323: 0.826828
46324: 0.826832
46325: 0.826836
46326: 0.826818
46327: 0.8268
46328: 0.826782
46329: 0.826786
46330: 0.82679
46331: 0.826794
46332: 0.826797
46333: 0.826801
46334: 0.826805
46335: 0.826809
46336: 0.826812
46337: 0.826816
46338: 0.82682
46339: 0.826823
46340: 0.826806
46341: 0.826809
46342: 0.826813
46343: 0.826817
46344: 0.826821
46345: 0.826824
46346: 0.826828
46347: 0.82681
46348: 0.826814
46349: 0.826818
46350: 0.826821
46351: 0.826825
46352: 0.826829
46353: 0.826833
46354: 0.826836
46355: 0.82684
46356: 0.826844
46357: 0.826848
46358: 0.826851
46359: 0.826855
46360: 0.826859
46361: 0.826863
46362: 0.826866
46363: 0.82687
46364: 0.826852
46365: 0.826834
46366: 0.826838
46367: 0.826842
46368: 0.826846
46369: 0.826849
46370: 0.826853
46371: 0.826857
46372: 0.82686
46373: 0.826843
46374: 0.826846
46375: 0.82685
46376: 0.826854
46377: 0.826858
46378: 0.826861
46379: 0.826865
46380: 0.826869
46381: 0.826872
46382: 0.826876
46383: 0.826858
46384: 0.826841
46385: 0.826823
46386: 0.826805
46387: 0.826809
46388: 0.826791
46389: 0.826795
46390: 0.826798
46391: 0.826802
46392: 0.826806
46393: 0.82681
46394: 0.826813
46395: 0.826817
46396: 0.826821
46397: 0.826803
46398: 0.826807
46399: 0.82681
46400: 0.826793
46401: 0.826796
46402: 0.8268
46403: 0.826804
46404: 0.826807
46405: 0.826811
46406: 0.826815
46407: 0.826819
46408: 0.826822
46409: 0.826826
46410: 0.82683
46411: 0.826834
46412: 0.826837
46413: 0.826841
46414: 0.826845
46415: 0.826849
46416: 0.826831
46417: 0.826834
46418: 0.826838
46419: 0.826842
46420: 0.826846
46421: 0.826849
46422: 0.826853
46423: 0.826857
46424: 0.826861
46425: 0.826864
46426: 0.826868
46427: 0.826872
46428: 0.826875
46429: 0.826879
46430: 0.826883
46431: 0.826887
46432: 0.82689
46433: 0.826894
46434: 0.826898
46435: 0.826902
46436: 0.826905
46437: 0.826909
46438: 0.826913
46439: 0.826916
46440: 0.82692
46441: 0.826924
46442: 0.826928
46443: 0.826931
46444: 0.826935
46445: 0.826939
46446: 0.826943
46447: 0.826946
46448: 0.82695
46449: 0.826954
46450: 0.826957
46451: 0.826961
46452: 0.826965
46453: 0.826969
46454: 0.826972
46455: 0.826976
46456: 0.82698
46457: 0.826984
46458: 0.826987
46459: 0.826991
46460: 0.826973
46461: 0.826955
46462: 0.826959
46463: 0.826963
46464: 0.826967
46465: 0.82697
46466: 0.826974
46467: 0.826978
46468: 0.826981
46469: 0.826985
46470: 0.826989
46471: 0.826993
46472: 0.826996
46473: 0.827
46474: 0.827004
46475: 0.827007
46476: 0.82699
46477: 0.826972
46478: 0.826954
46479: 0.826936
46480: 0.826919
46481: 0.826922
46482: 0.826926
46483: 0.826908
46484: 0.82689
46485: 0.826894
46486: 0.826898
46487: 0.826902
46488: 0.826905
46489: 0.826909
46490: 0.826913
46491: 0.826916
46492: 0.82692
46493: 0.826924
46494: 0.826928
46495: 0.82691
46496: 0.826892
46497: 0.826896
46498: 0.8269
46499: 0.826903
46500: 0.826907
46501: 0.826889
46502: 0.826893
46503: 0.826897
46504: 0.8269
46505: 0.826904
46506: 0.826908
46507: 0.826911
46508: 0.826915
46509: 0.826919
46510: 0.826923
46511: 0.826926
46512: 0.82693
46513: 0.826934
46514: 0.826938
46515: 0.826941
46516: 0.826945
46517: 0.826949
46518: 0.826952
46519: 0.826956
46520: 0.82696
46521: 0.826964
46522: 0.826967
46523: 0.826971
46524: 0.826975
46525: 0.826978
46526: 0.826982
46527: 0.826986
46528: 0.826968
46529: 0.82695
46530: 0.826954
46531: 0.826958
46532: 0.826962
46533: 0.826965
46534: 0.826969
46535: 0.826973
46536: 0.826976
46537: 0.82698
46538: 0.826984
46539: 0.826988
46540: 0.82697
46541: 0.826973
46542: 0.826977
46543: 0.826981
46544: 0.826985
46545: 0.826988
46546: 0.826992
46547: 0.826996
46548: 0.826978
46549: 0.82696
46550: 0.826964
46551: 0.826968
46552: 0.826971
46553: 0.826975
46554: 0.826979
46555: 0.826983
46556: 0.826986
46557: 0.82699
46558: 0.826994
46559: 0.826997
46560: 0.827001
46561: 0.826983
46562: 0.826987
46563: 0.826991
46564: 0.826995
46565: 0.826998
46566: 0.82698
46567: 0.826984
46568: 0.826988
46569: 0.826992
46570: 0.826995
46571: 0.826999
46572: 0.827003
46573: 0.827006
46574: 0.82701
46575: 0.827014
46576: 0.827018
46577: 0.827021
46578: 0.827004
46579: 0.827007
46580: 0.827011
46581: 0.827015
46582: 0.827018
46583: 0.827001
46584: 0.826983
46585: 0.826987
46586: 0.82699
46587: 0.826973
46588: 0.826976
46589: 0.82698
46590: 0.826962
46591: 0.826966
46592: 0.82697
46593: 0.826973
46594: 0.826977
46595: 0.826959
46596: 0.826963
46597: 0.826967
46598: 0.826971
46599: 0.826974
46600: 0.826957
46601: 0.826939
46602: 0.826921
46603: 0.826925
46604: 0.826928
46605: 0.826932
46606: 0.826936
46607: 0.82694
46608: 0.826943
46609: 0.826947
46610: 0.826951
46611: 0.826954
46612: 0.826958
46613: 0.826962
46614: 0.826966
46615: 0.826969
46616: 0.826973
46617: 0.826977
46618: 0.82698
46619: 0.826984
46620: 0.826988
46621: 0.826992
46622: 0.826995
46623: 0.826999
46624: 0.827003
46625: 0.827006
46626: 0.82701
46627: 0.827014
46628: 0.827018
46629: 0.827021
46630: 0.827025
46631: 0.827029
46632: 0.827032
46633: 0.827036
46634: 0.82704
46635: 0.827022
46636: 0.827026
46637: 0.827029
46638: 0.827033
46639: 0.827015
46640: 0.827019
46641: 0.827023
46642: 0.827027
46643: 0.82703
46644: 0.827034
46645: 0.827038
46646: 0.827041
46647: 0.827045
46648: 0.827049
46649: 0.827053
46650: 0.827056
46651: 0.82706
46652: 0.827064
46653: 0.827067
46654: 0.827071
46655: 0.827075
46656: 0.827057
46657: 0.827061
46658: 0.827064
46659: 0.827068
46660: 0.827072
46661: 0.827076
46662: 0.827079
46663: 0.827083
46664: 0.827065
46665: 0.827069
46666: 0.827073
46667: 0.827076
46668: 0.82708
46669: 0.827084
46670: 0.827087
46671: 0.827091
46672: 0.827073
46673: 0.827077
46674: 0.827081
46675: 0.827063
46676: 0.827067
46677: 0.827071
46678: 0.827074
46679: 0.827078
46680: 0.827082
46681: 0.827085
46682: 0.827089
46683: 0.827093
46684: 0.827096
46685: 0.8271
46686: 0.827104
46687: 0.827108
46688: 0.827111
46689: 0.827115
46690: 0.827119
46691: 0.827122
46692: 0.827126
46693: 0.82713
46694: 0.827112
46695: 0.827116
46696: 0.82712
46697: 0.827123
46698: 0.827127
46699: 0.827131
46700: 0.827134
46701: 0.827117
46702: 0.82712
46703: 0.827124
46704: 0.827128
46705: 0.82711
46706: 0.827114
46707: 0.827117
46708: 0.827121
46709: 0.827125
46710: 0.827129
46711: 0.827132
46712: 0.827136
46713: 0.82714
46714: 0.827143
46715: 0.827147
46716: 0.827151
46717: 0.827154
46718: 0.827137
46719: 0.82714
46720: 0.827144
46721: 0.827148
46722: 0.827152
46723: 0.827155
46724: 0.827159
46725: 0.827163
46726: 0.827166
46727: 0.82717
46728: 0.827174
46729: 0.827177
46730: 0.827181
46731: 0.827185
46732: 0.827188
46733: 0.827192
46734: 0.827196
46735: 0.8272
46736: 0.827203
46737: 0.827207
46738: 0.827211
46739: 0.827214
46740: 0.827218
46741: 0.827222
46742: 0.827225
46743: 0.827229
46744: 0.827233
46745: 0.827237
46746: 0.82724
46747: 0.827244
46748: 0.827248
46749: 0.827251
46750: 0.827255
46751: 0.827259
46752: 0.827262
46753: 0.827266
46754: 0.82727
46755: 0.827274
46756: 0.827277
46757: 0.827281
46758: 0.827285
46759: 0.827288
46760: 0.827292
46761: 0.827296
46762: 0.827299
46763: 0.827303
46764: 0.827307
46765: 0.827289
46766: 0.827271
46767: 0.827275
46768: 0.827279
46769: 0.827282
46770: 0.827286
46771: 0.82729
46772: 0.827294
46773: 0.827297
46774: 0.827301
46775: 0.827305
46776: 0.827308
46777: 0.827312
46778: 0.827316
46779: 0.827298
46780: 0.82728
46781: 0.827284
46782: 0.827288
46783: 0.827291
46784: 0.827295
46785: 0.827299
46786: 0.827302
46787: 0.827306
46788: 0.827288
46789: 0.827271
46790: 0.827274
46791: 0.827257
46792: 0.82726
46793: 0.827264
46794: 0.827268
46795: 0.827272
46796: 0.827275
46797: 0.827279
46798: 0.827283
46799: 0.827286
46800: 0.82729
46801: 0.827272
46802: 0.827255
46803: 0.827237
46804: 0.827219
46805: 0.827202
46806: 0.827205
46807: 0.827209
46808: 0.827213
46809: 0.827216
46810: 0.82722
46811: 0.827224
46812: 0.827206
46813: 0.82721
46814: 0.827213
46815: 0.827217
46816: 0.827221
46817: 0.827225
46818: 0.827207
46819: 0.827211
46820: 0.827214
46821: 0.827218
46822: 0.827222
46823: 0.827225
46824: 0.827229
46825: 0.827233
46826: 0.827236
46827: 0.82724
46828: 0.827222
46829: 0.827226
46830: 0.82723
46831: 0.827234
46832: 0.827237
46833: 0.827241
46834: 0.827245
46835: 0.827248
46836: 0.827252
46837: 0.827256
46838: 0.827259
46839: 0.827263
46840: 0.827267
46841: 0.827249
46842: 0.827253
46843: 0.827256
46844: 0.82726
46845: 0.827242
46846: 0.827246
46847: 0.827228
46848: 0.827232
46849: 0.827236
46850: 0.82724
46851: 0.827243
46852: 0.827247
46853: 0.827251
46854: 0.827254
46855: 0.827258
46856: 0.827262
46857: 0.827265
46858: 0.827248
46859: 0.82723
46860: 0.827212
46861: 0.827216
46862: 0.827198
46863: 0.827181
46864: 0.827163
46865: 0.827145
46866: 0.827128
46867: 0.82711
46868: 0.827093
46869: 0.827075
46870: 0.827057
46871: 0.82704
46872: 0.827043
46873: 0.827047
46874: 0.827051
46875: 0.827033
46876: 0.827037
46877: 0.82704
46878: 0.827044
46879: 0.827048
46880: 0.827051
46881: 0.827055
46882: 0.827059
46883: 0.827063
46884: 0.827066
46885: 0.82707
46886: 0.827074
46887: 0.827077
46888: 0.827081
46889: 0.827085
46890: 0.827088
46891: 0.827092
46892: 0.827096
46893: 0.827099
46894: 0.827103
46895: 0.827107
46896: 0.82711
46897: 0.827114
46898: 0.827118
46899: 0.827122
46900: 0.827125
46901: 0.827129
46902: 0.827133
46903: 0.827136
46904: 0.82714
46905: 0.827144
46906: 0.827147
46907: 0.82713
46908: 0.827112
46909: 0.827116
46910: 0.827119
46911: 0.827123
46912: 0.827127
46913: 0.82713
46914: 0.827134
46915: 0.827138
46916: 0.827142
46917: 0.827145
46918: 0.827149
46919: 0.827153
46920: 0.827156
46921: 0.82716
46922: 0.827164
46923: 0.827167
46924: 0.827171
46925: 0.827175
46926: 0.827178
46927: 0.827182
46928: 0.827186
46929: 0.827189
46930: 0.827193
46931: 0.827197
46932: 0.8272
46933: 0.827204
46934: 0.827187
46935: 0.827169
46936: 0.827151
46937: 0.827155
46938: 0.827159
46939: 0.827141
46940: 0.827145
46941: 0.827148
46942: 0.827152
46943: 0.827156
46944: 0.827138
46945: 0.827121
46946: 0.827103
46947: 0.827107
46948: 0.82711
46949: 0.827093
46950: 0.827075
46951: 0.827057
46952: 0.82704
46953: 0.827043
46954: 0.827047
46955: 0.82703
46956: 0.827012
46957: 0.826994
46958: 0.826977
46959: 0.82698
46960: 0.826984
46961: 0.826988
46962: 0.826991
46963: 0.826995
46964: 0.826999
46965: 0.827003
46966: 0.826985
46967: 0.826967
46968: 0.826971
46969: 0.826975
46970: 0.826978
46971: 0.826982
46972: 0.826986
46973: 0.826989
46974: 0.826993
46975: 0.826997
46976: 0.827
46977: 0.827004
46978: 0.827008
46979: 0.827011
46980: 0.826994
46981: 0.826998
46982: 0.827001
46983: 0.827005
46984: 0.826987
46985: 0.826991
46986: 0.826995
46987: 0.826998
46988: 0.827002
46989: 0.827006
46990: 0.827009
46991: 0.827013
46992: 0.827017
46993: 0.826999
46994: 0.827003
46995: 0.827007
46996: 0.82701
46997: 0.827014
46998: 0.827018
46999: 0.827021
47000: 0.827025
47001: 0.827029
47002: 0.827011
47003: 0.826993
47004: 0.826997
47005: 0.827001
47006: 0.826983
47007: 0.826966
47008: 0.826948
47009: 0.82693
47010: 0.826934
47011: 0.826938
47012: 0.826941
47013: 0.826924
47014: 0.826928
47015: 0.826931
47016: 0.826914
47017: 0.826896
47018: 0.826878
47019: 0.826861
47020: 0.826843
47021: 0.826847
47022: 0.826851
47023: 0.826854
47024: 0.826858
47025: 0.826862
47026: 0.826865
47027: 0.826869
47028: 0.826873
47029: 0.826876
47030: 0.82688
47031: 0.826863
47032: 0.826845
47033: 0.826827
47034: 0.826831
47035: 0.826835
47036: 0.826838
47037: 0.826842
47038: 0.826846
47039: 0.826828
47040: 0.826811
47041: 0.826793
47042: 0.826797
47043: 0.8268
47044: 0.826783
47045: 0.826765
47046: 0.826769
47047: 0.826773
47048: 0.826776
47049: 0.82678
47050: 0.826784
47051: 0.826787
47052: 0.826791
47053: 0.826795
47054: 0.826798
47055: 0.826802
47056: 0.826785
47057: 0.826788
47058: 0.826771
47059: 0.826753
47060: 0.826757
47061: 0.82676
47062: 0.826764
47063: 0.826768
47064: 0.826771
47065: 0.826775
47066: 0.826758
47067: 0.82674
47068: 0.826744
47069: 0.826747
47070: 0.826751
47071: 0.826755
47072: 0.826758
47073: 0.826762
47074: 0.826766
47075: 0.826769
47076: 0.826773
47077: 0.826777
47078: 0.826781
47079: 0.826784
47080: 0.826767
47081: 0.826749
47082: 0.826753
47083: 0.826756
47084: 0.826739
47085: 0.826743
47086: 0.826746
47087: 0.82675
47088: 0.826754
47089: 0.826757
47090: 0.826761
47091: 0.826765
47092: 0.826768
47093: 0.826772
47094: 0.826776
47095: 0.826779
47096: 0.826783
47097: 0.826787
47098: 0.826769
47099: 0.826773
47100: 0.826777
47101: 0.82678
47102: 0.826784
47103: 0.826788
47104: 0.826791
47105: 0.826795
47106: 0.826799
47107: 0.826802
47108: 0.826806
47109: 0.826788
47110: 0.826792
47111: 0.826796
47112: 0.826799
47113: 0.826803
47114: 0.826807
47115: 0.82681
47116: 0.826814
47117: 0.826818
47118: 0.826821
47119: 0.826825
47120: 0.826829
47121: 0.826832
47122: 0.826836
47123: 0.826819
47124: 0.826801
47125: 0.826784
47126: 0.826787
47127: 0.826791
47128: 0.826795
47129: 0.826798
47130: 0.826802
47131: 0.826784
47132: 0.826788
47133: 0.826792
47134: 0.826795
47135: 0.826799
47136: 0.826803
47137: 0.826806
47138: 0.82681
47139: 0.826814
47140: 0.826817
47141: 0.826821
47142: 0.826825
47143: 0.826828
47144: 0.826832
47145: 0.826836
47146: 0.826839
47147: 0.826843
47148: 0.826847
47149: 0.82685
47150: 0.826854
47151: 0.826858
47152: 0.826861
47153: 0.826865
47154: 0.826869
47155: 0.826873
47156: 0.826876
47157: 0.82688
47158: 0.826884
47159: 0.826887
47160: 0.826891
47161: 0.826895
47162: 0.826898
47163: 0.826902
47164: 0.826906
47165: 0.826909
47166: 0.826913
47167: 0.826917
47168: 0.82692
47169: 0.826924
47170: 0.826928
47171: 0.82691
47172: 0.826914
47173: 0.826917
47174: 0.826921
47175: 0.826925
47176: 0.826928
47177: 0.826932
47178: 0.826915
47179: 0.826918
47180: 0.826922
47181: 0.826926
47182: 0.826929
47183: 0.826933
47184: 0.826937
47185: 0.82694
47186: 0.826944
47187: 0.826948
47188: 0.826951
47189: 0.826934
47190: 0.826916
47191: 0.82692
47192: 0.826923
47193: 0.826927
47194: 0.826931
47195: 0.826934
47196: 0.826917
47197: 0.826921
47198: 0.826924
47199: 0.826928
47200: 0.826932
47201: 0.826935
47202: 0.826918
47203: 0.826921
47204: 0.826904
47205: 0.826908
47206: 0.826911
47207: 0.826894
47208: 0.826897
47209: 0.826901
47210: 0.826905
47211: 0.826908
47212: 0.826912
47213: 0.826916
47214: 0.826919
47215: 0.826923
47216: 0.826906
47217: 0.826909
47218: 0.826913
47219: 0.826917
47220: 0.82692
47221: 0.826924
47222: 0.826928
47223: 0.826931
47224: 0.826935
47225: 0.826939
47226: 0.826942
47227: 0.826946
47228: 0.82695
47229: 0.826953
47230: 0.826936
47231: 0.826939
47232: 0.826943
47233: 0.826947
47234: 0.82695
47235: 0.826954
47236: 0.826958
47237: 0.82694
47238: 0.826944
47239: 0.826948
47240: 0.826951
47241: 0.826955
47242: 0.826958
47243: 0.826962
47244: 0.826945
47245: 0.826948
47246: 0.826952
47247: 0.826934
47248: 0.826938
47249: 0.826942
47250: 0.826945
47251: 0.826949
47252: 0.826953
47253: 0.826956
47254: 0.82696
47255: 0.826964
47256: 0.826967
47257: 0.826971
47258: 0.826975
47259: 0.826978
47260: 0.826982
47261: 0.826986
47262: 0.826989
47263: 0.826993
47264: 0.826997
47265: 0.827
47266: 0.826983
47267: 0.826987
47268: 0.82699
47269: 0.826994
47270: 0.826998
47271: 0.827001
47272: 0.827005
47273: 0.827009
47274: 0.827012
47275: 0.827016
47276: 0.826998
47277: 0.827002
47278: 0.827006
47279: 0.826988
47280: 0.826992
47281: 0.826995
47282: 0.826999
47283: 0.827003
47284: 0.827006
47285: 0.82701
47286: 0.827014
47287: 0.827017
47288: 0.827021
47289: 0.827025
47290: 0.827028
47291: 0.827032
47292: 0.827036
47293: 0.827039
47294: 0.827043
47295: 0.827047
47296: 0.82705
47297: 0.827054
47298: 0.827037
47299: 0.82704
47300: 0.827044
47301: 0.827026
47302: 0.82703
47303: 0.827034
47304: 0.827037
47305: 0.827041
47306: 0.827045
47307: 0.827048
47308: 0.827052
47309: 0.827056
47310: 0.827059
47311: 0.827063
47312: 0.827067
47313: 0.82707
47314: 0.827074
47315: 0.827078
47316: 0.827081
47317: 0.827085
47318: 0.827088
47319: 0.827092
47320: 0.827096
47321: 0.827099
47322: 0.827103
47323: 0.827086
47324: 0.827068
47325: 0.827072
47326: 0.827075
47327: 0.827079
47328: 0.827083
47329: 0.827065
47330: 0.827069
47331: 0.827073
47332: 0.827076
47333: 0.82708
47334: 0.827084
47335: 0.827087
47336: 0.82707
47337: 0.827073
47338: 0.827077
47339: 0.827081
47340: 0.827084
47341: 0.827088
47342: 0.827092
47343: 0.827074
47344: 0.827057
47345: 0.82706
47346: 0.827064
47347: 0.827068
47348: 0.827071
47349: 0.827054
47350: 0.827058
47351: 0.827061
47352: 0.827065
47353: 0.827068
47354: 0.827072
47355: 0.827076
47356: 0.827079
47357: 0.827083
47358: 0.827066
47359: 0.827069
47360: 0.827073
47361: 0.827077
47362: 0.82708
47363: 0.827084
47364: 0.827088
47365: 0.827091
47366: 0.827095
47367: 0.827077
47368: 0.827081
47369: 0.827085
47370: 0.827088
47371: 0.827092
47372: 0.827096
47373: 0.827099
47374: 0.827103
47375: 0.827107
47376: 0.827089
47377: 0.827072
47378: 0.827054
47379: 0.827058
47380: 0.827061
47381: 0.827065
47382: 0.827069
47383: 0.827072
47384: 0.827076
47385: 0.82708
47386: 0.827062
47387: 0.827045
47388: 0.827048
47389: 0.827052
47390: 0.827056
47391: 0.827038
47392: 0.827042
47393: 0.827046
47394: 0.827049
47395: 0.827053
47396: 0.827057
47397: 0.82706
47398: 0.827064
47399: 0.827068
47400: 0.827071
47401: 0.827075
47402: 0.827078
47403: 0.827082
47404: 0.827086
47405: 0.827089
47406: 0.827072
47407: 0.827076
47408: 0.827079
47409: 0.827083
47410: 0.827065
47411: 0.827048
47412: 0.827052
47413: 0.827034
47414: 0.827038
47415: 0.82702
47416: 0.827003
47417: 0.827007
47418: 0.82701
47419: 0.826993
47420: 0.826996
47421: 0.827
47422: 0.827004
47423: 0.827007
47424: 0.827011
47425: 0.827015
47426: 0.827018
47427: 0.827022
47428: 0.827026
47429: 0.827029
47430: 0.827012
47431: 0.826994
47432: 0.826998
47433: 0.827002
47434: 0.827005
47435: 0.826988
47436: 0.826992
47437: 0.826974
47438: 0.826957
47439: 0.826939
47440: 0.826943
47441: 0.826926
47442: 0.826908
47443: 0.826912
47444: 0.826915
47445: 0.826919
47446: 0.826923
47447: 0.826926
47448: 0.82693
47449: 0.826934
47450: 0.826937
47451: 0.826941
47452: 0.826945
47453: 0.826948
47454: 0.826952
47455: 0.826934
47456: 0.826917
47457: 0.826921
47458: 0.826924
47459: 0.826928
47460: 0.826932
47461: 0.826935
47462: 0.826939
47463: 0.826943
47464: 0.826946
47465: 0.82695
47466: 0.826932
47467: 0.826936
47468: 0.82694
47469: 0.826943
47470: 0.826947
47471: 0.826951
47472: 0.826954
47473: 0.826937
47474: 0.82694
47475: 0.826944
47476: 0.826948
47477: 0.826951
47478: 0.826955
47479: 0.826938
47480: 0.82692
47481: 0.826924
47482: 0.826928
47483: 0.826931
47484: 0.826935
47485: 0.826938
47486: 0.826942
47487: 0.826946
47488: 0.826949
47489: 0.826953
47490: 0.826957
47491: 0.82696
47492: 0.826964
47493: 0.826968
47494: 0.826971
47495: 0.826975
47496: 0.826979
47497: 0.826982
47498: 0.826965
47499: 0.826947
47500: 0.82693
47501: 0.826934
47502: 0.826937
47503: 0.826941
47504: 0.826945
47505: 0.826948
47506: 0.826952
47507: 0.826955
47508: 0.826938
47509: 0.826921
47510: 0.826924
47511: 0.826928
47512: 0.826932
47513: 0.826935
47514: 0.826939
47515: 0.826943
47516: 0.826946
47517: 0.82695
47518: 0.826953
47519: 0.826957
47520: 0.826961
47521: 0.826964
47522: 0.826968
47523: 0.826972
47524: 0.826975
47525: 0.826979
47526: 0.826983
47527: 0.826986
47528: 0.82699
47529: 0.826993
47530: 0.826997
47531: 0.827001
47532: 0.827004
47533: 0.827008
47534: 0.827012
47535: 0.827015
47536: 0.826998
47537: 0.827002
47538: 0.827005
47539: 0.827009
47540: 0.827012
47541: 0.827016
47542: 0.82702
47543: 0.827023
47544: 0.827027
47545: 0.827031
47546: 0.827034
47547: 0.827038
47548: 0.827042
47549: 0.827024
47550: 0.827028
47551: 0.827031
47552: 0.827035
47553: 0.827039
47554: 0.827042
47555: 0.827046
47556: 0.82705
47557: 0.827053
47558: 0.827057
47559: 0.827061
47560: 0.827064
47561: 0.827068
47562: 0.827071
47563: 0.827075
47564: 0.827079
47565: 0.827082
47566: 0.827086
47567: 0.827069
47568: 0.827072
47569: 0.827076
47570: 0.82708
47571: 0.827083
47572: 0.827066
47573: 0.827069
47574: 0.827073
47575: 0.827077
47576: 0.82708
47577: 0.827084
47578: 0.827088
47579: 0.82707
47580: 0.827074
47581: 0.827077
47582: 0.827081
47583: 0.827085
47584: 0.827088
47585: 0.827092
47586: 0.827096
47587: 0.827099
47588: 0.827103
47589: 0.827107
47590: 0.827089
47591: 0.827072
47592: 0.827075
47593: 0.827079
47594: 0.827083
47595: 0.827065
47596: 0.827069
47597: 0.827073
47598: 0.827076
47599: 0.82708
47600: 0.827083
47601: 0.827087
47602: 0.827091
47603: 0.827094
47604: 0.827077
47605: 0.827081
47606: 0.827084
47607: 0.827088
47608: 0.827092
47609: 0.827095
47610: 0.827099
47611: 0.827102
47612: 0.827106
47613: 0.82711
47614: 0.827113
47615: 0.827117
47616: 0.827121
47617: 0.827124
47618: 0.827128
47619: 0.82711
47620: 0.827093
47621: 0.827097
47622: 0.8271
47623: 0.827083
47624: 0.827087
47625: 0.82709
47626: 0.827094
47627: 0.827098
47628: 0.827101
47629: 0.827084
47630: 0.827066
47631: 0.82707
47632: 0.827074
47633: 0.827077
47634: 0.827081
47635: 0.827085
47636: 0.827067
47637: 0.827071
47638: 0.827074
47639: 0.827078
47640: 0.827082
47641: 0.827064
47642: 0.827068
47643: 0.827072
47644: 0.827054
47645: 0.827037
47646: 0.827041
47647: 0.827044
47648: 0.827048
47649: 0.827051
47650: 0.827055
47651: 0.827059
47652: 0.827062
47653: 0.827066
47654: 0.82707
47655: 0.827073
47656: 0.827077
47657: 0.827059
47658: 0.827063
47659: 0.827067
47660: 0.82707
47661: 0.827074
47662: 0.827057
47663: 0.827039
47664: 0.827022
47665: 0.827026
47666: 0.827029
47667: 0.827033
47668: 0.827036
47669: 0.82704
47670: 0.827044
47671: 0.827047
47672: 0.827051
47673: 0.827055
47674: 0.827058
47675: 0.827062
47676: 0.827065
47677: 0.827069
47678: 0.827073
47679: 0.827076
47680: 0.82708
47681: 0.827084
47682: 0.827087
47683: 0.827091
47684: 0.827094
47685: 0.827098
47686: 0.827102
47687: 0.827105
47688: 0.827109
47689: 0.827113
47690: 0.827116
47691: 0.82712
47692: 0.827103
47693: 0.827106
47694: 0.82711
47695: 0.827113
47696: 0.827117
47697: 0.827121
47698: 0.827124
47699: 0.827128
47700: 0.827132
47701: 0.827135
47702: 0.827139
47703: 0.827142
47704: 0.827146
47705: 0.82715
47706: 0.827153
47707: 0.827157
47708: 0.82716
47709: 0.827164
47710: 0.827168
47711: 0.827171
47712: 0.827175
47713: 0.827179
47714: 0.827161
47715: 0.827165
47716: 0.827169
47717: 0.827172
47718: 0.827176
47719: 0.827179
47720: 0.827183
47721: 0.827187
47722: 0.82719
47723: 0.827173
47724: 0.827156
47725: 0.827159
47726: 0.827163
47727: 0.827166
47728: 0.82717
47729: 0.827153
47730: 0.827156
47731: 0.82716
47732: 0.827143
47733: 0.827146
47734: 0.82715
47735: 0.827154
47736: 0.827157
47737: 0.827161
47738: 0.827164
47739: 0.827147
47740: 0.827151
47741: 0.827154
47742: 0.827137
47743: 0.827141
47744: 0.827144
47745: 0.827148
47746: 0.827151
47747: 0.827134
47748: 0.827117
47749: 0.827099
47750: 0.827103
47751: 0.827107
47752: 0.82711
47753: 0.827114
47754: 0.827118
47755: 0.827121
47756: 0.827125
47757: 0.827128
47758: 0.827111
47759: 0.827115
47760: 0.827118
47761: 0.827122
47762: 0.827126
47763: 0.827129
47764: 0.827133
47765: 0.827116
47766: 0.827098
47767: 0.827102
47768: 0.827105
47769: 0.827109
47770: 0.827113
47771: 0.827116
47772: 0.82712
47773: 0.827124
47774: 0.827127
47775: 0.82711
47776: 0.827113
47777: 0.827117
47778: 0.827121
47779: 0.827124
47780: 0.827128
47781: 0.827111
47782: 0.827114
47783: 0.827118
47784: 0.827121
47785: 0.827125
47786: 0.827129
47787: 0.827132
47788: 0.827115
47789: 0.827119
47790: 0.827122
47791: 0.827126
47792: 0.827129
47793: 0.827133
47794: 0.827137
47795: 0.82714
47796: 0.827144
47797: 0.827148
47798: 0.827151
47799: 0.827155
47800: 0.827158
47801: 0.827162
47802: 0.827145
47803: 0.827127
47804: 0.82711
47805: 0.827114
47806: 0.827117
47807: 0.827121
47808: 0.827125
47809: 0.827128
47810: 0.827132
47811: 0.827135
47812: 0.827139
47813: 0.827143
47814: 0.827146
47815: 0.827129
47816: 0.827112
47817: 0.827094
47818: 0.827077
47819: 0.82706
47820: 0.827043
47821: 0.827046
47822: 0.82705
47823: 0.827053
47824: 0.827057
47825: 0.827061
47826: 0.827043
47827: 0.827026
47828: 0.827009
47829: 0.827012
47830: 0.827016
47831: 0.82702
47832: 0.827023
47833: 0.827027
47834: 0.82703
47835: 0.827034
47836: 0.827038
47837: 0.827041
47838: 0.827045
47839: 0.827048
47840: 0.827052
47841: 0.827056
47842: 0.827038
47843: 0.827042
47844: 0.827046
47845: 0.827049
47846: 0.827053
47847: 0.827057
47848: 0.82706
47849: 0.827064
47850: 0.827067
47851: 0.82705
47852: 0.827033
47853: 0.827016
47854: 0.827019
47855: 0.827023
47856: 0.827026
47857: 0.82703
47858: 0.827034
47859: 0.827037
47860: 0.827041
47861: 0.827044
47862: 0.827048
47863: 0.827052
47864: 0.827055
47865: 0.827059
47866: 0.827062
47867: 0.827045
47868: 0.827049
47869: 0.827052
47870: 0.827035
47871: 0.827039
47872: 0.827021
47873: 0.827004
47874: 0.827008
47875: 0.827011
47876: 0.827015
47877: 0.827019
47878: 0.827022
47879: 0.827026
47880: 0.82703
47881: 0.827033
47882: 0.827037
47883: 0.827019
47884: 0.827002
47885: 0.826985
47886: 0.826968
47887: 0.826971
47888: 0.826975
47889: 0.826978
47890: 0.826982
47891: 0.826986
47892: 0.826989
47893: 0.826993
47894: 0.826976
47895: 0.826958
47896: 0.826941
47897: 0.826924
47898: 0.826907
47899: 0.82691
47900: 0.826914
47901: 0.826917
47902: 0.826921
47903: 0.826925
47904: 0.826928
47905: 0.826932
47906: 0.826936
47907: 0.826939
47908: 0.826943
47909: 0.826946
47910: 0.82695
47911: 0.826954
47912: 0.826957
47913: 0.826961
47914: 0.826964
47915: 0.826968
47916: 0.826972
47917: 0.826975
47918: 0.826979
47919: 0.826982
47920: 0.826986
47921: 0.82699
47922: 0.826993
47923: 0.826997
47924: 0.827001
47925: 0.826983
47926: 0.826987
47927: 0.82699
47928: 0.826994
47929: 0.826998
47930: 0.827001
47931: 0.827005
47932: 0.826988
47933: 0.82697
47934: 0.826974
47935: 0.826978
47936: 0.826981
47937: 0.826964
47938: 0.826968
47939: 0.826971
47940: 0.826975
47941: 0.826958
47942: 0.82694
47943: 0.826944
47944: 0.826948
47945: 0.826951
47946: 0.826955
47947: 0.826958
47948: 0.826962
47949: 0.826966
47950: 0.826969
47951: 0.826973
47952: 0.826976
47953: 0.82698
47954: 0.826984
47955: 0.826987
47956: 0.826991
47957: 0.826994
47958: 0.826998
47959: 0.827002
47960: 0.827005
47961: 0.827009
47962: 0.827012
47963: 0.827016
47964: 0.82702
47965: 0.827023
47966: 0.827027
47967: 0.82701
47968: 0.826992
47969: 0.826996
47970: 0.827
47971: 0.827003
47972: 0.827007
47973: 0.82701
47974: 0.827014
47975: 0.827018
47976: 0.827021
47977: 0.827025
47978: 0.827028
47979: 0.827032
47980: 0.827015
47981: 0.827018
47982: 0.827022
47983: 0.827026
47984: 0.827029
47985: 0.827033
47986: 0.827036
47987: 0.82704
47988: 0.827044
47989: 0.827026
47990: 0.82703
47991: 0.827013
47992: 0.827016
47993: 0.82702
47994: 0.827024
47995: 0.827027
47996: 0.827031
47997: 0.827034
47998: 0.827038
47999: 0.827042
48000: 0.827024
48001: 0.827007
48002: 0.827011
48003: 0.827014
48004: 0.827018
48005: 0.827022
48006: 0.827025
48007: 0.827029
48008: 0.827032
48009: 0.827036
48010: 0.827019
48011: 0.827022
48012: 0.827026
48013: 0.82703
48014: 0.827033
48015: 0.827016
48016: 0.82702
48017: 0.827023
48018: 0.827006
48019: 0.82701
48020: 0.827013
48021: 0.827017
48022: 0.827
48023: 0.826982
48024: 0.826965
48025: 0.826969
48026: 0.826972
48027: 0.826976
48028: 0.82698
48029: 0.826983
48030: 0.826987
48031: 0.82699
48032: 0.826994
48033: 0.826998
48034: 0.827001
48035: 0.827005
48036: 0.827008
48037: 0.827012
48038: 0.827016
48039: 0.827019
48040: 0.827023
48041: 0.827026
48042: 0.82703
48043: 0.827034
48044: 0.827037
48045: 0.827041
48046: 0.827044
48047: 0.827048
48048: 0.827052
48049: 0.827055
48050: 0.827059
48051: 0.827042
48052: 0.827045
48053: 0.827049
48054: 0.827052
48055: 0.827056
48056: 0.82706
48057: 0.827063
48058: 0.827046
48059: 0.827029
48060: 0.827012
48061: 0.826994
48062: 0.826977
48063: 0.826981
48064: 0.826984
48065: 0.826988
48066: 0.826991
48067: 0.826995
48068: 0.826999
48069: 0.826981
48070: 0.826964
48071: 0.826968
48072: 0.826971
48073: 0.826975
48074: 0.826979
48075: 0.826982
48076: 0.826986
48077: 0.826989
48078: 0.826993
48079: 0.826997
48080: 0.826979
48081: 0.826983
48082: 0.826987
48083: 0.82699
48084: 0.826994
48085: 0.826997
48086: 0.827001
48087: 0.826984
48088: 0.826967
48089: 0.82697
48090: 0.826974
48091: 0.826977
48092: 0.826981
48093: 0.826985
48094: 0.826988
48095: 0.826971
48096: 0.826954
48097: 0.826957
48098: 0.826961
48099: 0.826965
48100: 0.826968
48101: 0.826972
48102: 0.826975
48103: 0.826979
48104: 0.826983
48105: 0.826986
48106: 0.82699
48107: 0.826993
48108: 0.826997
48109: 0.82698
48110: 0.826963
48111: 0.826945
48112: 0.826949
48113: 0.826953
48114: 0.826935
48115: 0.826939
48116: 0.826943
48117: 0.826946
48118: 0.82695
48119: 0.826953
48120: 0.826957
48121: 0.826961
48122: 0.826964
48123: 0.826968
48124: 0.826951
48125: 0.826954
48126: 0.826958
48127: 0.826961
48128: 0.826965
48129: 0.826969
48130: 0.826972
48131: 0.826976
48132: 0.826979
48133: 0.826983
48134: 0.826987
48135: 0.82699
48136: 0.826994
48137: 0.826997
48138: 0.827001
48139: 0.827005
48140: 0.827008
48141: 0.827012
48142: 0.827015
48143: 0.827019
48144: 0.827023
48145: 0.827026
48146: 0.82703
48147: 0.827033
48148: 0.827037
48149: 0.82704
48150: 0.827044
48151: 0.827048
48152: 0.827051
48153: 0.827055
48154: 0.827058
48155: 0.827062
48156: 0.827066
48157: 0.827069
48158: 0.827073
48159: 0.827076
48160: 0.82708
48161: 0.827084
48162: 0.827087
48163: 0.827091
48164: 0.827094
48165: 0.827098
48166: 0.827102
48167: 0.827105
48168: 0.827109
48169: 0.827112
48170: 0.827116
48171: 0.827119
48172: 0.827123
48173: 0.827127
48174: 0.82713
48175: 0.827134
48176: 0.827117
48177: 0.82712
48178: 0.827124
48179: 0.827127
48180: 0.827131
48181: 0.827135
48182: 0.827138
48183: 0.827142
48184: 0.827125
48185: 0.827128
48186: 0.827132
48187: 0.827135
48188: 0.827139
48189: 0.827143
48190: 0.827146
48191: 0.82715
48192: 0.827153
48193: 0.827157
48194: 0.82716
48195: 0.827164
48196: 0.827168
48197: 0.827171
48198: 0.827175
48199: 0.827178
48200: 0.827161
48201: 0.827165
48202: 0.827168
48203: 0.827172
48204: 0.827176
48205: 0.827179
48206: 0.827183
48207: 0.827186
48208: 0.82719
48209: 0.827194
48210: 0.827176
48211: 0.827159
48212: 0.827163
48213: 0.827146
48214: 0.827149
48215: 0.827153
48216: 0.827136
48217: 0.827139
48218: 0.827143
48219: 0.827146
48220: 0.82715
48221: 0.827154
48222: 0.827157
48223: 0.827161
48224: 0.827164
48225: 0.827147
48226: 0.82713
48227: 0.827113
48228: 0.827096
48229: 0.827099
48230: 0.827103
48231: 0.827106
48232: 0.82711
48233: 0.827114
48234: 0.827117
48235: 0.827121
48236: 0.827124
48237: 0.827128
48238: 0.827132
48239: 0.827135
48240: 0.827139
48241: 0.827142
48242: 0.827125
48243: 0.827129
48244: 0.827132
48245: 0.827115
48246: 0.827119
48247: 0.827122
48248: 0.827126
48249: 0.82713
48250: 0.827133
48251: 0.827137
48252: 0.82714
48253: 0.827144
48254: 0.827147
48255: 0.827151
48256: 0.827155
48257: 0.827158
48258: 0.827162
48259: 0.827165
48260: 0.827169
48261: 0.827173
48262: 0.827176
48263: 0.82718
48264: 0.827183
48265: 0.827187
48266: 0.82719
48267: 0.827194
48268: 0.827198
48269: 0.827201
48270: 0.827205
48271: 0.827208
48272: 0.827212
48273: 0.827215
48274: 0.827219
48275: 0.827223
48276: 0.827226
48277: 0.82723
48278: 0.827233
48279: 0.827237
48280: 0.82722
48281: 0.827203
48282: 0.827206
48283: 0.82721
48284: 0.827213
48285: 0.827217
48286: 0.827221
48287: 0.827224
48288: 0.827228
48289: 0.827231
48290: 0.827214
48291: 0.827218
48292: 0.827221
48293: 0.827225
48294: 0.827228
48295: 0.827232
48296: 0.827236
48297: 0.827239
48298: 0.827243
48299: 0.827226
48300: 0.827209
48301: 0.827212
48302: 0.827216
48303: 0.827219
48304: 0.827223
48305: 0.827226
48306: 0.82723
48307: 0.827234
48308: 0.827237
48309: 0.827241
48310: 0.827244
48311: 0.827248
48312: 0.827251
48313: 0.827255
48314: 0.827259
48315: 0.827262
48316: 0.827266
48317: 0.827269
48318: 0.827252
48319: 0.827256
48320: 0.827259
48321: 0.827263
48322: 0.827267
48323: 0.82727
48324: 0.827274
48325: 0.827277
48326: 0.827281
48327: 0.827284
48328: 0.827288
48329: 0.827292
48330: 0.827295
48331: 0.827278
48332: 0.827261
48333: 0.827244
48334: 0.827227
48335: 0.82723
48336: 0.827234
48337: 0.827237
48338: 0.827241
48339: 0.827224
48340: 0.827227
48341: 0.827231
48342: 0.827235
48343: 0.827238
48344: 0.827242
48345: 0.827225
48346: 0.827228
48347: 0.827232
48348: 0.827235
48349: 0.827239
48350: 0.827222
48351: 0.827225
48352: 0.827208
48353: 0.827212
48354: 0.827215
48355: 0.827219
48356: 0.827223
48357: 0.827226
48358: 0.82723
48359: 0.827233
48360: 0.827237
48361: 0.82724
48362: 0.827223
48363: 0.827206
48364: 0.82721
48365: 0.827193
48366: 0.827176
48367: 0.827179
48368: 0.827183
48369: 0.827186
48370: 0.82719
48371: 0.827193
48372: 0.827197
48373: 0.827201
48374: 0.827204
48375: 0.827208
48376: 0.827211
48377: 0.827215
48378: 0.827218
48379: 0.827222
48380: 0.827226
48381: 0.827208
48382: 0.827212
48383: 0.827216
48384: 0.827219
48385: 0.827223
48386: 0.827226
48387: 0.82723
48388: 0.827233
48389: 0.827237
48390: 0.82722
48391: 0.827224
48392: 0.827227
48393: 0.827231
48394: 0.827234
48395: 0.827217
48396: 0.827221
48397: 0.827224
48398: 0.827228
48399: 0.827211
48400: 0.827194
48401: 0.827177
48402: 0.827159
48403: 0.827142
48404: 0.827146
48405: 0.82715
48406: 0.827153
48407: 0.827157
48408: 0.82716
48409: 0.827164
48410: 0.827167
48411: 0.827171
48412: 0.827175
48413: 0.827178
48414: 0.827182
48415: 0.827185
48416: 0.827189
48417: 0.827192
48418: 0.827175
48419: 0.827179
48420: 0.827162
48421: 0.827145
48422: 0.827148
48423: 0.827152
48424: 0.827155
48425: 0.827159
48426: 0.827163
48427: 0.827166
48428: 0.82717
48429: 0.827173
48430: 0.827177
48431: 0.82716
48432: 0.827163
48433: 0.827167
48434: 0.82717
48435: 0.827174
48436: 0.827178
48437: 0.827181
48438: 0.827185
48439: 0.827188
48440: 0.827192
48441: 0.827195
48442: 0.827199
48443: 0.827182
48444: 0.827185
48445: 0.827189
48446: 0.827193
48447: 0.827196
48448: 0.8272
48449: 0.827203
48450: 0.827207
48451: 0.82719
48452: 0.827193
48453: 0.827197
48454: 0.8272
48455: 0.827204
48456: 0.827208
48457: 0.827211
48458: 0.827215
48459: 0.827218
48460: 0.827222
48461: 0.827225
48462: 0.827229
48463: 0.827233
48464: 0.827236
48465: 0.82724
48466: 0.827243
48467: 0.827247
48468: 0.82725
48469: 0.827254
48470: 0.827258
48471: 0.827261
48472: 0.827265
48473: 0.827268
48474: 0.827251
48475: 0.827255
48476: 0.827258
48477: 0.827262
48478: 0.827265
48479: 0.827269
48480: 0.827273
48481: 0.827276
48482: 0.82728
48483: 0.827283
48484: 0.827287
48485: 0.82729
48486: 0.827294
48487: 0.827277
48488: 0.82726
48489: 0.827263
48490: 0.827267
48491: 0.82727
48492: 0.827274
48493: 0.827278
48494: 0.827281
48495: 0.827285
48496: 0.827288
48497: 0.827292
48498: 0.827295
48499: 0.827299
48500: 0.827303
48501: 0.827285
48502: 0.827268
48503: 0.827272
48504: 0.827276
48505: 0.827279
48506: 0.827283
48507: 0.827286
48508: 0.82729
48509: 0.827293
48510: 0.827297
48511: 0.82728
48512: 0.827263
48513: 0.827266
48514: 0.82727
48515: 0.827273
48516: 0.827277
48517: 0.827281
48518: 0.827284
48519: 0.827288
48520: 0.827291
48521: 0.827274
48522: 0.827278
48523: 0.827281
48524: 0.827285
48525: 0.827288
48526: 0.827271
48527: 0.827275
48528: 0.827279
48529: 0.827282
48530: 0.827286
48531: 0.827289
48532: 0.827293
48533: 0.827296
48534: 0.8273
48535: 0.827303
48536: 0.827307
48537: 0.827311
48538: 0.827314
48539: 0.827318
48540: 0.827321
48541: 0.827325
48542: 0.827328
48543: 0.827332
48544: 0.827335
48545: 0.827339
48546: 0.827343
48547: 0.827346
48548: 0.82735
48549: 0.827353
48550: 0.827357
48551: 0.82736
48552: 0.827364
48553: 0.827367
48554: 0.827371
48555: 0.827375
48556: 0.827378
48557: 0.827382
48558: 0.827385
48559: 0.827389
48560: 0.827392
48561: 0.827396
48562: 0.827399
48563: 0.827403
48564: 0.827407
48565: 0.82741
48566: 0.827393
48567: 0.827376
48568: 0.827359
48569: 0.827342
48570: 0.827325
48571: 0.827308
48572: 0.827311
48573: 0.827315
48574: 0.827319
48575: 0.827322
48576: 0.827326
48577: 0.827329
48578: 0.827333
48579: 0.827336
48580: 0.82734
48581: 0.827323
48582: 0.827326
48583: 0.82733
48584: 0.827334
48585: 0.827337
48586: 0.827341
48587: 0.827344
48588: 0.827348
48589: 0.827351
48590: 0.827355
48591: 0.827358
48592: 0.827362
48593: 0.827366
48594: 0.827369
48595: 0.827373
48596: 0.827356
48597: 0.827359
48598: 0.827363
48599: 0.827366
48600: 0.82737
48601: 0.827373
48602: 0.827377
48603: 0.82738
48604: 0.827384
48605: 0.827388
48606: 0.827391
48607: 0.827395
48608: 0.827398
48609: 0.827402
48610: 0.827405
48611: 0.827409
48612: 0.827412
48613: 0.827416
48614: 0.82742
48615: 0.827423
48616: 0.827427
48617: 0.82743
48618: 0.827434
48619: 0.827437
48620: 0.827441
48621: 0.827444
48622: 0.827448
48623: 0.827451
48624: 0.827455
48625: 0.827459
48626: 0.827462
48627: 0.827466
48628: 0.827469
48629: 0.827473
48630: 0.827476
48631: 0.82748
48632: 0.827483
48633: 0.827466
48634: 0.82747
48635: 0.827473
48636: 0.827477
48637: 0.82746
48638: 0.827443
48639: 0.827447
48640: 0.82745
48641: 0.827454
48642: 0.827437
48643: 0.82742
48644: 0.827423
48645: 0.827427
48646: 0.82743
48647: 0.827434
48648: 0.827437
48649: 0.827441
48650: 0.827444
48651: 0.827427
48652: 0.827431
48653: 0.827435
48654: 0.827438
48655: 0.827442
48656: 0.827425
48657: 0.827428
48658: 0.827432
48659: 0.827435
48660: 0.827439
48661: 0.827442
48662: 0.827446
48663: 0.827449
48664: 0.827432
48665: 0.827415
48666: 0.827419
48667: 0.827423
48668: 0.827426
48669: 0.82743
48670: 0.827433
48671: 0.827437
48672: 0.82744
48673: 0.827444
48674: 0.827447
48675: 0.827451
48676: 0.827454
48677: 0.827458
48678: 0.827462
48679: 0.827445
48680: 0.827428
48681: 0.827411
48682: 0.827414
48683: 0.827418
48684: 0.827421
48685: 0.827425
48686: 0.827428
48687: 0.827411
48688: 0.827394
48689: 0.827377
48690: 0.82736
48691: 0.827343
48692: 0.827347
48693: 0.82733
48694: 0.827333
48695: 0.827337
48696: 0.82734
48697: 0.827344
48698: 0.827348
48699: 0.827351
48700: 0.827355
48701: 0.827358
48702: 0.827341
48703: 0.827324
48704: 0.827307
48705: 0.82729
48706: 0.827294
48707: 0.827297
48708: 0.827301
48709: 0.827304
48710: 0.827308
48711: 0.827291
48712: 0.827295
48713: 0.827298
48714: 0.827302
48715: 0.827305
48716: 0.827309
48717: 0.827312
48718: 0.827316
48719: 0.827319
48720: 0.827323
48721: 0.827326
48722: 0.82733
48723: 0.827334
48724: 0.827337
48725: 0.827341
48726: 0.827344
48727: 0.827348
48728: 0.827331
48729: 0.827334
48730: 0.827338
48731: 0.827341
48732: 0.827345
48733: 0.827348
48734: 0.827352
48735: 0.827335
48736: 0.827339
48737: 0.827342
48738: 0.827346
48739: 0.827349
48740: 0.827353
48741: 0.827336
48742: 0.827319
48743: 0.827322
48744: 0.827326
48745: 0.827329
48746: 0.827333
48747: 0.827337
48748: 0.82734
48749: 0.827344
48750: 0.827327
48751: 0.82733
48752: 0.827334
48753: 0.827337
48754: 0.827341
48755: 0.827344
48756: 0.827348
48757: 0.827351
48758: 0.827355
48759: 0.827338
48760: 0.827321
48761: 0.827304
48762: 0.827287
48763: 0.82727
48764: 0.827274
48765: 0.827277
48766: 0.827281
48767: 0.827284
48768: 0.827288
48769: 0.827291
48770: 0.827295
48771: 0.827278
48772: 0.827261
48773: 0.827265
48774: 0.827248
48775: 0.827251
48776: 0.827255
48777: 0.827258
48778: 0.827262
48779: 0.827265
48780: 0.827269
48781: 0.827272
48782: 0.827276
48783: 0.827279
48784: 0.827283
48785: 0.827287
48786: 0.82729
48787: 0.827294
48788: 0.827297
48789: 0.827301
48790: 0.827304
48791: 0.827308
48792: 0.827291
48793: 0.827294
48794: 0.827298
48795: 0.827301
48796: 0.827305
48797: 0.827308
48798: 0.827312
48799: 0.827316
48800: 0.827319
48801: 0.827302
48802: 0.827285
48803: 0.827268
48804: 0.827251
48805: 0.827234
48806: 0.827238
48807: 0.827241
48808: 0.827245
48809: 0.827249
48810: 0.827252
48811: 0.827256
48812: 0.827259
48813: 0.827263
48814: 0.827266
48815: 0.82727
48816: 0.827273
48817: 0.827277
48818: 0.82728
48819: 0.827284
48820: 0.827287
48821: 0.827291
48822: 0.827295
48823: 0.827298
48824: 0.827302
48825: 0.827305
48826: 0.827309
48827: 0.827312
48828: 0.827316
48829: 0.827319
48830: 0.827323
48831: 0.827326
48832: 0.82733
48833: 0.827333
48834: 0.827337
48835: 0.82734
48836: 0.827344
48837: 0.827348
48838: 0.827351
48839: 0.827355
48840: 0.827358
48841: 0.827362
48842: 0.827345
48843: 0.827348
48844: 0.827352
48845: 0.827355
48846: 0.827359
48847: 0.827362
48848: 0.827366
48849: 0.827369
48850: 0.827373
48851: 0.827377
48852: 0.82738
48853: 0.827384
48854: 0.827387
48855: 0.827391
48856: 0.827394
48857: 0.827398
48858: 0.827381
48859: 0.827384
48860: 0.827388
48861: 0.827391
48862: 0.827374
48863: 0.827378
48864: 0.827382
48865: 0.827385
48866: 0.827389
48867: 0.827392
48868: 0.827396
48869: 0.827379
48870: 0.827382
48871: 0.827386
48872: 0.827389
48873: 0.827393
48874: 0.827396
48875: 0.8274
48876: 0.827403
48877: 0.827407
48878: 0.82739
48879: 0.827394
48880: 0.827397
48881: 0.827401
48882: 0.827404
48883: 0.827387
48884: 0.827391
48885: 0.827394
48886: 0.827377
48887: 0.82736
48888: 0.827344
48889: 0.827327
48890: 0.82733
48891: 0.827334
48892: 0.827337
48893: 0.827341
48894: 0.827344
48895: 0.827348
48896: 0.827351
48897: 0.827355
48898: 0.827358
48899: 0.827362
48900: 0.827365
48901: 0.827349
48902: 0.827352
48903: 0.827335
48904: 0.827318
48905: 0.827301
48906: 0.827305
48907: 0.827308
48908: 0.827312
48909: 0.827315
48910: 0.827319
48911: 0.827323
48912: 0.827326
48913: 0.82733
48914: 0.827333
48915: 0.827337
48916: 0.82734
48917: 0.827344
48918: 0.827347
48919: 0.827351
48920: 0.827334
48921: 0.827317
48922: 0.8273
48923: 0.827304
48924: 0.827307
48925: 0.827311
48926: 0.827314
48927: 0.827318
48928: 0.827301
48929: 0.827304
48930: 0.827308
48931: 0.827291
48932: 0.827294
48933: 0.827298
48934: 0.827302
48935: 0.827305
48936: 0.827309
48937: 0.827312
48938: 0.827316
48939: 0.827299
48940: 0.827302
48941: 0.827306
48942: 0.827309
48943: 0.827313
48944: 0.827296
48945: 0.827279
48946: 0.827262
48947: 0.827245
48948: 0.827228
48949: 0.827232
48950: 0.827235
48951: 0.827239
48952: 0.827242
48953: 0.827246
48954: 0.82725
48955: 0.827253
48956: 0.827257
48957: 0.82726
48958: 0.827264
48959: 0.827267
48960: 0.827271
48961: 0.827254
48962: 0.827237
48963: 0.82724
48964: 0.827244
48965: 0.827247
48966: 0.827251
48967: 0.827255
48968: 0.827258
48969: 0.827262
48970: 0.827265
48971: 0.827269
48972: 0.827272
48973: 0.827276
48974: 0.827279
48975: 0.827283
48976: 0.827286
48977: 0.82729
48978: 0.827273
48979: 0.827276
48980: 0.82728
48981: 0.827283
48982: 0.827267
48983: 0.82727
48984: 0.827274
48985: 0.827277
48986: 0.827281
48987: 0.827284
48988: 0.827267
48989: 0.827271
48990: 0.827274
48991: 0.827278
48992: 0.827281
48993: 0.827285
48994: 0.827288
48995: 0.827292
48996: 0.827296
48997: 0.827299
48998: 0.827303
48999: 0.827306
49000: 0.82731
49001: 0.827313
49002: 0.827317
49003: 0.82732
49004: 0.827324
49005: 0.827327
49006: 0.827331
49007: 0.827334
49008: 0.827338
49009: 0.827341
49010: 0.827324
49011: 0.827328
49012: 0.827332
49013: 0.827315
49014: 0.827298
49015: 0.827301
49016: 0.827305
49017: 0.827308
49018: 0.827312
49019: 0.827315
49020: 0.827319
49021: 0.827322
49022: 0.827326
49023: 0.827329
49024: 0.827333
49025: 0.827316
49026: 0.82732
49027: 0.827323
49028: 0.827327
49029: 0.82733
49030: 0.827334
49031: 0.827337
49032: 0.827341
49033: 0.827344
49034: 0.827348
49035: 0.827351
49036: 0.827355
49037: 0.827358
49038: 0.827362
49039: 0.827365
49040: 0.827369
49041: 0.827372
49042: 0.827376
49043: 0.827379
49044: 0.827383
49045: 0.827387
49046: 0.82739
49047: 0.827394
49048: 0.827397
49049: 0.827401
49050: 0.827384
49051: 0.827387
49052: 0.827391
49053: 0.827394
49054: 0.827398
49055: 0.827401
49056: 0.827384
49057: 0.827368
49058: 0.827351
49059: 0.827354
49060: 0.827358
49061: 0.827361
49062: 0.827365
49063: 0.827368
49064: 0.827372
49065: 0.827355
49066: 0.827359
49067: 0.827362
49068: 0.827366
49069: 0.827349
49070: 0.827332
49071: 0.827315
49072: 0.827298
49073: 0.827281
49074: 0.827285
49075: 0.827288
49076: 0.827292
49077: 0.827295
49078: 0.827299
49079: 0.827302
49080: 0.827306
49081: 0.827309
49082: 0.827293
49083: 0.827276
49084: 0.827279
49085: 0.827283
49086: 0.827286
49087: 0.82729
49088: 0.827293
49089: 0.827297
49090: 0.8273
49091: 0.827304
49092: 0.827287
49093: 0.82727
49094: 0.827253
49095: 0.827257
49096: 0.82724
49097: 0.827223
49098: 0.827227
49099: 0.82723
49100: 0.827234
49101: 0.827237
49102: 0.827241
49103: 0.827244
49104: 0.827248
49105: 0.827251
49106: 0.827255
49107: 0.827258
49108: 0.827241
49109: 0.827245
49110: 0.827248
49111: 0.827252
49112: 0.827256
49113: 0.827239
49114: 0.827242
49115: 0.827246
49116: 0.827249
49117: 0.827253
49118: 0.827256
49119: 0.82726
49120: 0.827243
49121: 0.827226
49122: 0.82723
49123: 0.827233
49124: 0.827237
49125: 0.82724
49126: 0.827244
49127: 0.827227
49128: 0.82723
49129: 0.827214
49130: 0.827217
49131: 0.827221
49132: 0.827224
49133: 0.827228
49134: 0.827231
49135: 0.827214
49136: 0.827197
49137: 0.827201
49138: 0.827204
49139: 0.827208
49140: 0.827211
49141: 0.827215
49142: 0.827219
49143: 0.827222
49144: 0.827226
49145: 0.827229
49146: 0.827233
49147: 0.827236
49148: 0.82724
49149: 0.827223
49150: 0.827226
49151: 0.82723
49152: 0.827233
49153: 0.827237
49154: 0.82724
49155: 0.827224
49156: 0.827227
49157: 0.827231
49158: 0.827234
49159: 0.827238
49160: 0.827241
49161: 0.827245
49162: 0.827248
49163: 0.827252
49164: 0.827255
49165: 0.827259
49166: 0.827262
49167: 0.827266
49168: 0.827269
49169: 0.827273
49170: 0.827276
49171: 0.827259
49172: 0.827243
49173: 0.827246
49174: 0.82725
49175: 0.827253
49176: 0.827257
49177: 0.82726
49178: 0.827243
49179: 0.827227
49180: 0.82723
49181: 0.827234
49182: 0.827237
49183: 0.827241
49184: 0.827244
49185: 0.827248
49186: 0.827251
49187: 0.827255
49188: 0.827258
49189: 0.827241
49190: 0.827245
49191: 0.827248
49192: 0.827252
49193: 0.827255
49194: 0.827259
49195: 0.827262
49196: 0.827246
49197: 0.827249
49198: 0.827253
49199: 0.827256
49200: 0.82726
49201: 0.827263
49202: 0.827267
49203: 0.82727
49204: 0.827274
49205: 0.827277
49206: 0.827281
49207: 0.827284
49208: 0.827288
49209: 0.827271
49210: 0.827274
49211: 0.827278
49212: 0.827281
49213: 0.827285
49214: 0.827288
49215: 0.827292
49216: 0.827295
49217: 0.827299
49218: 0.827302
49219: 0.827306
49220: 0.827309
49221: 0.827313
49222: 0.827316
49223: 0.82732
49224: 0.827324
49225: 0.827327
49226: 0.82731
49227: 0.827314
49228: 0.827317
49229: 0.827321
49230: 0.827324
49231: 0.827328
49232: 0.827331
49233: 0.827335
49234: 0.827338
49235: 0.827342
49236: 0.827325
49237: 0.827308
49238: 0.827291
49239: 0.827295
49240: 0.827298
49241: 0.827302
49242: 0.827305
49243: 0.827309
49244: 0.827312
49245: 0.827316
49246: 0.827319
49247: 0.827323
49248: 0.827326
49249: 0.82733
49250: 0.827333
49251: 0.827337
49252: 0.82734
49253: 0.827344
49254: 0.827347
49255: 0.827331
49256: 0.827334
49257: 0.827338
49258: 0.827341
49259: 0.827324
49260: 0.827328
49261: 0.827331
49262: 0.827315
49263: 0.827318
49264: 0.827322
49265: 0.827325
49266: 0.827329
49267: 0.827332
49268: 0.827336
49269: 0.827339
49270: 0.827343
49271: 0.827346
49272: 0.82735
49273: 0.827353
49274: 0.827357
49275: 0.82736
49276: 0.827343
49277: 0.827347
49278: 0.82735
49279: 0.827354
49280: 0.827357
49281: 0.827361
49282: 0.827364
49283: 0.827368
49284: 0.827371
49285: 0.827375
49286: 0.827378
49287: 0.827382
49288: 0.827385
49289: 0.827389
49290: 0.827392
49291: 0.827396
49292: 0.827399
49293: 0.827403
49294: 0.827386
49295: 0.827369
49296: 0.827373
49297: 0.827376
49298: 0.82738
49299: 0.827383
49300: 0.827387
49301: 0.82739
49302: 0.827394
49303: 0.827397
49304: 0.827401
49305: 0.827404
49306: 0.827408
49307: 0.827411
49308: 0.827415
49309: 0.827418
49310: 0.827422
49311: 0.827425
49312: 0.827429
49313: 0.827432
49314: 0.827436
49315: 0.827439
49316: 0.827443
49317: 0.827446
49318: 0.82745
49319: 0.827453
49320: 0.827457
49321: 0.82744
49322: 0.827423
49323: 0.827427
49324: 0.82743
49325: 0.827434
49326: 0.827437
49327: 0.827441
49328: 0.827444
49329: 0.827448
49330: 0.827451
49331: 0.827455
49332: 0.827458
49333: 0.827462
49334: 0.827465
49335: 0.827469
49336: 0.827472
49337: 0.827476
49338: 0.827479
49339: 0.827483
49340: 0.827486
49341: 0.82749
49342: 0.827473
49343: 0.827456
49344: 0.827439
49345: 0.827443
49346: 0.827446
49347: 0.82745
49348: 0.827453
49349: 0.827457
49350: 0.82746
49351: 0.827464
49352: 0.827467
49353: 0.827451
49354: 0.827454
49355: 0.827458
49356: 0.827461
49357: 0.827465
49358: 0.827468
49359: 0.827472
49360: 0.827455
49361: 0.827458
49362: 0.827442
49363: 0.827425
49364: 0.827408
49365: 0.827391
49366: 0.827375
49367: 0.827358
49368: 0.827361
49369: 0.827365
49370: 0.827368
49371: 0.827372
49372: 0.827375
49373: 0.827379
49374: 0.827382
49375: 0.827366
49376: 0.827349
49377: 0.827332
49378: 0.827315
49379: 0.827319
49380: 0.827322
49381: 0.827326
49382: 0.827329
49383: 0.827333
49384: 0.827336
49385: 0.82734
49386: 0.827343
49387: 0.827347
49388: 0.82735
49389: 0.827354
49390: 0.827357
49391: 0.827361
49392: 0.827344
49393: 0.827347
49394: 0.827331
49395: 0.827334
49396: 0.827338
49397: 0.827341
49398: 0.827345
49399: 0.827348
49400: 0.827352
49401: 0.827355
49402: 0.827338
49403: 0.827322
49404: 0.827325
49405: 0.827329
49406: 0.827332
49407: 0.827336
49408: 0.827339
49409: 0.827343
49410: 0.827346
49411: 0.82735
49412: 0.827353
49413: 0.827357
49414: 0.82736
49415: 0.827364
49416: 0.827347
49417: 0.82735
49418: 0.827354
49419: 0.827357
49420: 0.827361
49421: 0.827364
49422: 0.827368
49423: 0.827371
49424: 0.827375
49425: 0.827378
49426: 0.827382
49427: 0.827365
49428: 0.827348
49429: 0.827332
49430: 0.827315
49431: 0.827298
49432: 0.827302
49433: 0.827305
49434: 0.827309
49435: 0.827312
49436: 0.827316
49437: 0.827299
49438: 0.827302
49439: 0.827306
49440: 0.827309
49441: 0.827293
49442: 0.827276
49443: 0.827279
49444: 0.827283
49445: 0.827286
49446: 0.82729
49447: 0.827293
49448: 0.827297
49449: 0.8273
49450: 0.827304
49451: 0.827307
49452: 0.827311
49453: 0.827314
49454: 0.827318
49455: 0.827321
49456: 0.827325
49457: 0.827328
49458: 0.827332
49459: 0.827335
49460: 0.827339
49461: 0.827342
49462: 0.827346
49463: 0.827329
49464: 0.827332
49465: 0.827316
49466: 0.827319
49467: 0.827302
49468: 0.827286
49469: 0.827269
49470: 0.827273
49471: 0.827276
49472: 0.82728
49473: 0.827263
49474: 0.827246
49475: 0.827229
49476: 0.827233
49477: 0.827236
49478: 0.82722
49479: 0.827223
49480: 0.827227
49481: 0.82723
49482: 0.827234
49483: 0.827237
49484: 0.827241
49485: 0.827244
49486: 0.827248
49487: 0.827251
49488: 0.827255
49489: 0.827258
49490: 0.827262
49491: 0.827265
49492: 0.827248
49493: 0.827232
49494: 0.827215
49495: 0.827198
49496: 0.827202
49497: 0.827185
49498: 0.827188
49499: 0.827192
49500: 0.827195
49501: 0.827199
49502: 0.827202
49503: 0.827206
49504: 0.827209
49505: 0.827213
49506: 0.827216
49507: 0.82722
49508: 0.827223
49509: 0.827207
49510: 0.82721
49511: 0.827214
49512: 0.827217
49513: 0.827221
49514: 0.827224
49515: 0.827228
49516: 0.827231
49517: 0.827235
49518: 0.827238
49519: 0.827242
49520: 0.827225
49521: 0.827228
49522: 0.827232
49523: 0.827235
49524: 0.827219
49525: 0.827202
49526: 0.827185
49527: 0.827189
49528: 0.827192
49529: 0.827196
49530: 0.827199
49531: 0.827182
49532: 0.827186
49533: 0.827189
49534: 0.827193
49535: 0.827196
49536: 0.8272
49537: 0.827183
49538: 0.827187
49539: 0.82717
49540: 0.827153
49541: 0.827157
49542: 0.82716
49543: 0.827164
49544: 0.827167
49545: 0.827171
49546: 0.827174
49547: 0.827178
49548: 0.827181
49549: 0.827185
49550: 0.827188
49551: 0.827192
49552: 0.827195
49553: 0.827199
49554: 0.827182
49555: 0.827185
49556: 0.827189
49557: 0.827192
49558: 0.827196
49559: 0.827199
49560: 0.827203
49561: 0.827206
49562: 0.82721
49563: 0.827213
49564: 0.827217
49565: 0.82722
49566: 0.827224
49567: 0.827227
49568: 0.827231
49569: 0.827234
49570: 0.827238
49571: 0.827241
49572: 0.827245
49573: 0.827248
49574: 0.827231
49575: 0.827215
49576: 0.827218
49577: 0.827222
49578: 0.827225
49579: 0.827209
49580: 0.827212
49581: 0.827216
49582: 0.827219
49583: 0.827222
49584: 0.827226
49585: 0.827229
49586: 0.827233
49587: 0.827236
49588: 0.82724
49589: 0.827243
49590: 0.827247
49591: 0.82725
49592: 0.827254
49593: 0.827257
49594: 0.827261
49595: 0.827264
49596: 0.827268
49597: 0.827271
49598: 0.827275
49599: 0.827258
49600: 0.827241
49601: 0.827245
49602: 0.827248
49603: 0.827252
49604: 0.827255
49605: 0.827239
49606: 0.827222
49607: 0.827205
49608: 0.827189
49609: 0.827192
49610: 0.827196
49611: 0.827199
49612: 0.827203
49613: 0.827206
49614: 0.82721
49615: 0.827213
49616: 0.827216
49617: 0.8272
49618: 0.827203
49619: 0.827187
49620: 0.82717
49621: 0.827173
49622: 0.827177
49623: 0.82718
49624: 0.827184
49625: 0.827187
49626: 0.827191
49627: 0.827194
49628: 0.827198
49629: 0.827201
49630: 0.827205
49631: 0.827208
49632: 0.827212
49633: 0.827195
49634: 0.827178
49635: 0.827182
49636: 0.827185
49637: 0.827189
49638: 0.827192
49639: 0.827196
49640: 0.827199
49641: 0.827203
49642: 0.827206
49643: 0.82721
49644: 0.827213
49645: 0.827217
49646: 0.82722
49647: 0.827224
49648: 0.827227
49649: 0.827231
49650: 0.827214
49651: 0.827217
49652: 0.827221
49653: 0.827224
49654: 0.827228
49655: 0.827231
49656: 0.827235
49657: 0.827238
49658: 0.827242
49659: 0.827245
49660: 0.827249
49661: 0.827252
49662: 0.827256
49663: 0.827259
49664: 0.827243
49665: 0.827246
49666: 0.827229
49667: 0.827233
49668: 0.827236
49669: 0.82724
49670: 0.827243
49671: 0.827227
49672: 0.82721
49673: 0.827193
49674: 0.827197
49675: 0.8272
49676: 0.827204
49677: 0.827207
49678: 0.827211
49679: 0.827214
49680: 0.827218
49681: 0.827201
49682: 0.827184
49683: 0.827168
49684: 0.827151
49685: 0.827155
49686: 0.827138
49687: 0.827141
49688: 0.827145
49689: 0.827148
49690: 0.827152
49691: 0.827155
49692: 0.827159
49693: 0.827162
49694: 0.827166
49695: 0.827169
49696: 0.827173
49697: 0.827176
49698: 0.82718
49699: 0.827183
49700: 0.827187
49701: 0.82719
49702: 0.827194
49703: 0.827197
49704: 0.8272
49705: 0.827204
49706: 0.827207
49707: 0.827211
49708: 0.827214
49709: 0.827218
49710: 0.827221
49711: 0.827225
49712: 0.827228
49713: 0.827232
49714: 0.827235
49715: 0.827239
49716: 0.827242
49717: 0.827246
49718: 0.827249
49719: 0.827233
49720: 0.827236
49721: 0.827239
49722: 0.827243
49723: 0.827246
49724: 0.82725
49725: 0.827253
49726: 0.827257
49727: 0.82726
49728: 0.827264
49729: 0.827267
49730: 0.827271
49731: 0.827274
49732: 0.827278
49733: 0.827281
49734: 0.827285
49735: 0.827288
49736: 0.827292
49737: 0.827295
49738: 0.827298
49739: 0.827302
49740: 0.827305
49741: 0.827309
49742: 0.827312
49743: 0.827316
49744: 0.827319
49745: 0.827323
49746: 0.827326
49747: 0.82733
49748: 0.827333
49749: 0.827337
49750: 0.82734
49751: 0.827344
49752: 0.827347
49753: 0.827351
49754: 0.827334
49755: 0.827337
49756: 0.827341
49757: 0.827344
49758: 0.827348
49759: 0.827351
49760: 0.827355
49761: 0.827358
49762: 0.827362
49763: 0.827365
49764: 0.827369
49765: 0.827372
49766: 0.827376
49767: 0.827379
49768: 0.827383
49769: 0.827386
49770: 0.827389
49771: 0.827393
49772: 0.827396
49773: 0.8274
49774: 0.827403
49775: 0.827407
49776: 0.82741
49777: 0.827414
49778: 0.827417
49779: 0.827421
49780: 0.827424
49781: 0.827428
49782: 0.827431
49783: 0.827414
49784: 0.827418
49785: 0.827421
49786: 0.827425
49787: 0.827428
49788: 0.827412
49789: 0.827395
49790: 0.827399
49791: 0.827402
49792: 0.827405
49793: 0.827409
49794: 0.827412
49795: 0.827416
49796: 0.827399
49797: 0.827403
49798: 0.827406
49799: 0.82741
49800: 0.827413
49801: 0.827417
49802: 0.8274
49803: 0.827403
49804: 0.827407
49805: 0.82741
49806: 0.827414
49807: 0.827417
49808: 0.827421
49809: 0.827424
49810: 0.827428
49811: 0.827431
49812: 0.827435
49813: 0.827438
49814: 0.827442
49815: 0.827445
49816: 0.827428
49817: 0.827432
49818: 0.827435
49819: 0.827439
49820: 0.827442
49821: 0.827426
49822: 0.827409
49823: 0.827412
49824: 0.827416
49825: 0.827419
49826: 0.827423
49827: 0.827426
49828: 0.82743
49829: 0.827433
49830: 0.827437
49831: 0.82744
49832: 0.827444
49833: 0.827427
49834: 0.82741
49835: 0.827414
49836: 0.827417
49837: 0.827421
49838: 0.827424
49839: 0.827428
49840: 0.827431
49841: 0.827415
49842: 0.827418
49843: 0.827422
49844: 0.827425
49845: 0.827428
49846: 0.827432
49847: 0.827435
49848: 0.827439
49849: 0.827442
49850: 0.827426
49851: 0.827409
49852: 0.827413
49853: 0.827396
49854: 0.827379
49855: 0.827363
49856: 0.827346
49857: 0.82733
49858: 0.827333
49859: 0.827337
49860: 0.82734
49861: 0.827343
49862: 0.827347
49863: 0.82735
49864: 0.827354
49865: 0.827357
49866: 0.827341
49867: 0.827344
49868: 0.827348
49869: 0.827351
49870: 0.827355
49871: 0.827358
49872: 0.827361
49873: 0.827365
49874: 0.827368
49875: 0.827372
49876: 0.827375
49877: 0.827379
49878: 0.827382
49879: 0.827386
49880: 0.827389
49881: 0.827393
49882: 0.827396
49883: 0.8274
49884: 0.827403
49885: 0.827406
49886: 0.82741
49887: 0.827413
49888: 0.827417
49889: 0.82742
49890: 0.827424
49891: 0.827427
49892: 0.827431
49893: 0.827434
49894: 0.827438
49895: 0.827441
49896: 0.827445
49897: 0.827448
49898: 0.827431
49899: 0.827435
49900: 0.827438
49901: 0.827442
49902: 0.827425
49903: 0.827429
49904: 0.827412
49905: 0.827416
49906: 0.827419
49907: 0.827402
49908: 0.827386
49909: 0.827369
49910: 0.827353
49911: 0.827356
49912: 0.82734
49913: 0.827323
49914: 0.827306
49915: 0.82731
49916: 0.827313
49917: 0.827317
49918: 0.82732
49919: 0.827324
49920: 0.827327
49921: 0.827331
49922: 0.827334
49923: 0.827318
49924: 0.827301
49925: 0.827304
49926: 0.827308
49927: 0.827311
49928: 0.827315
49929: 0.827318
49930: 0.827322
49931: 0.827325
49932: 0.827329
49933: 0.827332
49934: 0.827336
49935: 0.827339
49936: 0.827322
49937: 0.827306
49938: 0.827309
49939: 0.827313
49940: 0.827316
49941: 0.82732
49942: 0.827323
49943: 0.827327
49944: 0.82733
49945: 0.827334
49946: 0.827337
49947: 0.82734
49948: 0.827344
49949: 0.827347
49950: 0.827351
49951: 0.827354
49952: 0.827338
49953: 0.827341
49954: 0.827345
49955: 0.827348
49956: 0.827352
49957: 0.827335
49958: 0.827318
49959: 0.827302
49960: 0.827285
49961: 0.827289
49962: 0.827292
49963: 0.827296
49964: 0.827299
49965: 0.827283
49966: 0.827286
49967: 0.827289
49968: 0.827293
49969: 0.827296
49970: 0.82728
49971: 0.827263
49972: 0.827267
49973: 0.82727
49974: 0.827274
49975: 0.827257
49976: 0.827261
49977: 0.827264
49978: 0.827267
49979: 0.827271
49980: 0.827274
49981: 0.827278
49982: 0.827281
49983: 0.827285
49984: 0.827288
49985: 0.827292
49986: 0.827295
49987: 0.827299
49988: 0.827282
49989: 0.827285
49990: 0.827289
49991: 0.827292
49992: 0.827296
49993: 0.827299
49994: 0.827303
49995: 0.827286
49996: 0.82729
49997: 0.827293
49998: 0.827297
49999: 0.8273
50000: 0.827283
50001: 0.827287
50002: 0.82729
50003: 0.827294
50004: 0.827297
50005: 0.827301
50006: 0.827304
50007: 0.827288
50008: 0.827291
50009: 0.827295
50010: 0.827278
50011: 0.827281
50012: 0.827285
50013: 0.827288
50014: 0.827292
50015: 0.827295
50016: 0.827279
50017: 0.827262
50018: 0.827266
50019: 0.827269
50020: 0.827273
50021: 0.827276
50022: 0.827259
50023: 0.827263
50024: 0.827266
50025: 0.82725
50026: 0.827233
50027: 0.827237
50028: 0.82724
50029: 0.827224
50030: 0.827207
50031: 0.827191
50032: 0.827174
50033: 0.827158
50034: 0.827141
50035: 0.827144
50036: 0.827148
50037: 0.827151
50038: 0.827155
50039: 0.827158
50040: 0.827162
50041: 0.827145
50042: 0.827149
50043: 0.827152
50044: 0.827156
50045: 0.827139
50046: 0.827123
50047: 0.827126
50048: 0.827129
50049: 0.827133
50050: 0.827136
50051: 0.82714
50052: 0.827123
50053: 0.827107
50054: 0.82709
50055: 0.827094
50056: 0.827097
50057: 0.827101
50058: 0.827104
50059: 0.827107
50060: 0.827111
50061: 0.827094
50062: 0.827098
50063: 0.827101
50064: 0.827105
50065: 0.827108
50066: 0.827112
50067: 0.827115
50068: 0.827119
50069: 0.827102
50070: 0.827106
50071: 0.827109
50072: 0.827112
50073: 0.827116
50074: 0.827099
50075: 0.827103
50076: 0.827106
50077: 0.82709
50078: 0.827073
50079: 0.827057
50080: 0.82706
50081: 0.827064
50082: 0.827067
50083: 0.827071
50084: 0.827074
50085: 0.827077
50086: 0.827081
50087: 0.827084
50088: 0.827088
50089: 0.827091
50090: 0.827095
50091: 0.827078
50092: 0.827062
50093: 0.827065
50094: 0.827069
50095: 0.827072
50096: 0.827075
50097: 0.827079
50098: 0.827082
50099: 0.827086
50100: 0.827089
50101: 0.827093
50102: 0.827096
50103: 0.8271
50104: 0.827103
50105: 0.827107
50106: 0.82711
50107: 0.827113
50108: 0.827117
50109: 0.82712
50110: 0.827124
50111: 0.827127
50112: 0.827131
50113: 0.827134
50114: 0.827138
50115: 0.827141
50116: 0.827144
50117: 0.827148
50118: 0.827131
50119: 0.827135
50120: 0.827138
50121: 0.827142
50122: 0.827125
50123: 0.827129
50124: 0.827132
50125: 0.827136
50126: 0.827139
50127: 0.827143
50128: 0.827146
50129: 0.827149
50130: 0.827153
50131: 0.827136
50132: 0.82712
50133: 0.827123
50134: 0.827127
50135: 0.82713
50136: 0.827134
50137: 0.827137
50138: 0.827141
50139: 0.827144
50140: 0.827147
50141: 0.827151
50142: 0.827154
50143: 0.827158
50144: 0.827161
50145: 0.827165
50146: 0.827168
50147: 0.827172
50148: 0.827175
50149: 0.827178
50150: 0.827182
50151: 0.827185
50152: 0.827189
50153: 0.827192
50154: 0.827196
50155: 0.827199
50156: 0.827203
50157: 0.827186
50158: 0.82717
50159: 0.827173
50160: 0.827176
50161: 0.82718
50162: 0.827183
50163: 0.827187
50164: 0.82717
50165: 0.827174
50166: 0.827177
50167: 0.827181
50168: 0.827184
50169: 0.827188
50170: 0.827191
50171: 0.827194
50172: 0.827178
50173: 0.827181
50174: 0.827185
50175: 0.827188
50176: 0.827192
50177: 0.827195
50178: 0.827199
50179: 0.827182
50180: 0.827186
50181: 0.827189
50182: 0.827192
50183: 0.827196
50184: 0.827199
50185: 0.827203
50186: 0.827206
50187: 0.82719
50188: 0.827193
50189: 0.827197
50190: 0.8272
50191: 0.827184
50192: 0.827187
50193: 0.827171
50194: 0.827154
50195: 0.827138
50196: 0.827121
50197: 0.827105
50198: 0.827088
50199: 0.827092
50200: 0.827095
50201: 0.827099
50202: 0.827102
50203: 0.827105
50204: 0.827109
50205: 0.827092
50206: 0.827076
50207: 0.827059
50208: 0.827043
50209: 0.827026
50210: 0.82703
50211: 0.827033
50212: 0.827037
50213: 0.82704
50214: 0.827044
50215: 0.827047
50216: 0.827051
50217: 0.827054
50218: 0.827057
50219: 0.827061
50220: 0.827064
50221: 0.827068
50222: 0.827071
50223: 0.827055
50224: 0.827038
50225: 0.827022
50226: 0.827005
50227: 0.827009
50228: 0.827012
50229: 0.827016
50230: 0.827019
50231: 0.827003
50232: 0.826986
50233: 0.82697
50234: 0.826973
50235: 0.826977
50236: 0.82698
50237: 0.826984
50238: 0.826967
50239: 0.826971
50240: 0.826974
50241: 0.826977
50242: 0.826981
50243: 0.826984
50244: 0.826988
50245: 0.826991
50246: 0.826975
50247: 0.826978
50248: 0.826982
50249: 0.826985
50250: 0.826989
50251: 0.826992
50252: 0.826995
50253: 0.826999
50254: 0.827002
50255: 0.827006
50256: 0.827009
50257: 0.826993
50258: 0.826996
50259: 0.827
50260: 0.827003
50261: 0.827006
50262: 0.82701
50263: 0.827013
50264: 0.827017
50265: 0.82702
50266: 0.827024
50267: 0.827027
50268: 0.827031
50269: 0.827034
50270: 0.827037
50271: 0.827041
50272: 0.827044
50273: 0.827048
50274: 0.827051
50275: 0.827055
50276: 0.827058
50277: 0.827062
50278: 0.827065
50279: 0.827068
50280: 0.827072
50281: 0.827075
50282: 0.827079
50283: 0.827082
50284: 0.827086
50285: 0.827089
50286: 0.827092
50287: 0.827096
50288: 0.827079
50289: 0.827063
50290: 0.827047
50291: 0.82705
50292: 0.827053
50293: 0.827057
50294: 0.82706
50295: 0.827064
50296: 0.827067
50297: 0.827071
50298: 0.827074
50299: 0.827078
50300: 0.827081
50301: 0.827065
50302: 0.827048
50303: 0.827032
50304: 0.827035
50305: 0.827039
50306: 0.827022
50307: 0.827026
50308: 0.827029
50309: 0.827032
50310: 0.827036
50311: 0.827039
50312: 0.827043
50313: 0.827046
50314: 0.82705
50315: 0.827053
50316: 0.827056
50317: 0.82706
50318: 0.827063
50319: 0.827067
50320: 0.82707
50321: 0.827074
50322: 0.827077
50323: 0.827081
50324: 0.827084
50325: 0.827087
50326: 0.827091
50327: 0.827074
50328: 0.827078
50329: 0.827061
50330: 0.827065
50331: 0.827068
50332: 0.827072
50333: 0.827075
50334: 0.827079
50335: 0.827082
50336: 0.827085
50337: 0.827089
50338: 0.827092
50339: 0.827096
50340: 0.827099
50341: 0.827103
50342: 0.827106
50343: 0.827109
50344: 0.827113
50345: 0.827116
50346: 0.82712
50347: 0.827123
50348: 0.827127
50349: 0.82713
50350: 0.827134
50351: 0.827137
50352: 0.82714
50353: 0.827144
50354: 0.827147
50355: 0.827151
50356: 0.827154
50357: 0.827158
50358: 0.827161
50359: 0.827164
50360: 0.827168
50361: 0.827171
50362: 0.827175
50363: 0.827178
50364: 0.827182
50365: 0.827185
50366: 0.827188
50367: 0.827192
50368: 0.827195
50369: 0.827199
50370: 0.827202
50371: 0.827206
50372: 0.827209
50373: 0.827212
50374: 0.827196
50375: 0.827199
50376: 0.827203
50377: 0.827206
50378: 0.82721
50379: 0.827213
50380: 0.827217
50381: 0.82722
50382: 0.827223
50383: 0.827227
50384: 0.82723
50385: 0.827234
50386: 0.827237
50387: 0.827241
50388: 0.827244
50389: 0.827247
50390: 0.827251
50391: 0.827254
50392: 0.827258
50393: 0.827261
50394: 0.827265
50395: 0.827268
50396: 0.827271
50397: 0.827275
50398: 0.827278
50399: 0.827282
50400: 0.827285
50401: 0.827289
50402: 0.827292
50403: 0.827295
50404: 0.827299
50405: 0.827282
50406: 0.827286
50407: 0.827289
50408: 0.827293
50409: 0.827296
50410: 0.8273
50411: 0.827303
50412: 0.827287
50413: 0.82729
50414: 0.827293
50415: 0.827297
50416: 0.8273
50417: 0.827304
50418: 0.827307
50419: 0.827311
50420: 0.827314
50421: 0.827298
50422: 0.827281
50423: 0.827285
50424: 0.827268
50425: 0.827252
50426: 0.827255
50427: 0.827259
50428: 0.827262
50429: 0.827266
50430: 0.827269
50431: 0.827272
50432: 0.827276
50433: 0.827279
50434: 0.827283
50435: 0.827266
50436: 0.82725
50437: 0.827253
50438: 0.827237
50439: 0.82724
50440: 0.827244
50441: 0.827247
50442: 0.827251
50443: 0.827254
50444: 0.827257
50445: 0.827261
50446: 0.827264
50447: 0.827268
50448: 0.827271
50449: 0.827275
50450: 0.827278
50451: 0.827281
50452: 0.827285
50453: 0.827288
50454: 0.827292
50455: 0.827275
50456: 0.827279
50457: 0.827282
50458: 0.827286
50459: 0.827289
50460: 0.827292
50461: 0.827296
50462: 0.827299
50463: 0.827303
50464: 0.827306
50465: 0.827309
50466: 0.827313
50467: 0.827316
50468: 0.82732
50469: 0.827323
50470: 0.827327
50471: 0.82733
50472: 0.827314
50473: 0.827317
50474: 0.82732
50475: 0.827324
50476: 0.827327
50477: 0.827311
50478: 0.827314
50479: 0.827318
50480: 0.827321
50481: 0.827325
50482: 0.827328
50483: 0.827331
50484: 0.827335
50485: 0.827338
50486: 0.827342
50487: 0.827345
50488: 0.827349
50489: 0.827352
50490: 0.827355
50491: 0.827359
50492: 0.827362
50493: 0.827366
50494: 0.827369
50495: 0.827372
50496: 0.827376
50497: 0.827379
50498: 0.827383
50499: 0.827386
50500: 0.82739
50501: 0.827373
50502: 0.827377
50503: 0.82738
50504: 0.827383
50505: 0.827387
50506: 0.82739
50507: 0.827394
50508: 0.827397
50509: 0.827401
50510: 0.827404
50511: 0.827407
50512: 0.827411
50513: 0.827414
50514: 0.827418
50515: 0.827421
50516: 0.827424
50517: 0.827408
50518: 0.827411
50519: 0.827415
50520: 0.827418
50521: 0.827422
50522: 0.827425
50523: 0.827429
50524: 0.827432
50525: 0.827435
50526: 0.827439
50527: 0.827442
50528: 0.827426
50529: 0.827409
50530: 0.827393
50531: 0.827377
50532: 0.82736
50533: 0.827344
50534: 0.827347
50535: 0.827351
50536: 0.827354
50537: 0.827358
50538: 0.827361
50539: 0.827345
50540: 0.827348
50541: 0.827352
50542: 0.827355
50543: 0.827358
50544: 0.827362
50545: 0.827365
50546: 0.827369
50547: 0.827372
50548: 0.827375
50549: 0.827379
50550: 0.827382
50551: 0.827366
50552: 0.82735
50553: 0.827353
50554: 0.827356
50555: 0.82734
50556: 0.827343
50557: 0.827347
50558: 0.82735
50559: 0.827354
50560: 0.827357
50561: 0.82736
50562: 0.827364
50563: 0.827367
50564: 0.827371
50565: 0.827374
50566: 0.827378
50567: 0.827381
50568: 0.827384
50569: 0.827388
50570: 0.827391
50571: 0.827395
50572: 0.827398
50573: 0.827401
50574: 0.827405
50575: 0.827408
50576: 0.827412
50577: 0.827415
50578: 0.827399
50579: 0.827402
50580: 0.827406
50581: 0.827409
50582: 0.827412
50583: 0.827416
50584: 0.827419
50585: 0.827423
50586: 0.827406
50587: 0.82741
50588: 0.827413
50589: 0.827416
50590: 0.82742
50591: 0.827423
50592: 0.827427
50593: 0.82743
50594: 0.827414
50595: 0.827417
50596: 0.827421
50597: 0.827424
50598: 0.827427
50599: 0.827431
50600: 0.827434
50601: 0.827438
50602: 0.827441
50603: 0.827444
50604: 0.827448
50605: 0.827432
50606: 0.827415
50607: 0.827399
50608: 0.827402
50609: 0.827406
50610: 0.827409
50611: 0.827412
50612: 0.827396
50613: 0.8274
50614: 0.827403
50615: 0.827406
50616: 0.82739
50617: 0.827374
50618: 0.827377
50619: 0.82738
50620: 0.827384
50621: 0.827387
50622: 0.827391
50623: 0.827394
50624: 0.827398
50625: 0.827401
50626: 0.827404
50627: 0.827408
50628: 0.827411
50629: 0.827415
50630: 0.827418
50631: 0.827421
50632: 0.827425
50633: 0.827428
50634: 0.827432
50635: 0.827435
50636: 0.827438
50637: 0.827442
50638: 0.827445
50639: 0.827449
50640: 0.827452
50641: 0.827455
50642: 0.827459
50643: 0.827462
50644: 0.827466
50645: 0.827469
50646: 0.827473
50647: 0.827476
50648: 0.827479
50649: 0.827483
50650: 0.827486
50651: 0.82749
50652: 0.827493
50653: 0.827496
50654: 0.8275
50655: 0.827503
50656: 0.827507
50657: 0.82749
50658: 0.827474
50659: 0.827458
50660: 0.827441
50661: 0.827445
50662: 0.827448
50663: 0.827451
50664: 0.827455
50665: 0.827458
50666: 0.827462
50667: 0.827465
50668: 0.827449
50669: 0.827452
50670: 0.827436
50671: 0.827419
50672: 0.827403
50673: 0.827407
50674: 0.82741
50675: 0.827413
50676: 0.827417
50677: 0.82742
50678: 0.827424
50679: 0.827427
50680: 0.82743
50681: 0.827434
50682: 0.827437
50683: 0.827441
50684: 0.827424
50685: 0.827408
50686: 0.827411
50687: 0.827395
50688: 0.827398
50689: 0.827402
50690: 0.827405
50691: 0.827409
50692: 0.827412
50693: 0.827415
50694: 0.827419
50695: 0.827403
50696: 0.827386
50697: 0.82737
50698: 0.827373
50699: 0.827377
50700: 0.82738
50701: 0.827384
50702: 0.827387
50703: 0.82739
50704: 0.827394
50705: 0.827397
50706: 0.827401
50707: 0.827404
50708: 0.827407
50709: 0.827411
50710: 0.827414
50711: 0.827418
50712: 0.827421
50713: 0.827424
50714: 0.827408
50715: 0.827392
50716: 0.827395
50717: 0.827399
50718: 0.827402
50719: 0.827405
50720: 0.827409
50721: 0.827412
50722: 0.827416
50723: 0.827419
50724: 0.827422
50725: 0.827426
50726: 0.827429
50727: 0.827433
50728: 0.827436
50729: 0.827439
50730: 0.827443
50731: 0.827446
50732: 0.82745
50733: 0.827453
50734: 0.827456
50735: 0.82746
50736: 0.827463
50737: 0.827467
50738: 0.82747
50739: 0.827473
50740: 0.827477
50741: 0.82748
50742: 0.827484
50743: 0.827487
50744: 0.82749
50745: 0.827494
50746: 0.827497
50747: 0.827501
50748: 0.827504
50749: 0.827507
50750: 0.827511
50751: 0.827514
50752: 0.827518
50753: 0.827521
50754: 0.827524
50755: 0.827528
50756: 0.827531
50757: 0.827535
50758: 0.827538
50759: 0.827522
50760: 0.827525
50761: 0.827528
50762: 0.827532
50763: 0.827535
50764: 0.827539
50765: 0.827542
50766: 0.827526
50767: 0.827529
50768: 0.827533
50769: 0.827536
50770: 0.827539
50771: 0.827543
50772: 0.827546
50773: 0.82755
50774: 0.827533
50775: 0.827537
50776: 0.82754
50777: 0.827543
50778: 0.827547
50779: 0.82755
50780: 0.827554
50781: 0.827557
50782: 0.827541
50783: 0.827524
50784: 0.827528
50785: 0.827531
50786: 0.827535
50787: 0.827538
50788: 0.827541
50789: 0.827545
50790: 0.827548
50791: 0.827532
50792: 0.827535
50793: 0.827539
50794: 0.827522
50795: 0.827526
50796: 0.827529
50797: 0.827533
50798: 0.827536
50799: 0.827539
50800: 0.827543
50801: 0.827546
50802: 0.82755
50803: 0.827553
50804: 0.827556
50805: 0.82754
50806: 0.827543
50807: 0.827547
50808: 0.82755
50809: 0.827554
50810: 0.827557
50811: 0.82756
50812: 0.827564
50813: 0.827567
50814: 0.827551
50815: 0.827535
50816: 0.827518
50817: 0.827522
50818: 0.827525
50819: 0.827529
50820: 0.827512
50821: 0.827496
50822: 0.827499
50823: 0.827503
50824: 0.827506
50825: 0.82751
50826: 0.827513
50827: 0.827516
50828: 0.82752
50829: 0.827523
50830: 0.827527
50831: 0.82753
50832: 0.827514
50833: 0.827497
50834: 0.827501
50835: 0.827504
50836: 0.827508
50837: 0.827511
50838: 0.827514
50839: 0.827498
50840: 0.827482
50841: 0.827485
50842: 0.827489
50843: 0.827492
50844: 0.827495
50845: 0.827499
50846: 0.827502
50847: 0.827506
50848: 0.827509
50849: 0.827512
50850: 0.827516
50851: 0.827519
50852: 0.827522
50853: 0.827526
50854: 0.827529
50855: 0.827533
50856: 0.827536
50857: 0.827539
50858: 0.827543
50859: 0.827546
50860: 0.82755
50861: 0.827553
50862: 0.827556
50863: 0.82756
50864: 0.827543
50865: 0.827547
50866: 0.82755
50867: 0.827554
50868: 0.827557
50869: 0.82756
50870: 0.827564
50871: 0.827567
50872: 0.827551
50873: 0.827535
50874: 0.827518
50875: 0.827522
50876: 0.827525
50877: 0.827529
50878: 0.827512
50879: 0.827516
50880: 0.827519
50881: 0.827523
50882: 0.827526
50883: 0.827529
50884: 0.827533
50885: 0.827516
50886: 0.8275
50887: 0.827484
50888: 0.827487
50889: 0.827491
50890: 0.827494
50891: 0.827497
50892: 0.827501
50893: 0.827504
50894: 0.827488
50895: 0.827491
50896: 0.827495
50897: 0.827498
50898: 0.827482
50899: 0.827485
50900: 0.827469
50901: 0.827453
50902: 0.827436
50903: 0.82742
50904: 0.827404
50905: 0.827407
50906: 0.827411
50907: 0.827395
50908: 0.827398
50909: 0.827401
50910: 0.827405
50911: 0.827408
50912: 0.827392
50913: 0.827376
50914: 0.827359
50915: 0.827363
50916: 0.827346
50917: 0.82735
50918: 0.827353
50919: 0.827357
50920: 0.82736
50921: 0.827363
50922: 0.827367
50923: 0.82737
50924: 0.827374
50925: 0.827377
50926: 0.82738
50927: 0.827384
50928: 0.827387
50929: 0.827391
50930: 0.827394
50931: 0.827397
50932: 0.827401
50933: 0.827404
50934: 0.827407
50935: 0.827411
50936: 0.827414
50937: 0.827398
50938: 0.827401
50939: 0.827405
50940: 0.827389
50941: 0.827392
50942: 0.827395
50943: 0.827399
50944: 0.827402
50945: 0.827405
50946: 0.827389
50947: 0.827393
50948: 0.827396
50949: 0.827399
50950: 0.827383
50951: 0.827387
50952: 0.82739
50953: 0.827393
50954: 0.827397
50955: 0.8274
50956: 0.827403
50957: 0.827407
50958: 0.82741
50959: 0.827414
50960: 0.827417
50961: 0.82742
50962: 0.827424
50963: 0.827427
50964: 0.827431
50965: 0.827434
50966: 0.827437
50967: 0.827441
50968: 0.827444
50969: 0.827448
50970: 0.827451
50971: 0.827454
50972: 0.827458
50973: 0.827461
50974: 0.827464
50975: 0.827468
50976: 0.827471
50977: 0.827475
50978: 0.827478
50979: 0.827481
50980: 0.827485
50981: 0.827488
50982: 0.827492
50983: 0.827475
50984: 0.827459
50985: 0.827443
50986: 0.827427
50987: 0.82743
50988: 0.827433
50989: 0.827437
50990: 0.82744
50991: 0.827444
50992: 0.827447
50993: 0.82745
50994: 0.827434
50995: 0.827418
50996: 0.827421
50997: 0.827425
50998: 0.827428
50999: 0.827431
51000: 0.827435
51001: 0.827438
51002: 0.827442
51003: 0.827445
51004: 0.827448
51005: 0.827452
51006: 0.827455
51007: 0.827458
51008: 0.827442
51009: 0.827426
51010: 0.827429
51011: 0.827433
51012: 0.827417
51013: 0.8274
51014: 0.827404
51015: 0.827407
51016: 0.827391
51017: 0.827394
51018: 0.827398
51019: 0.827401
51020: 0.827404
51021: 0.827408
51022: 0.827411
51023: 0.827415
51024: 0.827418
51025: 0.827402
51026: 0.827405
51027: 0.827389
51028: 0.827373
51029: 0.827376
51030: 0.827379
51031: 0.827383
51032: 0.827386
51033: 0.82739
51034: 0.827393
51035: 0.827396
51036: 0.8274
51037: 0.827403
51038: 0.827406
51039: 0.82741
51040: 0.827413
51041: 0.827417
51042: 0.82742
51043: 0.827404
51044: 0.827407
51045: 0.827411
51046: 0.827414
51047: 0.827417
51048: 0.827421
51049: 0.827424
51050: 0.827427
51051: 0.827431
51052: 0.827434
51053: 0.827438
51054: 0.827441
51055: 0.827444
51056: 0.827428
51057: 0.827412
51058: 0.827415
51059: 0.827419
51060: 0.827422
51061: 0.827425
51062: 0.827429
51063: 0.827432
51064: 0.827436
51065: 0.827439
51066: 0.827442
51067: 0.827426
51068: 0.82741
51069: 0.827413
51070: 0.827417
51071: 0.82742
51072: 0.827423
51073: 0.827427
51074: 0.82743
51075: 0.827434
51076: 0.827437
51077: 0.82744
51078: 0.827444
51079: 0.827447
51080: 0.827451
51081: 0.827454
51082: 0.827457
51083: 0.827461
51084: 0.827464
51085: 0.827448
51086: 0.827451
51087: 0.827455
51088: 0.827458
51089: 0.827461
51090: 0.827445
51091: 0.827429
51092: 0.827413
51093: 0.827397
51094: 0.82738
51095: 0.827384
51096: 0.827387
51097: 0.827391
51098: 0.827394
51099: 0.827397
51100: 0.827401
51101: 0.827404
51102: 0.827407
51103: 0.827411
51104: 0.827414
51105: 0.827418
51106: 0.827421
51107: 0.827424
51108: 0.827428
51109: 0.827411
51110: 0.827395
51111: 0.827379
51112: 0.827382
51113: 0.827386
51114: 0.827389
51115: 0.827373
51116: 0.827376
51117: 0.82738
51118: 0.827383
51119: 0.827367
51120: 0.82737
51121: 0.827374
51122: 0.827377
51123: 0.827361
51124: 0.827345
51125: 0.827329
51126: 0.827332
51127: 0.827335
51128: 0.827339
51129: 0.827342
51130: 0.827326
51131: 0.827329
51132: 0.827333
51133: 0.827336
51134: 0.827339
51135: 0.827343
51136: 0.827327
51137: 0.82733
51138: 0.827333
51139: 0.827337
51140: 0.82734
51141: 0.827343
51142: 0.827347
51143: 0.82735
51144: 0.827354
51145: 0.827337
51146: 0.827341
51147: 0.827325
51148: 0.827328
51149: 0.827331
51150: 0.827335
51151: 0.827338
51152: 0.827342
51153: 0.827325
51154: 0.827309
51155: 0.827293
51156: 0.827296
51157: 0.8273
51158: 0.827303
51159: 0.827287
51160: 0.827271
51161: 0.827255
51162: 0.827258
51163: 0.827261
51164: 0.827265
51165: 0.827268
51166: 0.827271
51167: 0.827275
51168: 0.827278
51169: 0.827282
51170: 0.827285
51171: 0.827288
51172: 0.827292
51173: 0.827295
51174: 0.827298
51175: 0.827302
51176: 0.827286
51177: 0.827289
51178: 0.827292
51179: 0.827296
51180: 0.827299
51181: 0.827303
51182: 0.827306
51183: 0.827309
51184: 0.827313
51185: 0.827316
51186: 0.827319
51187: 0.827323
51188: 0.827326
51189: 0.82731
51190: 0.827294
51191: 0.827297
51192: 0.827301
51193: 0.827284
51194: 0.827268
51195: 0.827252
51196: 0.827236
51197: 0.82722
51198: 0.827204
51199: 0.827187
51200: 0.827191
51201: 0.827194
51202: 0.827198
51203: 0.827201
51204: 0.827185
51205: 0.827169
51206: 0.827153
51207: 0.827136
51208: 0.82712
51209: 0.827104
51210: 0.827088
51211: 0.827091
51212: 0.827095
51213: 0.827098
51214: 0.827101
51215: 0.827105
51216: 0.827108
51217: 0.827112
51218: 0.827115
51219: 0.827118
51220: 0.827122
51221: 0.827125
51222: 0.827128
51223: 0.827132
51224: 0.827135
51225: 0.827139
51226: 0.827142
51227: 0.827145
51228: 0.827149
51229: 0.827152
51230: 0.827155
51231: 0.827159
51232: 0.827143
51233: 0.827146
51234: 0.82713
51235: 0.827133
51236: 0.827137
51237: 0.82712
51238: 0.827104
51239: 0.827088
51240: 0.827092
51241: 0.827095
51242: 0.827098
51243: 0.827082
51244: 0.827066
51245: 0.827069
51246: 0.827073
51247: 0.827076
51248: 0.82708
51249: 0.827083
51250: 0.827086
51251: 0.82709
51252: 0.827093
51253: 0.827096
51254: 0.8271
51255: 0.827103
51256: 0.827107
51257: 0.82711
51258: 0.827113
51259: 0.827117
51260: 0.82712
51261: 0.827104
51262: 0.827107
51263: 0.827111
51264: 0.827114
51265: 0.827117
51266: 0.827121
51267: 0.827105
51268: 0.827108
51269: 0.827111
51270: 0.827115
51271: 0.827118
51272: 0.827121
51273: 0.827125
51274: 0.827128
51275: 0.827132
51276: 0.827135
51277: 0.827138
51278: 0.827142
51279: 0.827126
51280: 0.827129
51281: 0.827132
51282: 0.827136
51283: 0.827139
51284: 0.827142
51285: 0.827146
51286: 0.827149
51287: 0.827153
51288: 0.827156
51289: 0.827159
51290: 0.827163
51291: 0.827166
51292: 0.827169
51293: 0.827173
51294: 0.827176
51295: 0.82718
51296: 0.827163
51297: 0.827167
51298: 0.82717
51299: 0.827173
51300: 0.827177
51301: 0.82718
51302: 0.827184
51303: 0.827187
51304: 0.82719
51305: 0.827194
51306: 0.827197
51307: 0.8272
51308: 0.827204
51309: 0.827207
51310: 0.827211
51311: 0.827194
51312: 0.827178
51313: 0.827162
51314: 0.827166
51315: 0.827169
51316: 0.827172
51317: 0.827176
51318: 0.827179
51319: 0.827182
51320: 0.827186
51321: 0.827189
51322: 0.827192
51323: 0.827196
51324: 0.827199
51325: 0.827203
51326: 0.827206
51327: 0.82719
51328: 0.827193
51329: 0.827177
51330: 0.827161
51331: 0.827164
51332: 0.827168
51333: 0.827171
51334: 0.827174
51335: 0.827158
51336: 0.827162
51337: 0.827165
51338: 0.827168
51339: 0.827172
51340: 0.827175
51341: 0.827179
51342: 0.827182
51343: 0.827185
51344: 0.827189
51345: 0.827192
51346: 0.827195
51347: 0.827199
51348: 0.827202
51349: 0.827205
51350: 0.827209
51351: 0.827212
51352: 0.827216
51353: 0.827219
51354: 0.827203
51355: 0.827206
51356: 0.82721
51357: 0.827213
51358: 0.827216
51359: 0.82722
51360: 0.827223
51361: 0.827226
51362: 0.82723
51363: 0.827233
51364: 0.827236
51365: 0.82724
51366: 0.827243
51367: 0.827247
51368: 0.82725
51369: 0.827253
51370: 0.827257
51371: 0.827241
51372: 0.827224
51373: 0.827208
51374: 0.827212
51375: 0.827215
51376: 0.827218
51377: 0.827222
51378: 0.827225
51379: 0.827228
51380: 0.827232
51381: 0.827235
51382: 0.827239
51383: 0.827242
51384: 0.827245
51385: 0.827249
51386: 0.827252
51387: 0.827255
51388: 0.827259
51389: 0.827262
51390: 0.827265
51391: 0.827269
51392: 0.827272
51393: 0.827276
51394: 0.827279
51395: 0.827282
51396: 0.827286
51397: 0.827289
51398: 0.827292
51399: 0.827296
51400: 0.827299
51401: 0.827302
51402: 0.827306
51403: 0.827309
51404: 0.827313
51405: 0.827316
51406: 0.827319
51407: 0.827323
51408: 0.827326
51409: 0.827329
51410: 0.827333
51411: 0.827336
51412: 0.827339
51413: 0.827343
51414: 0.827327
51415: 0.82733
51416: 0.827333
51417: 0.827337
51418: 0.82734
51419: 0.827343
51420: 0.827347
51421: 0.82735
51422: 0.827354
51423: 0.827337
51424: 0.827341
51425: 0.827344
51426: 0.827348
51427: 0.827351
51428: 0.827354
51429: 0.827358
51430: 0.827361
51431: 0.827364
51432: 0.827368
51433: 0.827371
51434: 0.827374
51435: 0.827378
51436: 0.827381
51437: 0.827384
51438: 0.827388
51439: 0.827391
51440: 0.827394
51441: 0.827398
51442: 0.827401
51443: 0.827405
51444: 0.827408
51445: 0.827411
51446: 0.827415
51447: 0.827418
51448: 0.827421
51449: 0.827425
51450: 0.827428
51451: 0.827431
51452: 0.827435
51453: 0.827438
51454: 0.827441
51455: 0.827445
51456: 0.827448
51457: 0.827452
51458: 0.827435
51459: 0.827439
51460: 0.827442
51461: 0.827445
51462: 0.827449
51463: 0.827452
51464: 0.827456
51465: 0.827459
51466: 0.827462
51467: 0.827466
51468: 0.827469
51469: 0.827472
51470: 0.827476
51471: 0.827479
51472: 0.827463
51473: 0.827447
51474: 0.82745
51475: 0.827454
51476: 0.827457
51477: 0.82746
51478: 0.827464
51479: 0.827448
51480: 0.827431
51481: 0.827435
51482: 0.827438
51483: 0.827442
51484: 0.827425
51485: 0.827429
51486: 0.827413
51487: 0.827416
51488: 0.827419
51489: 0.827403
51490: 0.827407
51491: 0.82741
51492: 0.827394
51493: 0.827397
51494: 0.827401
51495: 0.827404
51496: 0.827407
51497: 0.827411
51498: 0.827414
51499: 0.827417
51500: 0.827421
51501: 0.827424
51502: 0.827428
51503: 0.827431
51504: 0.827434
51505: 0.827438
51506: 0.827441
51507: 0.827444
51508: 0.827448
51509: 0.827451
51510: 0.827454
51511: 0.827458
51512: 0.827461
51513: 0.827464
51514: 0.827468
51515: 0.827471
51516: 0.827474
51517: 0.827478
51518: 0.827481
51519: 0.827484
51520: 0.827468
51521: 0.827472
51522: 0.827475
51523: 0.827478
51524: 0.827482
51525: 0.827485
51526: 0.827489
51527: 0.827492
51528: 0.827495
51529: 0.827499
51530: 0.827502
51531: 0.827505
51532: 0.827509
51533: 0.827512
51534: 0.827515
51535: 0.827519
51536: 0.827522
51537: 0.827525
51538: 0.827529
51539: 0.827532
51540: 0.827535
51541: 0.827539
51542: 0.827542
51543: 0.827545
51544: 0.827529
51545: 0.827533
51546: 0.827536
51547: 0.827539
51548: 0.827543
51549: 0.827546
51550: 0.82753
51551: 0.827514
51552: 0.827517
51553: 0.827521
51554: 0.827524
51555: 0.827527
51556: 0.827531
51557: 0.827534
51558: 0.827537
51559: 0.827541
51560: 0.827544
51561: 0.827547
51562: 0.827551
51563: 0.827554
51564: 0.827557
51565: 0.827561
51566: 0.827564
51567: 0.827567
51568: 0.827571
51569: 0.827555
51570: 0.827539
51571: 0.827542
51572: 0.827545
51573: 0.827549
51574: 0.827552
51575: 0.827536
51576: 0.82752
51577: 0.827523
51578: 0.827527
51579: 0.82753
51580: 0.827533
51581: 0.827517
51582: 0.827501
51583: 0.827485
51584: 0.827469
51585: 0.827473
51586: 0.827476
51587: 0.827479
51588: 0.827463
51589: 0.827467
51590: 0.82747
51591: 0.827454
51592: 0.827438
51593: 0.827422
51594: 0.827406
51595: 0.82739
51596: 0.827393
51597: 0.827396
51598: 0.8274
51599: 0.827403
51600: 0.827406
51601: 0.82741
51602: 0.827413
51603: 0.827416
51604: 0.82742
51605: 0.827423
51606: 0.827427
51607: 0.82743
51608: 0.827433
51609: 0.827437
51610: 0.82744
51611: 0.827443
51612: 0.827427
51613: 0.827431
51614: 0.827434
51615: 0.827437
51616: 0.827441
51617: 0.827444
51618: 0.827447
51619: 0.827451
51620: 0.827454
51621: 0.827457
51622: 0.827461
51623: 0.827464
51624: 0.827467
51625: 0.827471
51626: 0.827455
51627: 0.827458
51628: 0.827461
51629: 0.827465
51630: 0.827449
51631: 0.827433
51632: 0.827417
51633: 0.827401
51634: 0.827385
51635: 0.827388
51636: 0.827391
51637: 0.827395
51638: 0.827379
51639: 0.827382
51640: 0.827385
51641: 0.827389
51642: 0.827373
51643: 0.827376
51644: 0.827379
51645: 0.827383
51646: 0.827386
51647: 0.827389
51648: 0.827393
51649: 0.827396
51650: 0.827399
51651: 0.827403
51652: 0.827387
51653: 0.82739
51654: 0.827393
51655: 0.827397
51656: 0.8274
51657: 0.827403
51658: 0.827387
51659: 0.827391
51660: 0.827394
51661: 0.827378
51662: 0.827362
51663: 0.827365
51664: 0.827369
51665: 0.827372
51666: 0.827375
51667: 0.827379
51668: 0.827382
51669: 0.827385
51670: 0.827389
51671: 0.827373
51672: 0.827357
51673: 0.827341
51674: 0.827325
51675: 0.827328
51676: 0.827331
51677: 0.827315
51678: 0.827299
51679: 0.827283
51680: 0.827267
51681: 0.827271
51682: 0.827274
51683: 0.827277
51684: 0.827281
51685: 0.827284
51686: 0.827287
51687: 0.827291
51688: 0.827294
51689: 0.827297
51690: 0.827281
51691: 0.827265
51692: 0.827269
51693: 0.827272
51694: 0.827275
51695: 0.827279
51696: 0.827282
51697: 0.827266
51698: 0.82725
51699: 0.827253
51700: 0.827257
51701: 0.82726
51702: 0.827263
51703: 0.827267
51704: 0.82727
51705: 0.827254
51706: 0.827257
51707: 0.827241
51708: 0.827245
51709: 0.827248
51710: 0.827251
51711: 0.827255
51712: 0.827258
51713: 0.827261
51714: 0.827265
51715: 0.827249
51716: 0.827252
51717: 0.827256
51718: 0.827259
51719: 0.827262
51720: 0.827246
51721: 0.82725
51722: 0.827253
51723: 0.827256
51724: 0.82726
51725: 0.827263
51726: 0.827266
51727: 0.82727
51728: 0.827273
51729: 0.827276
51730: 0.82728
51731: 0.827283
51732: 0.827286
51733: 0.82729
51734: 0.827293
51735: 0.827296
51736: 0.8273
51737: 0.827303
51738: 0.827306
51739: 0.82731
51740: 0.827313
51741: 0.827316
51742: 0.82732
51743: 0.827323
51744: 0.827326
51745: 0.82733
51746: 0.827333
51747: 0.827336
51748: 0.82734
51749: 0.827324
51750: 0.827327
51751: 0.82733
51752: 0.827334
51753: 0.827318
51754: 0.827302
51755: 0.827305
51756: 0.827308
51757: 0.827312
51758: 0.827315
51759: 0.827299
51760: 0.827283
51761: 0.827267
51762: 0.827251
51763: 0.827235
51764: 0.827238
51765: 0.827242
51766: 0.827245
51767: 0.827248
51768: 0.827252
51769: 0.827236
51770: 0.827239
51771: 0.827243
51772: 0.827246
51773: 0.827249
51774: 0.827233
51775: 0.827237
51776: 0.82724
51777: 0.827243
51778: 0.827247
51779: 0.82725
51780: 0.827253
51781: 0.827257
51782: 0.82726
51783: 0.827263
51784: 0.827267
51785: 0.82727
51786: 0.827273
51787: 0.827277
51788: 0.82728
51789: 0.827283
51790: 0.827287
51791: 0.827271
51792: 0.827255
51793: 0.827239
51794: 0.827242
51795: 0.827245
51796: 0.827249
51797: 0.827252
51798: 0.827255
51799: 0.827259
51800: 0.827243
51801: 0.827246
51802: 0.827249
51803: 0.827253
51804: 0.827256
51805: 0.82724
51806: 0.827224
51807: 0.827227
51808: 0.827231
51809: 0.827234
51810: 0.827237
51811: 0.827241
51812: 0.827244
51813: 0.827247
51814: 0.827251
51815: 0.827254
51816: 0.827257
51817: 0.827241
51818: 0.827245
51819: 0.827248
51820: 0.827252
51821: 0.827255
51822: 0.827258
51823: 0.827262
51824: 0.827265
51825: 0.827268
51826: 0.827271
51827: 0.827275
51828: 0.827278
51829: 0.827281
51830: 0.827266
51831: 0.82725
51832: 0.827253
51833: 0.827237
51834: 0.827221
51835: 0.827224
51836: 0.827228
51837: 0.827231
51838: 0.827234
51839: 0.827238
51840: 0.827241
51841: 0.827225
51842: 0.827209
51843: 0.827212
51844: 0.827216
51845: 0.8272
51846: 0.827203
51847: 0.827206
51848: 0.82721
51849: 0.827213
51850: 0.827216
51851: 0.82722
51852: 0.827223
51853: 0.827207
51854: 0.827191
51855: 0.827175
51856: 0.827159
51857: 0.827163
51858: 0.827166
51859: 0.827169
51860: 0.827173
51861: 0.827176
51862: 0.827179
51863: 0.827183
51864: 0.827186
51865: 0.827189
51866: 0.827193
51867: 0.827196
51868: 0.82718
51869: 0.827183
51870: 0.827167
51871: 0.827151
51872: 0.827155
51873: 0.827158
51874: 0.827161
51875: 0.827165
51876: 0.827168
51877: 0.827152
51878: 0.827136
51879: 0.82712
51880: 0.827104
51881: 0.827108
51882: 0.827111
51883: 0.827114
51884: 0.827098
51885: 0.827102
51886: 0.827105
51887: 0.827108
51888: 0.827112
51889: 0.827115
51890: 0.827118
51891: 0.827122
51892: 0.827125
51893: 0.827128
51894: 0.827132
51895: 0.827135
51896: 0.827138
51897: 0.827142
51898: 0.827126
51899: 0.82711
51900: 0.827094
51901: 0.827097
51902: 0.827101
51903: 0.827104
51904: 0.827107
51905: 0.827111
51906: 0.827114
51907: 0.827117
51908: 0.827121
51909: 0.827124
51910: 0.827127
51911: 0.827131
51912: 0.827134
51913: 0.827137
51914: 0.827141
51915: 0.827144
51916: 0.827147
51917: 0.827151
51918: 0.827154
51919: 0.827157
51920: 0.82716
51921: 0.827164
51922: 0.827167
51923: 0.82717
51924: 0.827174
51925: 0.827177
51926: 0.82718
51927: 0.827165
51928: 0.827168
51929: 0.827171
51930: 0.827175
51931: 0.827178
51932: 0.827181
51933: 0.827185
51934: 0.827188
51935: 0.827191
51936: 0.827194
51937: 0.827198
51938: 0.827201
51939: 0.827185
51940: 0.827169
51941: 0.827173
51942: 0.827176
51943: 0.827179
51944: 0.827183
51945: 0.827186
51946: 0.827189
51947: 0.827173
51948: 0.827177
51949: 0.82718
51950: 0.827183
51951: 0.827187
51952: 0.82719
51953: 0.827193
51954: 0.827197
51955: 0.8272
51956: 0.827203
51957: 0.827207
51958: 0.82721
51959: 0.827213
51960: 0.827197
51961: 0.827201
51962: 0.827204
51963: 0.827207
51964: 0.827211
51965: 0.827214
51966: 0.827217
51967: 0.827221
51968: 0.827224
51969: 0.827208
51970: 0.827211
51971: 0.827215
51972: 0.827218
51973: 0.827221
51974: 0.827225
51975: 0.827209
51976: 0.827193
51977: 0.827177
51978: 0.82718
51979: 0.827184
51980: 0.827187
51981: 0.82719
51982: 0.827174
51983: 0.827178
51984: 0.827181
51985: 0.827184
51986: 0.827188
51987: 0.827191
51988: 0.827194
51989: 0.827198
51990: 0.827182
51991: 0.827166
51992: 0.82715
51993: 0.827153
51994: 0.827156
51995: 0.82716
51996: 0.827163
51997: 0.827166
51998: 0.82717
51999: 0.827173
52000: 0.827176
52001: 0.82718
52002: 0.827164
52003: 0.827148
52004: 0.827151
52005: 0.827155
52006: 0.827158
52007: 0.827161
52008: 0.827165
52009: 0.827168
52010: 0.827171
52011: 0.827174
52012: 0.827178
52013: 0.827181
52014: 0.827184
52015: 0.827188
52016: 0.827191
52017: 0.827194
52018: 0.827198
52019: 0.827201
52020: 0.827204
52021: 0.827208
52022: 0.827211
52023: 0.827214
52024: 0.827218
52025: 0.827221
52026: 0.827224
52027: 0.827228
52028: 0.827231
52029: 0.827234
52030: 0.827238
52031: 0.827241
52032: 0.827244
52033: 0.827248
52034: 0.827251
52035: 0.827235
52036: 0.827238
52037: 0.827222
52038: 0.827226
52039: 0.827229
52040: 0.827232
52041: 0.827236
52042: 0.827239
52043: 0.827242
52044: 0.827226
52045: 0.827211
52046: 0.827195
52047: 0.827198
52048: 0.827201
52049: 0.827185
52050: 0.827189
52051: 0.827192
52052: 0.827195
52053: 0.827199
52054: 0.827202
52055: 0.827205
52056: 0.827209
52057: 0.827212
52058: 0.827215
52059: 0.827219
52060: 0.827222
52061: 0.827225
52062: 0.827229
52063: 0.827232
52064: 0.827235
52065: 0.827239
52066: 0.827242
52067: 0.827245
52068: 0.827248
52069: 0.827252
52070: 0.827255
52071: 0.827239
52072: 0.827243
52073: 0.827246
52074: 0.82723
52075: 0.827214
52076: 0.827217
52077: 0.827221
52078: 0.827224
52079: 0.827227
52080: 0.827231
52081: 0.827234
52082: 0.827237
52083: 0.827241
52084: 0.827244
52085: 0.827247
52086: 0.827231
52087: 0.827235
52088: 0.827238
52089: 0.827241
52090: 0.827245
52091: 0.827248
52092: 0.827251
52093: 0.827255
52094: 0.827258
52095: 0.827261
52096: 0.827265
52097: 0.827249
52098: 0.827252
52099: 0.827255
52100: 0.827259
52101: 0.827262
52102: 0.827246
52103: 0.82723
52104: 0.827233
52105: 0.827237
52106: 0.827221
52107: 0.827224
52108: 0.827228
52109: 0.827212
52110: 0.827215
52111: 0.827218
52112: 0.827222
52113: 0.827225
52114: 0.827209
52115: 0.827212
52116: 0.827216
52117: 0.827219
52118: 0.827222
52119: 0.827226
52120: 0.827229
52121: 0.827232
52122: 0.827236
52123: 0.827239
52124: 0.827242
52125: 0.827246
52126: 0.827249
52127: 0.827252
52128: 0.827255
52129: 0.827259
52130: 0.827243
52131: 0.827227
52132: 0.827211
52133: 0.827195
52134: 0.827199
52135: 0.827202
52136: 0.827205
52137: 0.827209
52138: 0.827212
52139: 0.827196
52140: 0.827199
52141: 0.827203
52142: 0.827206
52143: 0.827209
52144: 0.827213
52145: 0.827216
52146: 0.827219
52147: 0.827223
52148: 0.827207
52149: 0.82721
52150: 0.827213
52151: 0.827217
52152: 0.82722
52153: 0.827223
52154: 0.827227
52155: 0.82723
52156: 0.827233
52157: 0.827236
52158: 0.827221
52159: 0.827205
52160: 0.827208
52161: 0.827211
52162: 0.827215
52163: 0.827218
52164: 0.827221
52165: 0.827225
52166: 0.827209
52167: 0.827193
52168: 0.827196
52169: 0.8272
52170: 0.827203
52171: 0.827206
52172: 0.827209
52173: 0.827213
52174: 0.827197
52175: 0.8272
52176: 0.827204
52177: 0.827207
52178: 0.82721
52179: 0.827213
52180: 0.827217
52181: 0.82722
52182: 0.827223
52183: 0.827208
52184: 0.827192
52185: 0.827176
52186: 0.827179
52187: 0.827182
52188: 0.827186
52189: 0.827189
52190: 0.827192
52191: 0.827196
52192: 0.827199
52193: 0.827202
52194: 0.827206
52195: 0.827209
52196: 0.827212
52197: 0.827216
52198: 0.827219
52199: 0.827222
52200: 0.827226
52201: 0.82721
52202: 0.827213
52203: 0.827216
52204: 0.82722
52205: 0.827223
52206: 0.827226
52207: 0.82723
52208: 0.827233
52209: 0.827236
52210: 0.827239
52211: 0.827243
52212: 0.827246
52213: 0.827249
52214: 0.827253
52215: 0.827256
52216: 0.827259
52217: 0.827263
52218: 0.827266
52219: 0.82725
52220: 0.827253
52221: 0.827257
52222: 0.827241
52223: 0.827225
52224: 0.827228
52225: 0.827232
52226: 0.827235
52227: 0.827238
52228: 0.827242
52229: 0.827245
52230: 0.827248
52231: 0.827251
52232: 0.827255
52233: 0.827258
52234: 0.827261
52235: 0.827246
52236: 0.827249
52237: 0.827252
52238: 0.827255
52239: 0.827259
52240: 0.827262
52241: 0.827265
52242: 0.827269
52243: 0.827272
52244: 0.827275
52245: 0.827279
52246: 0.827282
52247: 0.827285
52248: 0.827289
52249: 0.827292
52250: 0.827295
52251: 0.827298
52252: 0.827302
52253: 0.827305
52254: 0.827308
52255: 0.827312
52256: 0.827315
52257: 0.827318
52258: 0.827322
52259: 0.827325
52260: 0.827328
52261: 0.827332
52262: 0.827335
52263: 0.827338
52264: 0.827341
52265: 0.827345
52266: 0.827348
52267: 0.827351
52268: 0.827355
52269: 0.827358
52270: 0.827361
52271: 0.827365
52272: 0.827349
52273: 0.827333
52274: 0.827317
52275: 0.827301
52276: 0.827305
52277: 0.827289
52278: 0.827273
52279: 0.827276
52280: 0.82728
52281: 0.827283
52282: 0.827286
52283: 0.827289
52284: 0.827293
52285: 0.827296
52286: 0.827299
52287: 0.827303
52288: 0.827306
52289: 0.827309
52290: 0.827313
52291: 0.827316
52292: 0.827319
52293: 0.827322
52294: 0.827326
52295: 0.82731
52296: 0.827294
52297: 0.827278
52298: 0.827262
52299: 0.827266
52300: 0.827269
52301: 0.827272
52302: 0.827276
52303: 0.827279
52304: 0.827282
52305: 0.827286
52306: 0.827289
52307: 0.827292
52308: 0.827295
52309: 0.82728
52310: 0.827264
52311: 0.827248
52312: 0.827251
52313: 0.827255
52314: 0.827258
52315: 0.827261
52316: 0.827265
52317: 0.827268
52318: 0.827271
52319: 0.827274
52320: 0.827278
52321: 0.827281
52322: 0.827284
52323: 0.827288
52324: 0.827291
52325: 0.827294
52326: 0.827278
52327: 0.827263
52328: 0.827247
52329: 0.827231
52330: 0.827215
52331: 0.827219
52332: 0.827222
52333: 0.827225
52334: 0.827228
52335: 0.827232
52336: 0.827235
52337: 0.827238
52338: 0.827223
52339: 0.827226
52340: 0.827229
52341: 0.827232
52342: 0.827217
52343: 0.82722
52344: 0.827223
52345: 0.827227
52346: 0.82723
52347: 0.827233
52348: 0.827236
52349: 0.82724
52350: 0.827224
52351: 0.827227
52352: 0.827211
52353: 0.827196
52354: 0.82718
52355: 0.827164
52356: 0.827167
52357: 0.827171
52358: 0.827174
52359: 0.827177
52360: 0.827181
52361: 0.827184
52362: 0.827187
52363: 0.82719
52364: 0.827194
52365: 0.827178
52366: 0.827162
52367: 0.827146
52368: 0.82715
52369: 0.827153
52370: 0.827156
52371: 0.82716
52372: 0.827163
52373: 0.827166
52374: 0.827169
52375: 0.827173
52376: 0.827176
52377: 0.827179
52378: 0.827183
52379: 0.827186
52380: 0.827189
52381: 0.827193
52382: 0.827177
52383: 0.827161
52384: 0.827145
52385: 0.827148
52386: 0.827152
52387: 0.827155
52388: 0.827158
52389: 0.827143
52390: 0.827127
52391: 0.82713
52392: 0.827133
52393: 0.827137
52394: 0.82714
52395: 0.827143
52396: 0.827147
52397: 0.82715
52398: 0.827134
52399: 0.827137
52400: 0.827141
52401: 0.827125
52402: 0.827109
52403: 0.827093
52404: 0.827097
52405: 0.8271
52406: 0.827103
52407: 0.827107
52408: 0.82711
52409: 0.827113
52410: 0.827116
52411: 0.82712
52412: 0.827123
52413: 0.827126
52414: 0.82713
52415: 0.827133
52416: 0.827136
52417: 0.82714
52418: 0.827143
52419: 0.827146
52420: 0.827149
52421: 0.827134
52422: 0.827118
52423: 0.827102
52424: 0.827086
52425: 0.827071
52426: 0.827074
52427: 0.827058
52428: 0.827061
52429: 0.827065
52430: 0.827068
52431: 0.827052
52432: 0.827036
52433: 0.82704
52434: 0.827043
52435: 0.827027
52436: 0.827011
52437: 0.826996
52438: 0.826999
52439: 0.827002
52440: 0.827006
52441: 0.827009
52442: 0.827012
52443: 0.827015
52444: 0.827019
52445: 0.827022
52446: 0.827025
52447: 0.827029
52448: 0.827032
52449: 0.827035
52450: 0.827039
52451: 0.827042
52452: 0.827045
52453: 0.827048
52454: 0.827052
52455: 0.827055
52456: 0.827058
52457: 0.827043
52458: 0.827027
52459: 0.827011
52460: 0.827014
52461: 0.827018
52462: 0.827021
52463: 0.827024
52464: 0.827028
52465: 0.827031
52466: 0.827015
52467: 0.827018
52468: 0.827022
52469: 0.827025
52470: 0.827028
52471: 0.827013
52472: 0.826997
52473: 0.827
52474: 0.827003
52475: 0.827007
52476: 0.82701
52477: 0.827013
52478: 0.827017
52479: 0.82702
52480: 0.827023
52481: 0.827026
52482: 0.82703
52483: 0.827033
52484: 0.827017
52485: 0.827001
52486: 0.827005
52487: 0.827008
52488: 0.827011
52489: 0.827015
52490: 0.827018
52491: 0.827002
52492: 0.826986
52493: 0.82699
52494: 0.826993
52495: 0.826996
52496: 0.827
52497: 0.827003
52498: 0.827006
52499: 0.82701
52500: 0.827013
52501: 0.827016
52502: 0.827019
52503: 0.827023
52504: 0.827026
52505: 0.82701
52506: 0.827014
52507: 0.827017
52508: 0.82702
52509: 0.827023
52510: 0.827027
52511: 0.82703
52512: 0.827033
52513: 0.827037
52514: 0.82704
52515: 0.827043
52516: 0.827046
52517: 0.82705
52518: 0.827053
52519: 0.827056
52520: 0.82706
52521: 0.827063
52522: 0.827066
52523: 0.82707
52524: 0.827054
52525: 0.827038
52526: 0.827041
52527: 0.827045
52528: 0.827048
52529: 0.827032
52530: 0.827016
52531: 0.827001
52532: 0.827004
52533: 0.827007
52534: 0.827011
52535: 0.827014
52536: 0.827017
52537: 0.82702
52538: 0.827024
52539: 0.827027
52540: 0.82703
52541: 0.827034
52542: 0.827037
52543: 0.82704
52544: 0.827043
52545: 0.827047
52546: 0.82705
52547: 0.827053
52548: 0.827057
52549: 0.82706
52550: 0.827063
52551: 0.827067
52552: 0.827051
52553: 0.827054
52554: 0.827057
52555: 0.827061
52556: 0.827064
52557: 0.827067
52558: 0.827071
52559: 0.827074
52560: 0.827077
52561: 0.82708
52562: 0.827084
52563: 0.827087
52564: 0.82709
52565: 0.827094
52566: 0.827097
52567: 0.8271
52568: 0.827084
52569: 0.827088
52570: 0.827072
52571: 0.827056
52572: 0.82706
52573: 0.827063
52574: 0.827066
52575: 0.827069
52576: 0.827073
52577: 0.827076
52578: 0.827079
52579: 0.827083
52580: 0.827086
52581: 0.827089
52582: 0.827092
52583: 0.827096
52584: 0.827099
52585: 0.827102
52586: 0.827106
52587: 0.827109
52588: 0.827112
52589: 0.827115
52590: 0.827119
52591: 0.827122
52592: 0.827125
52593: 0.827129
52594: 0.827132
52595: 0.827116
52596: 0.827119
52597: 0.827123
52598: 0.827126
52599: 0.827129
52600: 0.827133
52601: 0.827117
52602: 0.82712
52603: 0.827104
52604: 0.827108
52605: 0.827111
52606: 0.827114
52607: 0.827118
52608: 0.827121
52609: 0.827124
52610: 0.827127
52611: 0.827131
52612: 0.827134
52613: 0.827118
52614: 0.827103
52615: 0.827106
52616: 0.827109
52617: 0.827112
52618: 0.827116
52619: 0.827119
52620: 0.827122
52621: 0.827126
52622: 0.827129
52623: 0.827132
52624: 0.827135
52625: 0.82712
52626: 0.827123
52627: 0.827126
52628: 0.82713
52629: 0.827133
52630: 0.827136
52631: 0.827139
52632: 0.827124
52633: 0.827127
52634: 0.82713
52635: 0.827134
52636: 0.827137
52637: 0.82714
52638: 0.827143
52639: 0.827147
52640: 0.82715
52641: 0.827153
52642: 0.827157
52643: 0.82716
52644: 0.827144
52645: 0.827128
52646: 0.827132
52647: 0.827135
52648: 0.827138
52649: 0.827142
52650: 0.827145
52651: 0.827148
52652: 0.827151
52653: 0.827155
52654: 0.827139
52655: 0.827142
52656: 0.827145
52657: 0.827149
52658: 0.827152
52659: 0.827155
52660: 0.827159
52661: 0.827143
52662: 0.827146
52663: 0.827149
52664: 0.827153
52665: 0.827156
52666: 0.827159
52667: 0.827163
52668: 0.827166
52669: 0.827169
52670: 0.827172
52671: 0.827176
52672: 0.827179
52673: 0.827182
52674: 0.827186
52675: 0.827189
52676: 0.827192
52677: 0.827195
52678: 0.827199
52679: 0.827202
52680: 0.827205
52681: 0.827209
52682: 0.827193
52683: 0.827177
52684: 0.82718
52685: 0.827184
52686: 0.827187
52687: 0.82719
52688: 0.827194
52689: 0.827197
52690: 0.8272
52691: 0.827203
52692: 0.827207
52693: 0.82721
52694: 0.827194
52695: 0.827179
52696: 0.827163
52697: 0.827147
52698: 0.82715
52699: 0.827154
52700: 0.827157
52701: 0.82716
52702: 0.827164
52703: 0.827148
52704: 0.827151
52705: 0.827154
52706: 0.827158
52707: 0.827161
52708: 0.827164
52709: 0.827168
52710: 0.827171
52711: 0.827155
52712: 0.827139
52713: 0.827124
52714: 0.827108
52715: 0.827111
52716: 0.827115
52717: 0.827118
52718: 0.827121
52719: 0.827124
52720: 0.827128
52721: 0.827112
52722: 0.827096
52723: 0.827081
52724: 0.827065
52725: 0.827068
52726: 0.827072
52727: 0.827075
52728: 0.827059
52729: 0.827043
52730: 0.827028
52731: 0.827031
52732: 0.827015
52733: 0.827019
52734: 0.827022
52735: 0.827025
52736: 0.827028
52737: 0.827032
52738: 0.827035
52739: 0.827038
52740: 0.827042
52741: 0.827045
52742: 0.827048
52743: 0.827051
52744: 0.827055
52745: 0.827058
52746: 0.827061
52747: 0.827065
52748: 0.827068
52749: 0.827071
52750: 0.827074
52751: 0.827078
52752: 0.827081
52753: 0.827084
52754: 0.827087
52755: 0.827091
52756: 0.827094
52757: 0.827097
52758: 0.827101
52759: 0.827085
52760: 0.827088
52761: 0.827091
52762: 0.827076
52763: 0.827079
52764: 0.827082
52765: 0.827086
52766: 0.827089
52767: 0.827092
52768: 0.827095
52769: 0.827099
52770: 0.827102
52771: 0.827105
52772: 0.82709
52773: 0.827093
52774: 0.827096
52775: 0.82708
52776: 0.827084
52777: 0.827087
52778: 0.827071
52779: 0.827056
52780: 0.827059
52781: 0.827062
52782: 0.827066
52783: 0.827069
52784: 0.827053
52785: 0.827056
52786: 0.82706
52787: 0.827063
52788: 0.827066
52789: 0.82707
52790: 0.827073
52791: 0.827076
52792: 0.827079
52793: 0.827083
52794: 0.827086
52795: 0.827089
52796: 0.827092
52797: 0.827096
52798: 0.827099
52799: 0.827102
52800: 0.827106
52801: 0.827109
52802: 0.827112
52803: 0.827115
52804: 0.827119
52805: 0.827122
52806: 0.827125
52807: 0.827128
52808: 0.827132
52809: 0.827135
52810: 0.827138
52811: 0.827142
52812: 0.827126
52813: 0.82711
52814: 0.827095
52815: 0.827098
52816: 0.827101
52817: 0.827104
52818: 0.827108
52819: 0.827092
52820: 0.827095
52821: 0.827099
52822: 0.827102
52823: 0.827105
52824: 0.827108
52825: 0.827112
52826: 0.827115
52827: 0.827118
52828: 0.827121
52829: 0.827125
52830: 0.827128
52831: 0.827131
52832: 0.827135
52833: 0.827138
52834: 0.827141
52835: 0.827144
52836: 0.827148
52837: 0.827151
52838: 0.827135
52839: 0.82712
52840: 0.827123
52841: 0.827126
52842: 0.827129
52843: 0.827133
52844: 0.827136
52845: 0.82712
52846: 0.827124
52847: 0.827127
52848: 0.82713
52849: 0.827133
52850: 0.827137
52851: 0.82714
52852: 0.827143
52853: 0.827146
52854: 0.82715
52855: 0.827153
52856: 0.827156
52857: 0.82716
52858: 0.827163
52859: 0.827166
52860: 0.827169
52861: 0.827154
52862: 0.827138
52863: 0.827122
52864: 0.827107
52865: 0.82711
52866: 0.827113
52867: 0.827117
52868: 0.82712
52869: 0.827123
52870: 0.827126
52871: 0.82713
52872: 0.827133
52873: 0.827136
52874: 0.827139
52875: 0.827143
52876: 0.827146
52877: 0.827149
52878: 0.827153
52879: 0.827156
52880: 0.827159
52881: 0.827162
52882: 0.827166
52883: 0.827169
52884: 0.827172
52885: 0.827175
52886: 0.827179
52887: 0.827182
52888: 0.827185
52889: 0.827189
52890: 0.827192
52891: 0.827195
52892: 0.827198
52893: 0.827202
52894: 0.827205
52895: 0.827208
52896: 0.827192
52897: 0.827177
52898: 0.82718
52899: 0.827183
52900: 0.827187
52901: 0.82719
52902: 0.827193
52903: 0.827196
52904: 0.8272
52905: 0.827203
52906: 0.827206
52907: 0.827209
52908: 0.827213
52909: 0.827216
52910: 0.827219
52911: 0.827204
52912: 0.827207
52913: 0.82721
52914: 0.827195
52915: 0.827198
52916: 0.827201
52917: 0.827185
52918: 0.827189
52919: 0.827192
52920: 0.827195
52921: 0.827199
52922: 0.827202
52923: 0.827205
52924: 0.827208
52925: 0.827212
52926: 0.827215
52927: 0.827199
52928: 0.827202
52929: 0.827206
52930: 0.827209
52931: 0.827212
52932: 0.827216
52933: 0.827219
52934: 0.827222
52935: 0.827225
52936: 0.827229
52937: 0.827232
52938: 0.827235
52939: 0.827238
52940: 0.827242
52941: 0.827245
52942: 0.827229
52943: 0.827233
52944: 0.827236
52945: 0.827239
52946: 0.827242
52947: 0.827246
52948: 0.827249
52949: 0.827252
52950: 0.827255
52951: 0.827259
52952: 0.827262
52953: 0.827265
52954: 0.827268
52955: 0.827253
52956: 0.827256
52957: 0.827259
52958: 0.827263
52959: 0.827247
52960: 0.827231
52961: 0.827235
52962: 0.827238
52963: 0.827241
52964: 0.827244
52965: 0.827248
52966: 0.827251
52967: 0.827254
52968: 0.827257
52969: 0.827261
52970: 0.827264
52971: 0.827267
52972: 0.82727
52973: 0.827255
52974: 0.827258
52975: 0.827261
52976: 0.827265
52977: 0.827268
52978: 0.827252
52979: 0.827256
52980: 0.827259
52981: 0.827262
52982: 0.827246
52983: 0.827231
52984: 0.827215
52985: 0.8272
52986: 0.827203
52987: 0.827206
52988: 0.827209
52989: 0.827213
52990: 0.827216
52991: 0.827219
52992: 0.827222
52993: 0.827226
52994: 0.827229
52995: 0.827232
52996: 0.827236
52997: 0.827239
52998: 0.827242
52999: 0.827245
53000: 0.827249
53001: 0.827252
53002: 0.827255
53003: 0.827239
53004: 0.827224
53005: 0.827227
53006: 0.82723
53007: 0.827234
53008: 0.827218
53009: 0.827202
53010: 0.827206
53011: 0.82719
53012: 0.827193
53013: 0.827197
53014: 0.827181
53015: 0.827184
53016: 0.827188
53017: 0.827191
53018: 0.827194
53019: 0.827197
53020: 0.827201
53021: 0.827204
53022: 0.827207
53023: 0.82721
53024: 0.827214
53025: 0.827217
53026: 0.82722
53027: 0.827223
53028: 0.827227
53029: 0.82723
53030: 0.827233
53031: 0.827236
53032: 0.82724
53033: 0.827243
53034: 0.827246
53035: 0.827249
53036: 0.827253
53037: 0.827256
53038: 0.827259
53039: 0.827262
53040: 0.827266
53041: 0.827269
53042: 0.827272
53043: 0.827275
53044: 0.827279
53045: 0.827282
53046: 0.827285
53047: 0.82727
53048: 0.827254
53049: 0.827257
53050: 0.827261
53051: 0.827264
53052: 0.827248
53053: 0.827233
53054: 0.827217
53055: 0.82722
53056: 0.827224
53057: 0.827227
53058: 0.82723
53059: 0.827233
53060: 0.827237
53061: 0.827221
53062: 0.827224
53063: 0.827227
53064: 0.827231
53065: 0.827234
53066: 0.827237
53067: 0.827222
53068: 0.827225
53069: 0.827228
53070: 0.827231
53071: 0.827235
53072: 0.827238
53073: 0.827222
53074: 0.827207
53075: 0.82721
53076: 0.827213
53077: 0.827217
53078: 0.82722
53079: 0.827223
53080: 0.827226
53081: 0.827211
53082: 0.827214
53083: 0.827217
53084: 0.82722
53085: 0.827224
53086: 0.827227
53087: 0.82723
53088: 0.827234
53089: 0.827237
53090: 0.827221
53091: 0.827224
53092: 0.827228
53093: 0.827231
53094: 0.827234
53095: 0.827237
53096: 0.827241
53097: 0.827244
53098: 0.827247
53099: 0.82725
53100: 0.827254
53101: 0.827257
53102: 0.82726
53103: 0.827263
53104: 0.827267
53105: 0.827251
53106: 0.827236
53107: 0.827239
53108: 0.827242
53109: 0.827245
53110: 0.82723
53111: 0.827214
53112: 0.827199
53113: 0.827202
53114: 0.827205
53115: 0.827208
53116: 0.827212
53117: 0.827215
53118: 0.827218
53119: 0.827221
53120: 0.827225
53121: 0.827228
53122: 0.827231
53123: 0.827234
53124: 0.827238
53125: 0.827222
53126: 0.827207
53127: 0.82721
53128: 0.827213
53129: 0.827197
53130: 0.827182
53131: 0.827185
53132: 0.827188
53133: 0.827192
53134: 0.827195
53135: 0.827198
53136: 0.827201
53137: 0.827205
53138: 0.827208
53139: 0.827211
53140: 0.827196
53141: 0.82718
53142: 0.827183
53143: 0.827187
53144: 0.82719
53145: 0.827193
53146: 0.827196
53147: 0.827181
53148: 0.827184
53149: 0.827187
53150: 0.82719
53151: 0.827194
53152: 0.827197
53153: 0.8272
53154: 0.827203
53155: 0.827207
53156: 0.82721
53157: 0.827213
53158: 0.827216
53159: 0.82722
53160: 0.827223
53161: 0.827207
53162: 0.827211
53163: 0.827214
53164: 0.827217
53165: 0.82722
53166: 0.827224
53167: 0.827227
53168: 0.82723
53169: 0.827233
53170: 0.827237
53171: 0.82724
53172: 0.827243
53173: 0.827246
53174: 0.82725
53175: 0.827234
53176: 0.827237
53177: 0.827241
53178: 0.827244
53179: 0.827247
53180: 0.82725
53181: 0.827254
53182: 0.827257
53183: 0.82726
53184: 0.827263
53185: 0.827267
53186: 0.82727
53187: 0.827273
53188: 0.827258
53189: 0.827261
53190: 0.827264
53191: 0.827267
53192: 0.827271
53193: 0.827274
53194: 0.827277
53195: 0.82728
53196: 0.827283
53197: 0.827287
53198: 0.82729
53199: 0.827293
53200: 0.827278
53201: 0.827281
53202: 0.827284
53203: 0.827287
53204: 0.827291
53205: 0.827294
53206: 0.827297
53207: 0.8273
53208: 0.827304
53209: 0.827307
53210: 0.82731
53211: 0.827313
53212: 0.827317
53213: 0.82732
53214: 0.827323
53215: 0.827326
53216: 0.82733
53217: 0.827333
53218: 0.827336
53219: 0.827321
53220: 0.827324
53221: 0.827327
53222: 0.827312
53223: 0.827296
53224: 0.82728
53225: 0.827284
53226: 0.827287
53227: 0.827271
53228: 0.827275
53229: 0.827278
53230: 0.827281
53231: 0.827284
53232: 0.827288
53233: 0.827272
53234: 0.827275
53235: 0.827279
53236: 0.827282
53237: 0.827285
53238: 0.827288
53239: 0.827292
53240: 0.827295
53241: 0.827298
53242: 0.827301
53243: 0.827304
53244: 0.827308
53245: 0.827292
53246: 0.827295
53247: 0.827299
53248: 0.827302
53249: 0.827305
53250: 0.827308
53251: 0.827312
53252: 0.827315
53253: 0.827318
53254: 0.827321
53255: 0.827325
53256: 0.827328
53257: 0.827331
53258: 0.827334
53259: 0.827319
53260: 0.827322
53261: 0.827325
53262: 0.827329
53263: 0.827332
53264: 0.827335
53265: 0.827338
53266: 0.827342
53267: 0.827345
53268: 0.827348
53269: 0.827351
53270: 0.827354
53271: 0.827358
53272: 0.827361
53273: 0.827364
53274: 0.827367
53275: 0.827371
53276: 0.827374
53277: 0.827377
53278: 0.82738
53279: 0.827384
53280: 0.827387
53281: 0.82739
53282: 0.827393
53283: 0.827378
53284: 0.827381
53285: 0.827384
53286: 0.827388
53287: 0.827391
53288: 0.827394
53289: 0.827397
53290: 0.8274
53291: 0.827404
53292: 0.827407
53293: 0.82741
53294: 0.827413
53295: 0.827417
53296: 0.82742
53297: 0.827423
53298: 0.827408
53299: 0.827411
53300: 0.827414
53301: 0.827417
53302: 0.827421
53303: 0.827424
53304: 0.827427
53305: 0.82743
53306: 0.827434
53307: 0.827437
53308: 0.82744
53309: 0.827443
53310: 0.827446
53311: 0.82745
53312: 0.827434
53313: 0.827419
53314: 0.827422
53315: 0.827425
53316: 0.827428
53317: 0.827432
53318: 0.827435
53319: 0.827438
53320: 0.827441
53321: 0.827445
53322: 0.827448
53323: 0.827432
53324: 0.827417
53325: 0.82742
53326: 0.827423
53327: 0.827426
53328: 0.82743
53329: 0.827433
53330: 0.827436
53331: 0.827439
53332: 0.827443
53333: 0.827446
53334: 0.827449
53335: 0.827452
53336: 0.827437
53337: 0.827421
53338: 0.827406
53339: 0.827409
53340: 0.827412
53341: 0.827416
53342: 0.827419
53343: 0.827422
53344: 0.827425
53345: 0.827428
53346: 0.827432
53347: 0.827435
53348: 0.827438
53349: 0.827441
53350: 0.827445
53351: 0.827448
53352: 0.827451
53353: 0.827454
53354: 0.827458
53355: 0.827461
53356: 0.827464
53357: 0.827467
53358: 0.827471
53359: 0.827474
53360: 0.827477
53361: 0.82748
53362: 0.827483
53363: 0.827487
53364: 0.82749
53365: 0.827493
53366: 0.827496
53367: 0.8275
53368: 0.827484
53369: 0.827487
53370: 0.827491
53371: 0.827494
53372: 0.827497
53373: 0.8275
53374: 0.827504
53375: 0.827507
53376: 0.82751
53377: 0.827513
53378: 0.827516
53379: 0.82752
53380: 0.827523
53381: 0.827526
53382: 0.827511
53383: 0.827514
53384: 0.827517
53385: 0.82752
53386: 0.827524
53387: 0.827527
53388: 0.82753
53389: 0.827533
53390: 0.827536
53391: 0.82754
53392: 0.827543
53393: 0.827546
53394: 0.827549
53395: 0.827553
53396: 0.827556
53397: 0.827559
53398: 0.827562
53399: 0.827566
53400: 0.827569
53401: 0.827572
53402: 0.827575
53403: 0.827578
53404: 0.827582
53405: 0.827585
53406: 0.827569
53407: 0.827573
53408: 0.827576
53409: 0.827579
53410: 0.827582
53411: 0.827567
53412: 0.827551
53413: 0.827536
53414: 0.827539
53415: 0.827542
53416: 0.827546
53417: 0.827549
53418: 0.827552
53419: 0.827555
53420: 0.827558
53421: 0.827562
53422: 0.827565
53423: 0.827568
53424: 0.827571
53425: 0.827575
53426: 0.827578
53427: 0.827581
53428: 0.827584
53429: 0.827587
53430: 0.827591
53431: 0.827594
53432: 0.827597
53433: 0.8276
53434: 0.827604
53435: 0.827607
53436: 0.82761
53437: 0.827613
53438: 0.827617
53439: 0.82762
53440: 0.827623
53441: 0.827626
53442: 0.827629
53443: 0.827633
53444: 0.827617
53445: 0.82762
53446: 0.827605
53447: 0.827608
53448: 0.827611
53449: 0.827615
53450: 0.827618
53451: 0.827621
53452: 0.827624
53453: 0.827627
53454: 0.827631
53455: 0.827634
53456: 0.827637
53457: 0.82764
53458: 0.827644
53459: 0.827647
53460: 0.82765
53461: 0.827653
53462: 0.827657
53463: 0.82766
53464: 0.827644
53465: 0.827629
53466: 0.827613
53467: 0.827617
53468: 0.82762
53469: 0.827623
53470: 0.827626
53471: 0.827629
53472: 0.827633
53473: 0.827636
53474: 0.827639
53475: 0.827642
53476: 0.827646
53477: 0.827649
53478: 0.827652
53479: 0.827655
53480: 0.827658
53481: 0.827662
53482: 0.827665
53483: 0.827668
53484: 0.827671
53485: 0.827675
53486: 0.827678
53487: 0.827681
53488: 0.827684
53489: 0.827687
53490: 0.827691
53491: 0.827694
53492: 0.827697
53493: 0.8277
53494: 0.827704
53495: 0.827707
53496: 0.82771
53497: 0.827713
53498: 0.827716
53499: 0.82772
53500: 0.827723
53501: 0.827726
53502: 0.827729
53503: 0.827733
53504: 0.827736
53505: 0.827739
53506: 0.827723
53507: 0.827727
53508: 0.82773
53509: 0.827733
53510: 0.827736
53511: 0.82774
53512: 0.827743
53513: 0.827746
53514: 0.827749
53515: 0.827752
53516: 0.827756
53517: 0.827759
53518: 0.827762
53519: 0.827765
53520: 0.827769
53521: 0.827772
53522: 0.827775
53523: 0.827778
53524: 0.827781
53525: 0.827785
53526: 0.827788
53527: 0.827791
53528: 0.827794
53529: 0.827797
53530: 0.827801
53531: 0.827804
53532: 0.827807
53533: 0.827792
53534: 0.827795
53535: 0.827798
53536: 0.827783
53537: 0.827767
53538: 0.827752
53539: 0.827755
53540: 0.827758
53541: 0.827761
53542: 0.827765
53543: 0.827768
53544: 0.827771
53545: 0.827774
53546: 0.827777
53547: 0.827781
53548: 0.827784
53549: 0.827787
53550: 0.82779
53551: 0.827794
53552: 0.827797
53553: 0.8278
53554: 0.827803
53555: 0.827806
53556: 0.82781
53557: 0.827813
53558: 0.827816
53559: 0.827819
53560: 0.827822
53561: 0.827826
53562: 0.827829
53563: 0.827832
53564: 0.827835
53565: 0.827839
53566: 0.827842
53567: 0.827845
53568: 0.82783
53569: 0.827833
53570: 0.827836
53571: 0.827839
53572: 0.827842
53573: 0.827846
53574: 0.827849
53575: 0.827852
53576: 0.827855
53577: 0.827858
53578: 0.827862
53579: 0.827865
53580: 0.827868
53581: 0.827871
53582: 0.827856
53583: 0.827859
53584: 0.827862
53585: 0.827865
53586: 0.827869
53587: 0.827872
53588: 0.827875
53589: 0.827878
53590: 0.827882
53591: 0.827885
53592: 0.827888
53593: 0.827891
53594: 0.827894
53595: 0.827898
53596: 0.827901
53597: 0.827904
53598: 0.827907
53599: 0.82791
53600: 0.827914
53601: 0.827898
53602: 0.827883
53603: 0.827886
53604: 0.827889
53605: 0.827892
53606: 0.827877
53607: 0.827862
53608: 0.827846
53609: 0.827831
53610: 0.827815
53611: 0.827818
53612: 0.827822
53613: 0.827825
53614: 0.827828
53615: 0.827831
53616: 0.827834
53617: 0.827838
53618: 0.827822
53619: 0.827825
53620: 0.827829
53621: 0.827832
53622: 0.827835
53623: 0.827838
53624: 0.827841
53625: 0.827845
53626: 0.827848
53627: 0.827851
53628: 0.827854
53629: 0.827858
53630: 0.827861
53631: 0.827864
53632: 0.827867
53633: 0.82787
53634: 0.827874
53635: 0.827877
53636: 0.82788
53637: 0.827883
53638: 0.827886
53639: 0.82789
53640: 0.827893
53641: 0.827896
53642: 0.827899
53643: 0.827902
53644: 0.827906
53645: 0.827909
53646: 0.827912
53647: 0.827915
53648: 0.827919
53649: 0.827922
53650: 0.827925
53651: 0.827928
53652: 0.827913
53653: 0.827916
53654: 0.827919
53655: 0.827922
53656: 0.827926
53657: 0.827929
53658: 0.827932
53659: 0.827935
53660: 0.827938
53661: 0.827942
53662: 0.827945
53663: 0.827948
53664: 0.827951
53665: 0.827936
53666: 0.827939
53667: 0.827942
53668: 0.827945
53669: 0.827949
53670: 0.827933
53671: 0.827936
53672: 0.82794
53673: 0.827943
53674: 0.827946
53675: 0.827949
53676: 0.827952
53677: 0.827956
53678: 0.82794
53679: 0.827943
53680: 0.827947
53681: 0.82795
53682: 0.827934
53683: 0.827938
53684: 0.827941
53685: 0.827944
53686: 0.827947
53687: 0.82795
53688: 0.827954
53689: 0.827957
53690: 0.82796
53691: 0.827963
53692: 0.827966
53693: 0.82797
53694: 0.827973
53695: 0.827957
53696: 0.827961
53697: 0.827964
53698: 0.827967
53699: 0.82797
53700: 0.827973
53701: 0.827977
53702: 0.82798
53703: 0.827983
53704: 0.827986
53705: 0.827989
53706: 0.827993
53707: 0.827996
53708: 0.827999
53709: 0.828002
53710: 0.828005
53711: 0.828009
53712: 0.828012
53713: 0.827996
53714: 0.827981
53715: 0.827984
53716: 0.827987
53717: 0.827972
53718: 0.827975
53719: 0.827978
53720: 0.827982
53721: 0.827966
53722: 0.827951
53723: 0.827935
53724: 0.827939
53725: 0.827942
53726: 0.827945
53727: 0.827948
53728: 0.827933
53729: 0.827917
53730: 0.827902
53731: 0.827887
53732: 0.827871
53733: 0.827856
53734: 0.82784
53735: 0.827844
53736: 0.827847
53737: 0.82785
53738: 0.827853
53739: 0.827856
53740: 0.82786
53741: 0.827863
53742: 0.827866
53743: 0.827869
53744: 0.827872
53745: 0.827876
53746: 0.827879
53747: 0.827882
53748: 0.827885
53749: 0.827888
53750: 0.827892
53751: 0.827895
53752: 0.827898
53753: 0.827901
53754: 0.827904
53755: 0.827908
53756: 0.827892
53757: 0.827895
53758: 0.82788
53759: 0.827883
53760: 0.827886
53761: 0.82789
53762: 0.827893
53763: 0.827896
53764: 0.827899
53765: 0.827902
53766: 0.827906
53767: 0.82789
53768: 0.827893
53769: 0.827897
53770: 0.8279
53771: 0.827903
53772: 0.827906
53773: 0.827891
53774: 0.827875
53775: 0.82786
53776: 0.827845
53777: 0.827848
53778: 0.827851
53779: 0.827854
53780: 0.827857
53781: 0.827861
53782: 0.827864
53783: 0.827867
53784: 0.82787
53785: 0.827855
53786: 0.827839
53787: 0.827824
53788: 0.827827
53789: 0.827812
53790: 0.827815
53791: 0.827818
53792: 0.827821
53793: 0.827825
53794: 0.827828
53795: 0.827831
53796: 0.827816
53797: 0.827819
53798: 0.827822
53799: 0.827807
53800: 0.82781
53801: 0.827813
53802: 0.827816
53803: 0.827819
53804: 0.827823
53805: 0.827826
53806: 0.827829
53807: 0.827832
53808: 0.827835
53809: 0.827839
53810: 0.827842
53811: 0.827845
53812: 0.827848
53813: 0.827851
53814: 0.827855
53815: 0.827839
53816: 0.827824
53817: 0.827827
53818: 0.82783
53819: 0.827834
53820: 0.827818
53821: 0.827821
53822: 0.827825
53823: 0.827828
53824: 0.827831
53825: 0.827834
53826: 0.827837
53827: 0.827841
53828: 0.827844
53829: 0.827828
53830: 0.827832
53831: 0.827835
53832: 0.827838
53833: 0.827841
53834: 0.827844
53835: 0.827848
53836: 0.827851
53837: 0.827854
53838: 0.827857
53839: 0.82786
53840: 0.827845
53841: 0.82783
53842: 0.827833
53843: 0.827836
53844: 0.827839
53845: 0.827824
53846: 0.827808
53847: 0.827793
53848: 0.827796
53849: 0.827799
53850: 0.827803
53851: 0.827806
53852: 0.827809
53853: 0.827812
53854: 0.827815
53855: 0.827819
53856: 0.827803
53857: 0.827806
53858: 0.82781
53859: 0.827813
53860: 0.827816
53861: 0.827819
53862: 0.827822
53863: 0.827826
53864: 0.827829
53865: 0.827832
53866: 0.827835
53867: 0.827838
53868: 0.827823
53869: 0.827826
53870: 0.827829
53871: 0.827833
53872: 0.827836
53873: 0.82782
53874: 0.827824
53875: 0.827827
53876: 0.82783
53877: 0.827833
53878: 0.827836
53879: 0.82784
53880: 0.827843
53881: 0.827846
53882: 0.827849
53883: 0.827852
53884: 0.827856
53885: 0.82784
53886: 0.827843
53887: 0.827847
53888: 0.82785
53889: 0.827834
53890: 0.827838
53891: 0.827841
53892: 0.827844
53893: 0.827847
53894: 0.82785
53895: 0.827854
53896: 0.827838
53897: 0.827823
53898: 0.827826
53899: 0.827829
53900: 0.827833
53901: 0.827836
53902: 0.827839
53903: 0.827842
53904: 0.827827
53905: 0.827811
53906: 0.827815
53907: 0.827818
53908: 0.827821
53909: 0.827824
53910: 0.827809
53911: 0.827793
53912: 0.827797
53913: 0.8278
53914: 0.827784
53915: 0.827769
53916: 0.827772
53917: 0.827776
53918: 0.827779
53919: 0.827782
53920: 0.827785
53921: 0.827788
53922: 0.827791
53923: 0.827776
53924: 0.827779
53925: 0.827783
53926: 0.827786
53927: 0.827789
53928: 0.827774
53929: 0.827758
53930: 0.827761
53931: 0.827765
53932: 0.827768
53933: 0.827771
53934: 0.827774
53935: 0.827777
53936: 0.827781
53937: 0.827784
53938: 0.827787
53939: 0.827772
53940: 0.827756
53941: 0.827741
53942: 0.827744
53943: 0.827747
53944: 0.827732
53945: 0.827735
53946: 0.827738
53947: 0.827723
53948: 0.827726
53949: 0.827729
53950: 0.827733
53951: 0.827736
53952: 0.827739
53953: 0.827742
53954: 0.827745
53955: 0.827749
53956: 0.827752
53957: 0.827755
53958: 0.827758
53959: 0.827761
53960: 0.827764
53961: 0.827749
53962: 0.827734
53963: 0.827737
53964: 0.82774
53965: 0.827743
53966: 0.827728
53967: 0.827731
53968: 0.827734
53969: 0.827738
53970: 0.827741
53971: 0.827744
53972: 0.827747
53973: 0.82775
53974: 0.827754
53975: 0.827757
53976: 0.82776
53977: 0.827763
53978: 0.827766
53979: 0.82777
53980: 0.827773
53981: 0.827776
53982: 0.827779
53983: 0.827782
53984: 0.827767
53985: 0.827752
53986: 0.827736
53987: 0.827739
53988: 0.827743
53989: 0.827746
53990: 0.827731
53991: 0.827715
53992: 0.827718
53993: 0.827722
53994: 0.827725
53995: 0.827728
53996: 0.827731
53997: 0.827716
53998: 0.827719
53999: 0.827722
54000: 0.827725
54001: 0.827729
54002: 0.827732
54003: 0.827735
54004: 0.827738
54005: 0.827741
54006: 0.827745
54007: 0.827748
54008: 0.827732
54009: 0.827736
54010: 0.827739
54011: 0.827742
54012: 0.827745
54013: 0.827748
54014: 0.827733
54015: 0.827736
54016: 0.827739
54017: 0.827743
54018: 0.827746
54019: 0.827749
54020: 0.827734
54021: 0.827718
54022: 0.827722
54023: 0.827706
54024: 0.827691
54025: 0.827676
54026: 0.82766
54027: 0.827663
54028: 0.827667
54029: 0.82767
54030: 0.827673
54031: 0.827676
54032: 0.827679
54033: 0.827683
54034: 0.827686
54035: 0.827689
54036: 0.827692
54037: 0.827695
54038: 0.827699
54039: 0.827683
54040: 0.827686
54041: 0.82769
54042: 0.827693
54043: 0.827677
54044: 0.827681
54045: 0.827665
54046: 0.827669
54047: 0.827672
54048: 0.827675
54049: 0.827678
54050: 0.827681
54051: 0.827684
54052: 0.827688
54053: 0.827691
54054: 0.827694
54055: 0.827697
54056: 0.8277
54057: 0.827704
54058: 0.827707
54059: 0.82771
54060: 0.827713
54061: 0.827716
54062: 0.82772
54063: 0.827723
54064: 0.827726
54065: 0.827729
54066: 0.827732
54067: 0.827735
54068: 0.827739
54069: 0.827742
54070: 0.827727
54071: 0.82773
54072: 0.827733
54073: 0.827736
54074: 0.827739
54075: 0.827742
54076: 0.827746
54077: 0.827749
54078: 0.827752
54079: 0.827755
54080: 0.82774
54081: 0.827743
54082: 0.827746
54083: 0.827749
54084: 0.827734
54085: 0.827719
54086: 0.827704
54087: 0.827707
54088: 0.82771
54089: 0.827713
54090: 0.827716
54091: 0.827701
54092: 0.827704
54093: 0.827707
54094: 0.827711
54095: 0.827714
54096: 0.827698
54097: 0.827683
54098: 0.827686
54099: 0.827689
54100: 0.827693
54101: 0.827696
54102: 0.827699
54103: 0.827702
54104: 0.827705
54105: 0.827709
54106: 0.827712
54107: 0.827715
54108: 0.827718
54109: 0.827721
54110: 0.827724
54111: 0.827728
54112: 0.827731
54113: 0.827734
54114: 0.827737
54115: 0.82774
54116: 0.827744
54117: 0.827747
54118: 0.82775
54119: 0.827753
54120: 0.827756
54121: 0.82776
54122: 0.827763
54123: 0.827766
54124: 0.827769
54125: 0.827772
54126: 0.827775
54127: 0.827779
54128: 0.827782
54129: 0.827785
54130: 0.827788
54131: 0.827791
54132: 0.827795
54133: 0.827798
54134: 0.827801
54135: 0.827804
54136: 0.827807
54137: 0.82781
54138: 0.827814
54139: 0.827817
54140: 0.82782
54141: 0.827823
54142: 0.827826
54143: 0.827829
54144: 0.827833
54145: 0.827836
54146: 0.827839
54147: 0.827842
54148: 0.827845
54149: 0.827849
54150: 0.827852
54151: 0.827855
54152: 0.82784
54153: 0.827843
54154: 0.827846
54155: 0.827849
54156: 0.827852
54157: 0.827856
54158: 0.82784
54159: 0.827825
54160: 0.827828
54161: 0.827831
54162: 0.827834
54163: 0.827838
54164: 0.827841
54165: 0.827844
54166: 0.827847
54167: 0.82785
54168: 0.827854
54169: 0.827857
54170: 0.82786
54171: 0.827845
54172: 0.827829
54173: 0.827833
54174: 0.827836
54175: 0.827839
54176: 0.827842
54177: 0.827845
54178: 0.827848
54179: 0.827852
54180: 0.827855
54181: 0.827858
54182: 0.827861
54183: 0.827864
54184: 0.827867
54185: 0.827871
54186: 0.827874
54187: 0.827877
54188: 0.82788
54189: 0.827883
54190: 0.827868
54191: 0.827871
54192: 0.827874
54193: 0.827878
54194: 0.827881
54195: 0.827884
54196: 0.827887
54197: 0.82789
54198: 0.827894
54199: 0.827897
54200: 0.8279
54201: 0.827903
54202: 0.827906
54203: 0.827909
54204: 0.827913
54205: 0.827916
54206: 0.827919
54207: 0.827922
54208: 0.827925
54209: 0.827928
54210: 0.827932
54211: 0.827935
54212: 0.827938
54213: 0.827941
54214: 0.827944
54215: 0.827947
54216: 0.827951
54217: 0.827954
54218: 0.827957
54219: 0.82796
54220: 0.827963
54221: 0.827948
54222: 0.827933
54223: 0.827918
54224: 0.827921
54225: 0.827924
54226: 0.827927
54227: 0.82793
54228: 0.827933
54229: 0.827937
54230: 0.82794
54231: 0.827943
54232: 0.827946
54233: 0.827949
54234: 0.827952
54235: 0.827956
54236: 0.827959
54237: 0.827944
54238: 0.827947
54239: 0.82795
54240: 0.827953
54241: 0.827956
54242: 0.827959
54243: 0.827963
54244: 0.827966
54245: 0.827969
54246: 0.827954
54247: 0.827938
54248: 0.827942
54249: 0.827945
54250: 0.827948
54251: 0.827951
54252: 0.827954
54253: 0.827957
54254: 0.827961
54255: 0.827945
54256: 0.82793
54257: 0.827915
54258: 0.827918
54259: 0.827921
54260: 0.827924
54261: 0.827927
54262: 0.827912
54263: 0.827915
54264: 0.827919
54265: 0.827922
54266: 0.827925
54267: 0.827928
54268: 0.827931
54269: 0.827934
54270: 0.827938
54271: 0.827941
54272: 0.827944
54273: 0.827947
54274: 0.82795
54275: 0.827953
54276: 0.827957
54277: 0.82796
54278: 0.827963
54279: 0.827966
54280: 0.827969
54281: 0.827972
54282: 0.827976
54283: 0.827979
54284: 0.827982
54285: 0.827985
54286: 0.827988
54287: 0.827991
54288: 0.827995
54289: 0.827998
54290: 0.828001
54291: 0.828004
54292: 0.828007
54293: 0.82801
54294: 0.828014
54295: 0.828017
54296: 0.82802
54297: 0.828023
54298: 0.828026
54299: 0.828029
54300: 0.828033
54301: 0.828036
54302: 0.828021
54303: 0.828024
54304: 0.828027
54305: 0.82803
54306: 0.828033
54307: 0.828036
54308: 0.82804
54309: 0.828043
54310: 0.828046
54311: 0.828049
54312: 0.828052
54313: 0.828055
54314: 0.828059
54315: 0.828043
54316: 0.828028
54317: 0.828031
54318: 0.828016
54319: 0.828019
54320: 0.828022
54321: 0.828025
54322: 0.828029
54323: 0.828032
54324: 0.828017
54325: 0.828001
54326: 0.828004
54327: 0.828008
54328: 0.828011
54329: 0.828014
54330: 0.828017
54331: 0.828002
54332: 0.828005
54333: 0.828008
54334: 0.827993
54335: 0.827996
54336: 0.827999
54337: 0.828003
54338: 0.828006
54339: 0.828009
54340: 0.828012
54341: 0.828015
54342: 0.828018
54343: 0.828021
54344: 0.828025
54345: 0.828028
54346: 0.828031
54347: 0.828034
54348: 0.828037
54349: 0.828022
54350: 0.828025
54351: 0.828028
54352: 0.828032
54353: 0.828035
54354: 0.828038
54355: 0.828041
54356: 0.828044
54357: 0.828029
54358: 0.828014
54359: 0.828017
54360: 0.828002
54361: 0.828005
54362: 0.828008
54363: 0.828011
54364: 0.827996
54365: 0.827999
54366: 0.828002
54367: 0.828005
54368: 0.828009
54369: 0.828012
54370: 0.828015
54371: 0.828018
54372: 0.828021
54373: 0.828024
54374: 0.828028
54375: 0.828031
54376: 0.828034
54377: 0.828019
54378: 0.828003
54379: 0.828007
54380: 0.82801
54381: 0.828013
54382: 0.827998
54383: 0.827982
54384: 0.827986
54385: 0.827989
54386: 0.827992
54387: 0.827995
54388: 0.827998
54389: 0.828001
54390: 0.828005
54391: 0.828008
54392: 0.828011
54393: 0.828014
54394: 0.828017
54395: 0.82802
54396: 0.828024
54397: 0.828027
54398: 0.82803
54399: 0.828033
54400: 0.828018
54401: 0.828003
54402: 0.828006
54403: 0.828009
54404: 0.828012
54405: 0.828015
54406: 0.828018
54407: 0.828022
54408: 0.828025
54409: 0.828028
54410: 0.828031
54411: 0.828034
54412: 0.828019
54413: 0.828022
54414: 0.828025
54415: 0.828029
54416: 0.828013
54417: 0.827998
54418: 0.828001
54419: 0.828004
54420: 0.827989
54421: 0.827974
54422: 0.827977
54423: 0.82798
54424: 0.827983
54425: 0.827987
54426: 0.827971
54427: 0.827975
54428: 0.827978
54429: 0.827981
54430: 0.827984
54431: 0.827987
54432: 0.82799
54433: 0.827994
54434: 0.827997
54435: 0.828
54436: 0.827985
54437: 0.827988
54438: 0.827991
54439: 0.827994
54440: 0.827997
54441: 0.828
54442: 0.828004
54443: 0.828007
54444: 0.82801
54445: 0.828013
54446: 0.828016
54447: 0.828019
54448: 0.828023
54449: 0.828026
54450: 0.828029
54451: 0.828032
54452: 0.828017
54453: 0.82802
54454: 0.828023
54455: 0.828026
54456: 0.828029
54457: 0.828033
54458: 0.828036
54459: 0.828039
54460: 0.828042
54461: 0.828045
54462: 0.828048
54463: 0.828052
54464: 0.828055
54465: 0.828058
54466: 0.828061
54467: 0.828046
54468: 0.828049
54469: 0.828052
54470: 0.828055
54471: 0.828058
54472: 0.828062
54473: 0.828065
54474: 0.828068
54475: 0.828071
54476: 0.828074
54477: 0.828077
54478: 0.828081
54479: 0.828065
54480: 0.82805
54481: 0.828035
54482: 0.82802
54483: 0.828023
54484: 0.828026
54485: 0.828011
54486: 0.827996
54487: 0.827999
54488: 0.828002
54489: 0.828005
54490: 0.828008
54491: 0.828011
54492: 0.828015
54493: 0.828018
54494: 0.828021
54495: 0.828024
54496: 0.828009
54497: 0.827994
54498: 0.827997
54499: 0.828
54500: 0.828003
54501: 0.828006
54502: 0.828009
54503: 0.828013
54504: 0.827997
54505: 0.827982
54506: 0.827967
54507: 0.82797
54508: 0.827973
54509: 0.827977
54510: 0.82798
54511: 0.827964
54512: 0.827968
54513: 0.827971
54514: 0.827974
54515: 0.827977
54516: 0.82798
54517: 0.827965
54518: 0.827968
54519: 0.827971
54520: 0.827975
54521: 0.827978
54522: 0.827981
54523: 0.827984
54524: 0.827987
54525: 0.82799
54526: 0.827975
54527: 0.827978
54528: 0.827981
54529: 0.827985
54530: 0.827988
54531: 0.827991
54532: 0.827994
54533: 0.827997
54534: 0.827982
54535: 0.827967
54536: 0.82797
54537: 0.827973
54538: 0.827976
54539: 0.827979
54540: 0.827983
54541: 0.827967
54542: 0.827971
54543: 0.827974
54544: 0.827959
54545: 0.827962
54546: 0.827965
54547: 0.827968
54548: 0.827971
54549: 0.827974
54550: 0.827977
54551: 0.827981
54552: 0.827984
54553: 0.827987
54554: 0.82799
54555: 0.827993
54556: 0.827996
54557: 0.828
54558: 0.828003
54559: 0.828006
54560: 0.828009
54561: 0.828012
54562: 0.827997
54563: 0.827982
54564: 0.827985
54565: 0.82797
54566: 0.827973
54567: 0.827976
54568: 0.827979
54569: 0.827982
54570: 0.827986
54571: 0.827989
54572: 0.827992
54573: 0.827995
54574: 0.827998
54575: 0.828001
54576: 0.828004
54577: 0.828008
54578: 0.828011
54579: 0.828014
54580: 0.828017
54581: 0.82802
54582: 0.828023
54583: 0.828027
54584: 0.82803
54585: 0.828033
54586: 0.828036
54587: 0.828039
54588: 0.828042
54589: 0.828045
54590: 0.828049
54591: 0.828033
54592: 0.828037
54593: 0.82804
54594: 0.828043
54595: 0.828046
54596: 0.828049
54597: 0.828052
54598: 0.828055
54599: 0.828059
54600: 0.828062
54601: 0.828065
54602: 0.828068
54603: 0.828071
54604: 0.828074
54605: 0.828078
54606: 0.828081
54607: 0.828084
54608: 0.828087
54609: 0.82809
54610: 0.828093
54611: 0.828096
54612: 0.8281
54613: 0.828103
54614: 0.828106
54615: 0.828091
54616: 0.828094
54617: 0.828097
54618: 0.828082
54619: 0.828085
54620: 0.828088
54621: 0.828073
54622: 0.828058
54623: 0.828061
54624: 0.828064
54625: 0.828067
54626: 0.82807
54627: 0.828074
54628: 0.828077
54629: 0.82808
54630: 0.828083
54631: 0.828086
54632: 0.828089
54633: 0.828092
54634: 0.828096
54635: 0.828099
54636: 0.828084
54637: 0.828087
54638: 0.82809
54639: 0.828093
54640: 0.828096
54641: 0.828081
54642: 0.828066
54643: 0.828051
54644: 0.828054
54645: 0.828057
54646: 0.82806
54647: 0.828045
54648: 0.82803
54649: 0.828015
54650: 0.828018
54651: 0.828021
54652: 0.828024
54653: 0.828027
54654: 0.828012
54655: 0.827997
54656: 0.827982
54657: 0.827967
54658: 0.827951
54659: 0.827936
54660: 0.827939
54661: 0.827943
54662: 0.827946
54663: 0.827949
54664: 0.827952
54665: 0.827955
54666: 0.827958
54667: 0.827962
54668: 0.827965
54669: 0.827968
54670: 0.827971
54671: 0.827974
54672: 0.827977
54673: 0.82798
54674: 0.827984
54675: 0.827968
54676: 0.827972
54677: 0.827975
54678: 0.827978
54679: 0.827981
54680: 0.827966
54681: 0.827969
54682: 0.827972
54683: 0.827957
54684: 0.827942
54685: 0.827945
54686: 0.82793
54687: 0.827915
54688: 0.827918
54689: 0.827921
54690: 0.827906
54691: 0.827891
54692: 0.827876
54693: 0.82786
54694: 0.827864
54695: 0.827867
54696: 0.82787
54697: 0.827873
54698: 0.827876
54699: 0.827879
54700: 0.827882
54701: 0.827886
54702: 0.827889
54703: 0.827892
54704: 0.827895
54705: 0.827898
54706: 0.827901
54707: 0.827905
54708: 0.827908
54709: 0.827911
54710: 0.827914
54711: 0.827917
54712: 0.82792
54713: 0.827923
54714: 0.827927
54715: 0.82793
54716: 0.827933
54717: 0.827936
54718: 0.827939
54719: 0.827942
54720: 0.827945
54721: 0.827949
54722: 0.827952
54723: 0.827955
54724: 0.82794
54725: 0.827943
54726: 0.827946
54727: 0.827949
54728: 0.827952
54729: 0.827955
54730: 0.827959
54731: 0.827962
54732: 0.827965
54733: 0.82795
54734: 0.827935
54735: 0.827938
54736: 0.827941
54737: 0.827944
54738: 0.827947
54739: 0.82795
54740: 0.827953
54741: 0.827957
54742: 0.82796
54743: 0.827963
54744: 0.827966
54745: 0.827969
54746: 0.827954
54747: 0.827957
54748: 0.82796
54749: 0.827963
54750: 0.827967
54751: 0.82797
54752: 0.827955
54753: 0.82794
54754: 0.827943
54755: 0.827946
54756: 0.827949
54757: 0.827952
54758: 0.827955
54759: 0.827958
54760: 0.827962
54761: 0.827965
54762: 0.827968
54763: 0.827971
54764: 0.827974
54765: 0.827977
54766: 0.82798
54767: 0.827983
54768: 0.827987
54769: 0.82799
54770: 0.827993
54771: 0.827996
54772: 0.827999
54773: 0.828002
54774: 0.828005
54775: 0.828009
54776: 0.828012
54777: 0.828015
54778: 0.828018
54779: 0.828021
54780: 0.828024
54781: 0.828027
54782: 0.828031
54783: 0.828034
54784: 0.828037
54785: 0.82804
54786: 0.828043
54787: 0.828046
54788: 0.828049
54789: 0.828053
54790: 0.828037
54791: 0.828022
54792: 0.828025
54793: 0.828029
54794: 0.828032
54795: 0.828035
54796: 0.82802
54797: 0.828023
54798: 0.828026
54799: 0.828029
54800: 0.828032
54801: 0.828035
54802: 0.828039
54803: 0.828042
54804: 0.828045
54805: 0.82803
54806: 0.828015
54807: 0.828018
54808: 0.828021
54809: 0.828006
54810: 0.827991
54811: 0.827976
54812: 0.827961
54813: 0.827945
54814: 0.82793
54815: 0.827933
54816: 0.827937
54817: 0.82794
54818: 0.827943
54819: 0.827946
54820: 0.827949
54821: 0.827952
54822: 0.827955
54823: 0.827959
54824: 0.827962
54825: 0.827965
54826: 0.827968
54827: 0.827971
54828: 0.827974
54829: 0.827977
54830: 0.827981
54831: 0.827984
54832: 0.827987
54833: 0.82799
54834: 0.827993
54835: 0.827996
54836: 0.827999
54837: 0.828002
54838: 0.828006
54839: 0.828009
54840: 0.828012
54841: 0.828015
54842: 0.828018
54843: 0.828021
54844: 0.828006
54845: 0.827991
54846: 0.827994
54847: 0.827997
54848: 0.828001
54849: 0.828004
54850: 0.828007
54851: 0.82801
54852: 0.828013
54853: 0.828016
54854: 0.828019
54855: 0.828022
54856: 0.828026
54857: 0.828029
54858: 0.828032
54859: 0.828035
54860: 0.828038
54861: 0.828041
54862: 0.828026
54863: 0.828029
54864: 0.828032
54865: 0.828036
54866: 0.828039
54867: 0.828042
54868: 0.828045
54869: 0.828048
54870: 0.828051
54871: 0.828054
54872: 0.828058
54873: 0.828061
54874: 0.828064
54875: 0.828067
54876: 0.82807
54877: 0.828073
54878: 0.828076
54879: 0.828079
54880: 0.828083
54881: 0.828086
54882: 0.828089
54883: 0.828092
54884: 0.828095
54885: 0.828098
54886: 0.828101
54887: 0.828105
54888: 0.828108
54889: 0.828111
54890: 0.828114
54891: 0.828117
54892: 0.82812
54893: 0.828123
54894: 0.828126
54895: 0.82813
54896: 0.828133
54897: 0.828136
54898: 0.828139
54899: 0.828142
54900: 0.828145
54901: 0.828148
54902: 0.828151
54903: 0.828155
54904: 0.828158
54905: 0.828161
54906: 0.828164
54907: 0.828149
54908: 0.828152
54909: 0.828155
54910: 0.828158
54911: 0.828161
54912: 0.828165
54913: 0.828168
54914: 0.828171
54915: 0.828156
54916: 0.828141
54917: 0.828144
54918: 0.828147
54919: 0.82815
54920: 0.828153
54921: 0.828138
54922: 0.828123
54923: 0.828126
54924: 0.828111
54925: 0.828114
54926: 0.828117
54927: 0.82812
54928: 0.828105
54929: 0.82809
54930: 0.828093
54931: 0.828097
54932: 0.8281
54933: 0.828085
54934: 0.828088
54935: 0.828091
54936: 0.828094
54937: 0.828097
54938: 0.8281
54939: 0.828103
54940: 0.828107
54941: 0.82811
54942: 0.828113
54943: 0.828116
54944: 0.828119
54945: 0.828122
54946: 0.828125
54947: 0.82811
54948: 0.828095
54949: 0.82808
54950: 0.828083
54951: 0.828086
54952: 0.828089
54953: 0.828093
54954: 0.828096
54955: 0.828099
54956: 0.828102
54957: 0.828105
54958: 0.828108
54959: 0.828093
54960: 0.828096
54961: 0.828099
54962: 0.828103
54963: 0.828106
54964: 0.828091
54965: 0.828094
54966: 0.828097
54967: 0.8281
54968: 0.828103
54969: 0.828088
54970: 0.828091
54971: 0.828076
54972: 0.828079
54973: 0.828082
54974: 0.828085
54975: 0.828089
54976: 0.828092
54977: 0.828095
54978: 0.828098
54979: 0.828083
54980: 0.828068
54981: 0.828053
54982: 0.828038
54983: 0.828041
54984: 0.828044
54985: 0.828047
54986: 0.82805
54987: 0.828053
54988: 0.828057
54989: 0.82806
54990: 0.828063
54991: 0.828066
54992: 0.828069
54993: 0.828072
54994: 0.828075
54995: 0.828078
54996: 0.828082
54997: 0.828085
54998: 0.828088
54999: 0.828073
55000: 0.828076
55001: 0.828079
55002: 0.828082
55003: 0.828085
55004: 0.828088
55005: 0.828091
55006: 0.828095
55007: 0.82808
55008: 0.828064
55009: 0.828049
55010: 0.828034
55011: 0.828038
55012: 0.828041
55013: 0.828044
55014: 0.828047
55015: 0.82805
55016: 0.828053
55017: 0.828038
55018: 0.828041
55019: 0.828044
55020: 0.828047
55021: 0.828051
55022: 0.828054
55023: 0.828057
55024: 0.82806
55025: 0.828063
55026: 0.828066
55027: 0.828051
55028: 0.828036
55029: 0.828039
55030: 0.828042
55031: 0.828046
55032: 0.828049
55033: 0.828052
55034: 0.828055
55035: 0.828058
55036: 0.828061
55037: 0.828046
55038: 0.828031
55039: 0.828034
55040: 0.828037
55041: 0.82804
55042: 0.828044
55043: 0.828047
55044: 0.82805
55045: 0.828053
55046: 0.828056
55047: 0.828059
55048: 0.828062
55049: 0.828065
55050: 0.828069
55051: 0.828072
55052: 0.828075
55053: 0.82806
55054: 0.828063
55055: 0.828066
55056: 0.828069
55057: 0.828072
55058: 0.828075
55059: 0.828078
55060: 0.828082
55061: 0.828067
55062: 0.82807
55063: 0.828073
55064: 0.828076
55065: 0.828061
55066: 0.828046
55067: 0.828031
55068: 0.828034
55069: 0.828037
55070: 0.828022
55071: 0.828025
55072: 0.828028
55073: 0.828031
55074: 0.828034
55075: 0.828019
55076: 0.828004
55077: 0.828008
55078: 0.828011
55079: 0.828014
55080: 0.828017
55081: 0.82802
55082: 0.828023
55083: 0.828026
55084: 0.828029
55085: 0.828033
55086: 0.828036
55087: 0.828039
55088: 0.828042
55089: 0.828045
55090: 0.82803
55091: 0.828033
55092: 0.828036
55093: 0.828039
55094: 0.828042
55095: 0.828046
55096: 0.828049
55097: 0.828034
55098: 0.828037
55099: 0.82804
55100: 0.828043
55101: 0.828046
55102: 0.828049
55103: 0.828052
55104: 0.828056
55105: 0.828059
55106: 0.828062
55107: 0.828065
55108: 0.828068
55109: 0.828071
55110: 0.828074
55111: 0.828077
55112: 0.82808
55113: 0.828084
55114: 0.828087
55115: 0.82809
55116: 0.828093
55117: 0.828096
55118: 0.828099
55119: 0.828102
55120: 0.828105
55121: 0.828109
55122: 0.828112
55123: 0.828115
55124: 0.828118
55125: 0.828121
55126: 0.828124
55127: 0.828127
55128: 0.82813
55129: 0.828134
55130: 0.828137
55131: 0.82814
55132: 0.828143
55133: 0.828146
55134: 0.828149
55135: 0.828152
55136: 0.828155
55137: 0.82814
55138: 0.828125
55139: 0.828128
55140: 0.828132
55141: 0.828135
55142: 0.828138
55143: 0.828141
55144: 0.828144
55145: 0.828147
55146: 0.82815
55147: 0.828153
55148: 0.828156
55149: 0.82816
55150: 0.828145
55151: 0.828148
55152: 0.828151
55153: 0.828154
55154: 0.828157
55155: 0.82816
55156: 0.828163
55157: 0.828148
55158: 0.828151
55159: 0.828136
55160: 0.828121
55161: 0.828124
55162: 0.828128
55163: 0.828131
55164: 0.828134
55165: 0.828137
55166: 0.82814
55167: 0.828143
55168: 0.828146
55169: 0.828149
55170: 0.828152
55171: 0.828156
55172: 0.828141
55173: 0.828144
55174: 0.828147
55175: 0.828132
55176: 0.828117
55177: 0.82812
55178: 0.828123
55179: 0.828126
55180: 0.828129
55181: 0.828132
55182: 0.828117
55183: 0.828102
55184: 0.828105
55185: 0.828109
55186: 0.828094
55187: 0.828097
55188: 0.8281
55189: 0.828103
55190: 0.828106
55191: 0.828109
55192: 0.828112
55193: 0.828115
55194: 0.828118
55195: 0.828122
55196: 0.828125
55197: 0.828128
55198: 0.828131
55199: 0.828134
55200: 0.828137
55201: 0.82814
55202: 0.828143
55203: 0.828147
55204: 0.82815
55205: 0.828153
55206: 0.828156
55207: 0.828159
55208: 0.828162
55209: 0.828165
55210: 0.828168
55211: 0.828171
55212: 0.828175
55213: 0.828178
55214: 0.828181
55215: 0.828166
55216: 0.828169
55217: 0.828172
55218: 0.828175
55219: 0.828178
55220: 0.828181
55221: 0.828184
55222: 0.828188
55223: 0.828191
55224: 0.828194
55225: 0.828179
55226: 0.828164
55227: 0.828149
55228: 0.828134
55229: 0.828137
55230: 0.82814
55231: 0.828125
55232: 0.828128
55233: 0.828113
55234: 0.828116
55235: 0.828119
55236: 0.828122
55237: 0.828126
55238: 0.828129
55239: 0.828132
55240: 0.828135
55241: 0.828138
55242: 0.828141
55243: 0.828144
55244: 0.828147
55245: 0.828132
55246: 0.828135
55247: 0.828139
55248: 0.828142
55249: 0.828145
55250: 0.828148
55251: 0.828151
55252: 0.828154
55253: 0.828157
55254: 0.828142
55255: 0.828145
55256: 0.828148
55257: 0.828152
55258: 0.828155
55259: 0.828158
55260: 0.828143
55261: 0.828128
55262: 0.828113
55263: 0.828116
55264: 0.828119
55265: 0.828122
55266: 0.828125
55267: 0.828128
55268: 0.828132
55269: 0.828135
55270: 0.828138
55271: 0.828141
55272: 0.828144
55273: 0.828129
55274: 0.828132
55275: 0.828135
55276: 0.82812
55277: 0.828105
55278: 0.828108
55279: 0.828111
55280: 0.828115
55281: 0.828118
55282: 0.828103
55283: 0.828088
55284: 0.828091
55285: 0.828094
55286: 0.828097
55287: 0.8281
55288: 0.828103
55289: 0.828106
55290: 0.828109
55291: 0.828094
55292: 0.82808
55293: 0.828083
55294: 0.828086
55295: 0.828089
55296: 0.828092
55297: 0.828095
55298: 0.82808
55299: 0.828083
55300: 0.828086
55301: 0.828071
55302: 0.828056
55303: 0.828059
55304: 0.828063
55305: 0.828048
55306: 0.828051
55307: 0.828054
55308: 0.828057
55309: 0.82806
55310: 0.828063
55311: 0.828066
55312: 0.828051
55313: 0.828036
55314: 0.828039
55315: 0.828043
55316: 0.828046
55317: 0.828049
55318: 0.828052
55319: 0.828055
55320: 0.828058
55321: 0.828061
55322: 0.828046
55323: 0.828049
55324: 0.828052
55325: 0.828056
55326: 0.828059
55327: 0.828062
55328: 0.828065
55329: 0.828068
55330: 0.828071
55331: 0.828074
55332: 0.828077
55333: 0.82808
55334: 0.828083
55335: 0.828087
55336: 0.82809
55337: 0.828093
55338: 0.828096
55339: 0.828099
55340: 0.828102
55341: 0.828105
55342: 0.828108
55343: 0.828111
55344: 0.828115
55345: 0.828118
55346: 0.828121
55347: 0.828124
55348: 0.828127
55349: 0.828112
55350: 0.828115
55351: 0.828118
55352: 0.828121
55353: 0.828124
55354: 0.828128
55355: 0.828131
55356: 0.828134
55357: 0.828137
55358: 0.82814
55359: 0.828143
55360: 0.828128
55361: 0.828131
55362: 0.828134
55363: 0.828137
55364: 0.828141
55365: 0.828126
55366: 0.828111
55367: 0.828096
55368: 0.828099
55369: 0.828084
55370: 0.828087
55371: 0.82809
55372: 0.828093
55373: 0.828096
55374: 0.828099
55375: 0.828102
55376: 0.828106
55377: 0.828109
55378: 0.828112
55379: 0.828115
55380: 0.828118
55381: 0.828121
55382: 0.828124
55383: 0.828127
55384: 0.82813
55385: 0.828133
55386: 0.828137
55387: 0.82814
55388: 0.828143
55389: 0.828146
55390: 0.828149
55391: 0.828152
55392: 0.828155
55393: 0.828158
55394: 0.828143
55395: 0.828128
55396: 0.828131
55397: 0.828117
55398: 0.82812
55399: 0.828123
55400: 0.828126
55401: 0.828129
55402: 0.828132
55403: 0.828135
55404: 0.828138
55405: 0.828141
55406: 0.828144
55407: 0.828148
55408: 0.828151
55409: 0.828154
55410: 0.828139
55411: 0.828142
55412: 0.828145
55413: 0.828148
55414: 0.828151
55415: 0.828154
55416: 0.828139
55417: 0.828124
55418: 0.828109
55419: 0.828113
55420: 0.828116
55421: 0.828119
55422: 0.828122
55423: 0.828125
55424: 0.828128
55425: 0.828131
55426: 0.828116
55427: 0.828119
55428: 0.828122
55429: 0.828108
55430: 0.828111
55431: 0.828114
55432: 0.828117
55433: 0.82812
55434: 0.828123
55435: 0.828126
55436: 0.828111
55437: 0.828096
55438: 0.828081
55439: 0.828066
55440: 0.828051
55441: 0.828055
55442: 0.828058
55443: 0.828061
55444: 0.828064
55445: 0.828067
55446: 0.82807
55447: 0.828073
55448: 0.828076
55449: 0.828079
55450: 0.828064
55451: 0.828068
55452: 0.828071
55453: 0.828074
55454: 0.828077
55455: 0.82808
55456: 0.828065
55457: 0.828068
55458: 0.828071
55459: 0.828074
55460: 0.828077
55461: 0.82808
55462: 0.828084
55463: 0.828087
55464: 0.82809
55465: 0.828093
55466: 0.828096
55467: 0.828099
55468: 0.828102
55469: 0.828105
55470: 0.828108
55471: 0.828111
55472: 0.828115
55473: 0.828118
55474: 0.828103
55475: 0.828088
55476: 0.828073
55477: 0.828076
55478: 0.828061
55479: 0.828064
55480: 0.828049
55481: 0.828034
55482: 0.828019
55483: 0.828004
55484: 0.828008
55485: 0.828011
55486: 0.828014
55487: 0.828017
55488: 0.82802
55489: 0.828023
55490: 0.828026
55491: 0.828029
55492: 0.828032
55493: 0.828035
55494: 0.828039
55495: 0.828024
55496: 0.828027
55497: 0.82803
55498: 0.828033
55499: 0.828036
55500: 0.828039
55501: 0.828042
55502: 0.828045
55503: 0.828048
55504: 0.828052
55505: 0.828055
55506: 0.828058
55507: 0.828061
55508: 0.828064
55509: 0.828067
55510: 0.82807
55511: 0.828073
55512: 0.828076
55513: 0.828079
55514: 0.828064
55515: 0.828068
55516: 0.828053
55517: 0.828056
55518: 0.828059
55519: 0.828062
55520: 0.828065
55521: 0.828068
55522: 0.828071
55523: 0.828074
55524: 0.828077
55525: 0.828081
55526: 0.828084
55527: 0.828087
55528: 0.82809
55529: 0.828093
55530: 0.828096
55531: 0.828099
55532: 0.828102
55533: 0.828105
55534: 0.828108
55535: 0.828111
55536: 0.828115
55537: 0.828118
55538: 0.828121
55539: 0.828106
55540: 0.828109
55541: 0.828112
55542: 0.828097
55543: 0.828082
55544: 0.828085
55545: 0.828088
55546: 0.828092
55547: 0.828095
55548: 0.828098
55549: 0.828101
55550: 0.828104
55551: 0.828107
55552: 0.82811
55553: 0.828113
55554: 0.828116
55555: 0.828119
55556: 0.828122
55557: 0.828126
55558: 0.828129
55559: 0.828132
55560: 0.828117
55561: 0.82812
55562: 0.828123
55563: 0.828126
55564: 0.828129
55565: 0.828132
55566: 0.828135
55567: 0.828138
55568: 0.828142
55569: 0.828145
55570: 0.828148
55571: 0.828133
55572: 0.828118
55573: 0.828103
55574: 0.828106
55575: 0.828109
55576: 0.828112
55577: 0.828097
55578: 0.828101
55579: 0.828104
55580: 0.828107
55581: 0.82811
55582: 0.828113
55583: 0.828116
55584: 0.828119
55585: 0.828122
55586: 0.828125
55587: 0.828128
55588: 0.828131
55589: 0.828135
55590: 0.828138
55591: 0.828141
55592: 0.828144
55593: 0.828147
55594: 0.82815
55595: 0.828153
55596: 0.828156
55597: 0.828159
55598: 0.828162
55599: 0.828165
55600: 0.828169
55601: 0.828172
55602: 0.828157
55603: 0.828142
55604: 0.828145
55605: 0.828148
55606: 0.828151
55607: 0.828154
55608: 0.828157
55609: 0.82816
55610: 0.828163
55611: 0.828167
55612: 0.828152
55613: 0.828137
55614: 0.828122
55615: 0.828107
55616: 0.828092
55617: 0.828077
55618: 0.828062
55619: 0.828047
55620: 0.828051
55621: 0.828054
55622: 0.828057
55623: 0.82806
55624: 0.828063
55625: 0.828066
55626: 0.828069
55627: 0.828054
55628: 0.828057
55629: 0.82806
55630: 0.828063
55631: 0.828049
55632: 0.828034
55633: 0.828037
55634: 0.82804
55635: 0.828043
55636: 0.828046
55637: 0.828049
55638: 0.828052
55639: 0.828037
55640: 0.828023
55641: 0.828026
55642: 0.828029
55643: 0.828032
55644: 0.828035
55645: 0.828038
55646: 0.828041
55647: 0.828044
55648: 0.828047
55649: 0.82805
55650: 0.828053
55651: 0.828056
55652: 0.82806
55653: 0.828063
55654: 0.828048
55655: 0.828051
55656: 0.828054
55657: 0.828057
55658: 0.82806
55659: 0.828063
55660: 0.828066
55661: 0.828069
55662: 0.828073
55663: 0.828076
55664: 0.828079
55665: 0.828082
55666: 0.828085
55667: 0.828088
55668: 0.828091
55669: 0.828094
55670: 0.828097
55671: 0.8281
55672: 0.828103
55673: 0.828106
55674: 0.82811
55675: 0.828113
55676: 0.828116
55677: 0.828119
55678: 0.828122
55679: 0.828125
55680: 0.828128
55681: 0.828131
55682: 0.828134
55683: 0.828137
55684: 0.82814
55685: 0.828144
55686: 0.828147
55687: 0.82815
55688: 0.828153
55689: 0.828156
55690: 0.828159
55691: 0.828162
55692: 0.828165
55693: 0.82815
55694: 0.828153
55695: 0.828156
55696: 0.82816
55697: 0.828163
55698: 0.828166
55699: 0.828169
55700: 0.828172
55701: 0.828175
55702: 0.828178
55703: 0.828181
55704: 0.828184
55705: 0.828187
55706: 0.82819
55707: 0.828193
55708: 0.828197
55709: 0.8282
55710: 0.828203
55711: 0.828206
55712: 0.828209
55713: 0.828212
55714: 0.828215
55715: 0.828218
55716: 0.828221
55717: 0.828224
55718: 0.828209
55719: 0.828212
55720: 0.828216
55721: 0.828219
55722: 0.828222
55723: 0.828225
55724: 0.828228
55725: 0.828231
55726: 0.828216
55727: 0.828219
55728: 0.828222
55729: 0.828225
55730: 0.828211
55731: 0.828214
55732: 0.828217
55733: 0.82822
55734: 0.828223
55735: 0.828226
55736: 0.828229
55737: 0.828232
55738: 0.828235
55739: 0.828238
55740: 0.828241
55741: 0.828244
55742: 0.828247
55743: 0.828251
55744: 0.828254
55745: 0.828257
55746: 0.82826
55747: 0.828263
55748: 0.828266
55749: 0.828269
55750: 0.828272
55751: 0.828275
55752: 0.828278
55753: 0.828281
55754: 0.828284
55755: 0.828288
55756: 0.828291
55757: 0.828294
55758: 0.828297
55759: 0.8283
55760: 0.828303
55761: 0.828288
55762: 0.828291
55763: 0.828276
55764: 0.828279
55765: 0.828265
55766: 0.82825
55767: 0.828235
55768: 0.82822
55769: 0.828205
55770: 0.82819
55771: 0.828175
55772: 0.828161
55773: 0.828146
55774: 0.828131
55775: 0.828134
55776: 0.828137
55777: 0.82814
55778: 0.828143
55779: 0.828146
55780: 0.828149
55781: 0.828152
55782: 0.828156
55783: 0.828159
55784: 0.828162
55785: 0.828165
55786: 0.828168
55787: 0.828171
55788: 0.828174
55789: 0.828177
55790: 0.82818
55791: 0.828183
55792: 0.828186
55793: 0.828189
55794: 0.828175
55795: 0.82816
55796: 0.828145
55797: 0.828148
55798: 0.828151
55799: 0.828154
55800: 0.828157
55801: 0.82816
55802: 0.828163
55803: 0.828166
55804: 0.828152
55805: 0.828155
55806: 0.828158
55807: 0.828161
55808: 0.828164
55809: 0.828167
55810: 0.82817
55811: 0.828173
55812: 0.828176
55813: 0.828179
55814: 0.828182
55815: 0.828185
55816: 0.828189
55817: 0.828192
55818: 0.828195
55819: 0.82818
55820: 0.828165
55821: 0.828168
55822: 0.828171
55823: 0.828174
55824: 0.828177
55825: 0.82818
55826: 0.828183
55827: 0.828187
55828: 0.828172
55829: 0.828175
55830: 0.82816
55831: 0.828163
55832: 0.828166
55833: 0.828169
55834: 0.828172
55835: 0.828175
55836: 0.828178
55837: 0.828182
55838: 0.828167
55839: 0.82817
55840: 0.828173
55841: 0.828176
55842: 0.828179
55843: 0.828182
55844: 0.828185
55845: 0.828188
55846: 0.828191
55847: 0.828194
55848: 0.82818
55849: 0.828165
55850: 0.82815
55851: 0.828135
55852: 0.82812
55853: 0.828123
55854: 0.828126
55855: 0.828129
55856: 0.828133
55857: 0.828136
55858: 0.828139
55859: 0.828142
55860: 0.828145
55861: 0.828148
55862: 0.828151
55863: 0.828136
55864: 0.828139
55865: 0.828142
55866: 0.828145
55867: 0.828131
55868: 0.828116
55869: 0.828119
55870: 0.828122
55871: 0.828125
55872: 0.828128
55873: 0.828113
55874: 0.828098
55875: 0.828084
55876: 0.828087
55877: 0.82809
55878: 0.828093
55879: 0.828078
55880: 0.828081
55881: 0.828084
55882: 0.828087
55883: 0.82809
55884: 0.828093
55885: 0.828096
55886: 0.8281
55887: 0.828103
55888: 0.828106
55889: 0.828091
55890: 0.828094
55891: 0.828097
55892: 0.8281
55893: 0.828103
55894: 0.828106
55895: 0.828109
55896: 0.828112
55897: 0.828115
55898: 0.828119
55899: 0.828122
55900: 0.828125
55901: 0.828128
55902: 0.828131
55903: 0.828134
55904: 0.828137
55905: 0.82814
55906: 0.828143
55907: 0.828146
55908: 0.828149
55909: 0.828152
55910: 0.828138
55911: 0.828141
55912: 0.828126
55913: 0.828129
55914: 0.828132
55915: 0.828135
55916: 0.828138
55917: 0.828141
55918: 0.828144
55919: 0.828147
55920: 0.82815
55921: 0.828153
55922: 0.828157
55923: 0.828142
55924: 0.828145
55925: 0.828148
55926: 0.828151
55927: 0.828154
55928: 0.828157
55929: 0.82816
55930: 0.828163
55931: 0.828166
55932: 0.828169
55933: 0.828172
55934: 0.828158
55935: 0.828143
55936: 0.828128
55937: 0.828113
55938: 0.828116
55939: 0.828119
55940: 0.828122
55941: 0.828126
55942: 0.828129
55943: 0.828132
55944: 0.828135
55945: 0.828138
55946: 0.828141
55947: 0.828144
55948: 0.828147
55949: 0.82815
55950: 0.828153
55951: 0.828156
55952: 0.828159
55953: 0.828162
55954: 0.828165
55955: 0.828169
55956: 0.828172
55957: 0.828175
55958: 0.828178
55959: 0.828181
55960: 0.828184
55961: 0.828187
55962: 0.828172
55963: 0.828175
55964: 0.828178
55965: 0.828181
55966: 0.828184
55967: 0.828188
55968: 0.828191
55969: 0.828176
55970: 0.828179
55971: 0.828182
55972: 0.828185
55973: 0.828188
55974: 0.828191
55975: 0.828176
55976: 0.828179
55977: 0.828183
55978: 0.828168
55979: 0.828171
55980: 0.828174
55981: 0.828177
55982: 0.82818
55983: 0.828183
55984: 0.828186
55985: 0.828189
55986: 0.828192
55987: 0.828195
55988: 0.828198
55989: 0.828201
55990: 0.828205
55991: 0.828208
55992: 0.828211
55993: 0.828214
55994: 0.828217
55995: 0.82822
55996: 0.828205
55997: 0.82819
55998: 0.828193
55999: 0.828196
56000: 0.828199
56001: 0.828203
56002: 0.828206
56003: 0.828209
56004: 0.828212
56005: 0.828215
56006: 0.8282
56007: 0.828185
56008: 0.828188
56009: 0.828191
56010: 0.828194
56011: 0.828198
56012: 0.828201
56013: 0.828204
56014: 0.828207
56015: 0.82821
56016: 0.828213
56017: 0.828216
56018: 0.828219
56019: 0.828222
56020: 0.828225
56021: 0.828228
56022: 0.828213
56023: 0.828216
56024: 0.82822
56025: 0.828205
56026: 0.828208
56027: 0.828211
56028: 0.828214
56029: 0.828217
56030: 0.82822
56031: 0.828223
56032: 0.828226
56033: 0.828229
56034: 0.828232
56035: 0.828235
56036: 0.828238
56037: 0.828242
56038: 0.828245
56039: 0.828248
56040: 0.828251
56041: 0.828254
56042: 0.828257
56043: 0.82826
56044: 0.828263
56045: 0.828266
56046: 0.828269
56047: 0.828272
56048: 0.828275
56049: 0.828278
56050: 0.828281
56051: 0.828267
56052: 0.82827
56053: 0.828273
56054: 0.828276
56055: 0.828279
56056: 0.828282
56057: 0.828285
56058: 0.828288
56059: 0.828291
56060: 0.828294
56061: 0.828279
56062: 0.828282
56063: 0.828286
56064: 0.828289
56065: 0.828274
56066: 0.828277
56067: 0.82828
56068: 0.828283
56069: 0.828286
56070: 0.828271
56071: 0.828257
56072: 0.82826
56073: 0.828263
56074: 0.828248
56075: 0.828251
56076: 0.828254
56077: 0.828257
56078: 0.82826
56079: 0.828263
56080: 0.828248
56081: 0.828251
56082: 0.828255
56083: 0.828258
56084: 0.828261
56085: 0.828264
56086: 0.828267
56087: 0.82827
56088: 0.828273
56089: 0.828276
56090: 0.828279
56091: 0.828282
56092: 0.828285
56093: 0.828288
56094: 0.828291
56095: 0.828294
56096: 0.828297
56097: 0.8283
56098: 0.828304
56099: 0.828307
56100: 0.82831
56101: 0.828313
56102: 0.828316
56103: 0.828301
56104: 0.828304
56105: 0.828307
56106: 0.828292
56107: 0.828295
56108: 0.828298
56109: 0.828302
56110: 0.828305
56111: 0.828308
56112: 0.828311
56113: 0.828314
56114: 0.828317
56115: 0.82832
56116: 0.828323
56117: 0.828326
56118: 0.828329
56119: 0.828332
56120: 0.828335
56121: 0.828338
56122: 0.828324
56123: 0.828327
56124: 0.82833
56125: 0.828333
56126: 0.828336
56127: 0.828339
56128: 0.828342
56129: 0.828345
56130: 0.828348
56131: 0.828351
56132: 0.828354
56133: 0.828357
56134: 0.828342
56135: 0.828328
56136: 0.828313
56137: 0.828316
56138: 0.828319
56139: 0.828322
56140: 0.828325
56141: 0.82831
56142: 0.828296
56143: 0.828281
56144: 0.828284
56145: 0.828287
56146: 0.82829
56147: 0.828293
56148: 0.828296
56149: 0.828299
56150: 0.828302
56151: 0.828305
56152: 0.828308
56153: 0.828311
56154: 0.828297
56155: 0.8283
56156: 0.828303
56157: 0.828306
56158: 0.828309
56159: 0.828312
56160: 0.828297
56161: 0.8283
56162: 0.828303
56163: 0.828306
56164: 0.828292
56165: 0.828277
56166: 0.828262
56167: 0.828265
56168: 0.82825
56169: 0.828236
56170: 0.828239
56171: 0.828242
56172: 0.828245
56173: 0.828248
56174: 0.828251
56175: 0.828254
56176: 0.828257
56177: 0.828242
56178: 0.828228
56179: 0.828231
56180: 0.828216
56181: 0.828219
56182: 0.828222
56183: 0.828225
56184: 0.828228
56185: 0.828231
56186: 0.828234
56187: 0.828237
56188: 0.828223
56189: 0.828226
56190: 0.828229
56191: 0.828232
56192: 0.828235
56193: 0.828238
56194: 0.828241
56195: 0.828244
56196: 0.828247
56197: 0.82825
56198: 0.828253
56199: 0.828256
56200: 0.828241
56201: 0.828227
56202: 0.828212
56203: 0.828215
56204: 0.8282
56205: 0.828203
56206: 0.828206
56207: 0.82821
56208: 0.828213
56209: 0.828216
56210: 0.828219
56211: 0.828222
56212: 0.828225
56213: 0.828228
56214: 0.828231
56215: 0.828234
56216: 0.828237
56217: 0.82824
56218: 0.828243
56219: 0.828246
56220: 0.828249
56221: 0.828252
56222: 0.828238
56223: 0.828241
56224: 0.828226
56225: 0.828229
56226: 0.828232
56227: 0.828235
56228: 0.828238
56229: 0.828241
56230: 0.828244
56231: 0.828229
56232: 0.828233
56233: 0.828236
56234: 0.828239
56235: 0.828242
56236: 0.828245
56237: 0.828248
56238: 0.828251
56239: 0.828254
56240: 0.828257
56241: 0.82826
56242: 0.828263
56243: 0.828266
56244: 0.828269
56245: 0.828272
56246: 0.828275
56247: 0.828278
56248: 0.828281
56249: 0.828284
56250: 0.828287
56251: 0.828291
56252: 0.828294
56253: 0.828297
56254: 0.8283
56255: 0.828303
56256: 0.828288
56257: 0.828291
56258: 0.828276
56259: 0.828279
56260: 0.828282
56261: 0.828286
56262: 0.828289
56263: 0.828274
56264: 0.828259
56265: 0.828262
56266: 0.828247
56267: 0.828251
56268: 0.828254
56269: 0.828239
56270: 0.828242
56271: 0.828245
56272: 0.828248
56273: 0.828251
56274: 0.828254
56275: 0.828257
56276: 0.82826
56277: 0.828263
56278: 0.828266
56279: 0.828269
56280: 0.828272
56281: 0.828275
56282: 0.828279
56283: 0.828282
56284: 0.828285
56285: 0.828288
56286: 0.828291
56287: 0.828294
56288: 0.828297
56289: 0.828282
56290: 0.828285
56291: 0.828288
56292: 0.828291
56293: 0.828294
56294: 0.82828
56295: 0.828265
56296: 0.82825
56297: 0.828235
56298: 0.828221
56299: 0.828224
56300: 0.828227
56301: 0.82823
56302: 0.828233
56303: 0.828236
56304: 0.828239
56305: 0.828242
56306: 0.828245
56307: 0.828248
56308: 0.828251
56309: 0.828254
56310: 0.828257
56311: 0.82826
56312: 0.828263
56313: 0.828249
56314: 0.828252
56315: 0.828255
56316: 0.828258
56317: 0.828261
56318: 0.828264
56319: 0.828267
56320: 0.82827
56321: 0.828273
56322: 0.828276
56323: 0.828279
56324: 0.828282
56325: 0.828285
56326: 0.828288
56327: 0.828291
56328: 0.828294
56329: 0.828298
56330: 0.828301
56331: 0.828304
56332: 0.828307
56333: 0.82831
56334: 0.828313
56335: 0.828316
56336: 0.828319
56337: 0.828304
56338: 0.828307
56339: 0.82831
56340: 0.828313
56341: 0.828316
56342: 0.828319
56343: 0.828322
56344: 0.828325
56345: 0.828329
56346: 0.828332
56347: 0.828335
56348: 0.828338
56349: 0.828341
56350: 0.828344
56351: 0.828347
56352: 0.828332
56353: 0.828317
56354: 0.828303
56355: 0.828288
56356: 0.828291
56357: 0.828294
56358: 0.828297
56359: 0.8283
56360: 0.828303
56361: 0.828306
56362: 0.828309
56363: 0.828312
56364: 0.828315
56365: 0.828318
56366: 0.828304
56367: 0.828289
56368: 0.828274
56369: 0.82826
56370: 0.828263
56371: 0.828266
56372: 0.828269
56373: 0.828272
56374: 0.828275
56375: 0.828278
56376: 0.828281
56377: 0.828284
56378: 0.828287
56379: 0.82829
56380: 0.828293
56381: 0.828296
56382: 0.828299
56383: 0.828302
56384: 0.828305
56385: 0.828291
56386: 0.828294
56387: 0.828297
56388: 0.8283
56389: 0.828303
56390: 0.828288
56391: 0.828274
56392: 0.828259
56393: 0.828262
56394: 0.828265
56395: 0.828268
56396: 0.828271
56397: 0.828274
56398: 0.828259
56399: 0.828245
56400: 0.828248
56401: 0.828251
56402: 0.828254
56403: 0.828239
56404: 0.828242
56405: 0.828227
56406: 0.828213
56407: 0.828216
56408: 0.828219
56409: 0.828222
56410: 0.828207
56411: 0.828193
56412: 0.828196
56413: 0.828199
56414: 0.828184
56415: 0.828169
56416: 0.828172
56417: 0.828175
56418: 0.828178
56419: 0.828164
56420: 0.828167
56421: 0.828152
56422: 0.828155
56423: 0.828158
56424: 0.828161
56425: 0.828164
56426: 0.82815
56427: 0.828135
56428: 0.82812
56429: 0.828123
56430: 0.828126
56431: 0.828129
56432: 0.828132
56433: 0.828118
56434: 0.828103
56435: 0.828106
56436: 0.828109
56437: 0.828112
56438: 0.828115
56439: 0.828118
56440: 0.828121
56441: 0.828124
56442: 0.828127
56443: 0.828113
56444: 0.828098
56445: 0.828083
56446: 0.828087
56447: 0.82809
56448: 0.828093
56449: 0.828096
56450: 0.828099
56451: 0.828102
56452: 0.828105
56453: 0.828108
56454: 0.828111
56455: 0.828096
56456: 0.828082
56457: 0.828067
56458: 0.828052
56459: 0.828055
56460: 0.828058
56461: 0.828061
56462: 0.828064
56463: 0.82805
56464: 0.828035
56465: 0.828038
56466: 0.828041
56467: 0.828044
56468: 0.828047
56469: 0.828033
56470: 0.828018
56471: 0.828021
56472: 0.828024
56473: 0.828027
56474: 0.82803
56475: 0.828033
56476: 0.828036
56477: 0.828039
56478: 0.828042
56479: 0.828045
56480: 0.828048
56481: 0.828051
56482: 0.828037
56483: 0.828022
56484: 0.828007
56485: 0.82801
56486: 0.828014
56487: 0.828017
56488: 0.82802
56489: 0.828023
56490: 0.828026
56491: 0.828029
56492: 0.828032
56493: 0.828017
56494: 0.82802
56495: 0.828006
56496: 0.827991
56497: 0.827976
56498: 0.827979
56499: 0.827982
56500: 0.827985
56501: 0.827988
56502: 0.827991
56503: 0.827994
56504: 0.82798
56505: 0.827983
56506: 0.827986
56507: 0.827989
56508: 0.827992
56509: 0.827995
56510: 0.827998
56511: 0.828001
56512: 0.828004
56513: 0.828007
56514: 0.82801
56515: 0.828013
56516: 0.828016
56517: 0.828019
56518: 0.828022
56519: 0.828025
56520: 0.828029
56521: 0.828032
56522: 0.828035
56523: 0.828038
56524: 0.828041
56525: 0.828044
56526: 0.828047
56527: 0.828032
56528: 0.828035
56529: 0.828038
56530: 0.828041
56531: 0.828044
56532: 0.828047
56533: 0.82805
56534: 0.828053
56535: 0.828056
56536: 0.82806
56537: 0.828063
56538: 0.828048
56539: 0.828051
56540: 0.828054
56541: 0.828057
56542: 0.82806
56543: 0.828063
56544: 0.828066
56545: 0.828069
56546: 0.828072
56547: 0.828075
56548: 0.828078
56549: 0.828081
56550: 0.828084
56551: 0.828087
56552: 0.82809
56553: 0.828094
56554: 0.828097
56555: 0.8281
56556: 0.828103
56557: 0.828106
56558: 0.828109
56559: 0.828112
56560: 0.828115
56561: 0.828118
56562: 0.828121
56563: 0.828124
56564: 0.828127
56565: 0.82813
56566: 0.828115
56567: 0.828118
56568: 0.828104
56569: 0.828089
56570: 0.828092
56571: 0.828095
56572: 0.828098
56573: 0.828101
56574: 0.828104
56575: 0.82809
56576: 0.828093
56577: 0.828096
56578: 0.828099
56579: 0.828102
56580: 0.828105
56581: 0.828108
56582: 0.828111
56583: 0.828114
56584: 0.828117
56585: 0.82812
56586: 0.828123
56587: 0.828126
56588: 0.828129
56589: 0.828115
56590: 0.8281
56591: 0.828103
56592: 0.828106
56593: 0.828109
56594: 0.828112
56595: 0.828115
56596: 0.828118
56597: 0.828121
56598: 0.828124
56599: 0.828127
56600: 0.828113
56601: 0.828098
56602: 0.828101
56603: 0.828104
56604: 0.828107
56605: 0.82811
56606: 0.828113
56607: 0.828116
56608: 0.828119
56609: 0.828122
56610: 0.828125
56611: 0.828128
56612: 0.828131
56613: 0.828134
56614: 0.828137
56615: 0.82814
56616: 0.828126
56617: 0.828129
56618: 0.828114
56619: 0.828117
56620: 0.82812
56621: 0.828123
56622: 0.828126
56623: 0.828129
56624: 0.828132
56625: 0.828135
56626: 0.828139
56627: 0.828142
56628: 0.828145
56629: 0.828148
56630: 0.828151
56631: 0.828154
56632: 0.828157
56633: 0.82816
56634: 0.828163
56635: 0.828166
56636: 0.828169
56637: 0.828172
56638: 0.828175
56639: 0.828178
56640: 0.828181
56641: 0.828184
56642: 0.828187
56643: 0.82819
56644: 0.828193
56645: 0.828196
56646: 0.828182
56647: 0.828185
56648: 0.828188
56649: 0.828191
56650: 0.828194
56651: 0.828197
56652: 0.8282
56653: 0.828203
56654: 0.828206
56655: 0.828209
56656: 0.828212
56657: 0.828215
56658: 0.828218
56659: 0.828221
56660: 0.828224
56661: 0.828227
56662: 0.82823
56663: 0.828233
56664: 0.828236
56665: 0.828239
56666: 0.828242
56667: 0.828245
56668: 0.828248
56669: 0.828251
56670: 0.828254
56671: 0.828257
56672: 0.82826
56673: 0.828263
56674: 0.828249
56675: 0.828234
56676: 0.828237
56677: 0.82824
56678: 0.828243
56679: 0.828229
56680: 0.828232
56681: 0.828235
56682: 0.828238
56683: 0.828241
56684: 0.828244
56685: 0.828247
56686: 0.82825
56687: 0.828235
56688: 0.828221
56689: 0.828224
56690: 0.828209
56691: 0.828212
56692: 0.828215
56693: 0.828218
56694: 0.828221
56695: 0.828224
56696: 0.828227
56697: 0.82823
56698: 0.828233
56699: 0.828236
56700: 0.828222
56701: 0.828225
56702: 0.828228
56703: 0.828231
56704: 0.828234
56705: 0.828237
56706: 0.828222
56707: 0.828225
56708: 0.828228
56709: 0.828231
56710: 0.828234
56711: 0.828237
56712: 0.82824
56713: 0.828243
56714: 0.828246
56715: 0.82825
56716: 0.828253
56717: 0.828256
56718: 0.828259
56719: 0.828262
56720: 0.828265
56721: 0.828268
56722: 0.828271
56723: 0.828274
56724: 0.828277
56725: 0.82828
56726: 0.828283
56727: 0.828286
56728: 0.828289
56729: 0.828292
56730: 0.828295
56731: 0.828298
56732: 0.828301
56733: 0.828304
56734: 0.828307
56735: 0.82831
56736: 0.828313
56737: 0.828316
56738: 0.828319
56739: 0.828322
56740: 0.828325
56741: 0.828328
56742: 0.828331
56743: 0.828334
56744: 0.828337
56745: 0.82834
56746: 0.828343
56747: 0.828346
56748: 0.828349
56749: 0.828352
56750: 0.828355
56751: 0.828358
56752: 0.828361
56753: 0.828365
56754: 0.828368
56755: 0.828371
56756: 0.828374
56757: 0.828377
56758: 0.82838
56759: 0.828383
56760: 0.828386
56761: 0.828389
56762: 0.828392
56763: 0.828395
56764: 0.82838
56765: 0.828366
56766: 0.828351
56767: 0.828354
56768: 0.828357
56769: 0.82836
56770: 0.828363
56771: 0.828366
56772: 0.828369
56773: 0.828372
56774: 0.828375
56775: 0.828378
56776: 0.828381
56777: 0.828384
56778: 0.828387
56779: 0.828373
56780: 0.828376
56781: 0.828379
56782: 0.828382
56783: 0.828367
56784: 0.828353
56785: 0.828338
56786: 0.828341
56787: 0.828344
56788: 0.828347
56789: 0.82835
56790: 0.828353
56791: 0.828356
56792: 0.828359
56793: 0.828362
56794: 0.828365
56795: 0.828368
56796: 0.828371
56797: 0.828374
56798: 0.828377
56799: 0.82838
56800: 0.828383
56801: 0.828386
56802: 0.828389
56803: 0.828392
56804: 0.828395
56805: 0.828398
56806: 0.828401
56807: 0.828404
56808: 0.828407
56809: 0.82841
56810: 0.828414
56811: 0.828417
56812: 0.828402
56813: 0.828387
56814: 0.828373
56815: 0.828358
56816: 0.828361
56817: 0.828364
56818: 0.828367
56819: 0.82837
56820: 0.828356
56821: 0.828341
56822: 0.828344
56823: 0.82833
56824: 0.828315
56825: 0.8283
56826: 0.828303
56827: 0.828306
56828: 0.828309
56829: 0.828313
56830: 0.828316
56831: 0.828301
56832: 0.828304
56833: 0.828289
56834: 0.828275
56835: 0.828278
56836: 0.828281
56837: 0.828284
56838: 0.828287
56839: 0.82829
56840: 0.828293
56841: 0.828296
56842: 0.828299
56843: 0.828302
56844: 0.828305
56845: 0.82829
56846: 0.828276
56847: 0.828279
56848: 0.828264
56849: 0.82825
56850: 0.828235
56851: 0.828221
56852: 0.828206
56853: 0.828209
56854: 0.828195
56855: 0.828198
56856: 0.828201
56857: 0.828204
56858: 0.828207
56859: 0.82821
56860: 0.828195
56861: 0.828181
56862: 0.828166
56863: 0.828169
56864: 0.828172
56865: 0.828175
56866: 0.828178
56867: 0.828181
56868: 0.828184
56869: 0.828187
56870: 0.82819
56871: 0.828176
56872: 0.828179
56873: 0.828182
56874: 0.828185
56875: 0.828188
56876: 0.828191
56877: 0.828194
56878: 0.828197
56879: 0.8282
56880: 0.828203
56881: 0.828206
56882: 0.828191
56883: 0.828194
56884: 0.828197
56885: 0.8282
56886: 0.828203
56887: 0.828206
56888: 0.828209
56889: 0.828195
56890: 0.82818
56891: 0.828166
56892: 0.828169
56893: 0.828172
56894: 0.828175
56895: 0.828178
56896: 0.828181
56897: 0.828184
56898: 0.828169
56899: 0.828155
56900: 0.828158
56901: 0.828161
56902: 0.828164
56903: 0.828167
56904: 0.82817
56905: 0.828173
56906: 0.828158
56907: 0.828144
56908: 0.828147
56909: 0.82815
56910: 0.828153
56911: 0.828156
56912: 0.828141
56913: 0.828144
56914: 0.828147
56915: 0.82815
56916: 0.828153
56917: 0.828156
56918: 0.828159
56919: 0.828162
56920: 0.828165
56921: 0.828168
56922: 0.828171
56923: 0.828174
56924: 0.828177
56925: 0.82818
56926: 0.828183
56927: 0.828186
56928: 0.828189
56929: 0.828193
56930: 0.828196
56931: 0.828199
56932: 0.828202
56933: 0.828205
56934: 0.828208
56935: 0.828211
56936: 0.828214
56937: 0.828217
56938: 0.82822
56939: 0.828223
56940: 0.828226
56941: 0.828229
56942: 0.828232
56943: 0.828235
56944: 0.828238
56945: 0.828241
56946: 0.828244
56947: 0.828229
56948: 0.828215
56949: 0.828218
56950: 0.828221
56951: 0.828206
56952: 0.828192
56953: 0.828195
56954: 0.828198
56955: 0.828201
56956: 0.828204
56957: 0.828207
56958: 0.82821
56959: 0.828213
56960: 0.828198
56961: 0.828201
56962: 0.828204
56963: 0.82819
56964: 0.828193
56965: 0.828196
56966: 0.828199
56967: 0.828202
56968: 0.828187
56969: 0.82819
56970: 0.828193
56971: 0.828196
56972: 0.828182
56973: 0.828167
56974: 0.828153
56975: 0.828156
56976: 0.828159
56977: 0.828144
56978: 0.828147
56979: 0.82815
56980: 0.828153
56981: 0.828156
56982: 0.828159
56983: 0.828162
56984: 0.828165
56985: 0.828168
56986: 0.828171
56987: 0.828157
56988: 0.82816
56989: 0.828163
56990: 0.828148
56991: 0.828134
56992: 0.828137
56993: 0.82814
56994: 0.828125
56995: 0.828111
56996: 0.828096
56997: 0.828099
56998: 0.828102
56999: 0.828105
57000: 0.828108
57001: 0.828111
57002: 0.828114
57003: 0.828117
57004: 0.82812
57005: 0.828123
57006: 0.828126
57007: 0.828129
57008: 0.828132
57009: 0.828135
57010: 0.828138
57011: 0.828124
57012: 0.828127
57013: 0.82813
57014: 0.828133
57015: 0.828136
57016: 0.828139
57017: 0.828142
57018: 0.828127
57019: 0.82813
57020: 0.828133
57021: 0.828119
57022: 0.828122
57023: 0.828125
57024: 0.82811
57025: 0.828096
57026: 0.828081
57027: 0.828084
57028: 0.828087
57029: 0.828073
57030: 0.828076
57031: 0.828079
57032: 0.828082
57033: 0.828067
57034: 0.82807
57035: 0.828073
57036: 0.828059
57037: 0.828062
57038: 0.828065
57039: 0.828068
57040: 0.828071
57041: 0.828074
57042: 0.828077
57043: 0.82808
57044: 0.828083
57045: 0.828086
57046: 0.828089
57047: 0.828092
57048: 0.828095
57049: 0.828098
57050: 0.828101
57051: 0.828104
57052: 0.828107
57053: 0.82811
57054: 0.828113
57055: 0.828116
57056: 0.828119
57057: 0.828122
57058: 0.828125
57059: 0.828128
57060: 0.828131
57061: 0.828117
57062: 0.828102
57063: 0.828105
57064: 0.828108
57065: 0.828111
57066: 0.828114
57067: 0.8281
57068: 0.828085
57069: 0.828088
57070: 0.828091
57071: 0.828094
57072: 0.82808
57073: 0.828065
57074: 0.828068
57075: 0.828071
57076: 0.828074
57077: 0.828077
57078: 0.828063
57079: 0.828066
57080: 0.828069
57081: 0.828072
57082: 0.828075
57083: 0.828078
57084: 0.828081
57085: 0.828084
57086: 0.828087
57087: 0.82809
57088: 0.828093
57089: 0.828096
57090: 0.828099
57091: 0.828102
57092: 0.828105
57093: 0.828108
57094: 0.828111
57095: 0.828114
57096: 0.828117
57097: 0.828103
57098: 0.828088
57099: 0.828074
57100: 0.828077
57101: 0.828062
57102: 0.828048
57103: 0.828033
57104: 0.828036
57105: 0.828039
57106: 0.828042
57107: 0.828045
57108: 0.828048
57109: 0.828051
57110: 0.828037
57111: 0.828022
57112: 0.828008
57113: 0.828011
57114: 0.828014
57115: 0.828017
57116: 0.82802
57117: 0.828023
57118: 0.828026
57119: 0.828029
57120: 0.828032
57121: 0.828035
57122: 0.82802
57123: 0.828006
57124: 0.827991
57125: 0.827977
57126: 0.82798
57127: 0.827983
57128: 0.827986
57129: 0.827989
57130: 0.827992
57131: 0.827995
57132: 0.827998
57133: 0.828001
57134: 0.827986
57135: 0.827989
57136: 0.827992
57137: 0.827978
57138: 0.827981
57139: 0.827984
57140: 0.827987
57141: 0.82799
57142: 0.827993
57143: 0.827996
57144: 0.827999
57145: 0.828002
57146: 0.828005
57147: 0.828008
57148: 0.828011
57149: 0.828014
57150: 0.828017
57151: 0.82802
57152: 0.828023
57153: 0.828026
57154: 0.828029
57155: 0.828032
57156: 0.828035
57157: 0.828038
57158: 0.828041
57159: 0.828027
57160: 0.82803
57161: 0.828033
57162: 0.828036
57163: 0.828039
57164: 0.828024
57165: 0.828027
57166: 0.82803
57167: 0.828033
57168: 0.828036
57169: 0.828039
57170: 0.828042
57171: 0.828028
57172: 0.828013
57173: 0.828016
57174: 0.828019
57175: 0.828022
57176: 0.828025
57177: 0.828028
57178: 0.828031
57179: 0.828034
57180: 0.828037
57181: 0.828023
57182: 0.828008
57183: 0.827994
57184: 0.827997
57185: 0.828
57186: 0.828003
57187: 0.828006
57188: 0.828009
57189: 0.828012
57190: 0.828015
57191: 0.828018
57192: 0.828021
57193: 0.828024
57194: 0.828027
57195: 0.82803
57196: 0.828033
57197: 0.828036
57198: 0.828039
57199: 0.828042
57200: 0.828045
57201: 0.828048
57202: 0.828051
57203: 0.828054
57204: 0.828057
57205: 0.82806
57206: 0.828063
57207: 0.828066
57208: 0.828069
57209: 0.828055
57210: 0.82804
57211: 0.828043
57212: 0.828046
57213: 0.828049
57214: 0.828052
57215: 0.828055
57216: 0.828058
57217: 0.828061
57218: 0.828064
57219: 0.828067
57220: 0.82807
57221: 0.828073
57222: 0.828076
57223: 0.828062
57224: 0.828065
57225: 0.828068
57226: 0.828071
57227: 0.828074
57228: 0.828077
57229: 0.82808
57230: 0.828083
57231: 0.828068
57232: 0.828071
57233: 0.828074
57234: 0.82806
57235: 0.828045
57236: 0.828031
57237: 0.828034
57238: 0.828037
57239: 0.82804
57240: 0.828043
57241: 0.828046
57242: 0.828049
57243: 0.828052
57244: 0.828055
57245: 0.828058
57246: 0.828061
57247: 0.828064
57248: 0.828067
57249: 0.82807
57250: 0.828073
57251: 0.828058
57252: 0.828061
57253: 0.828064
57254: 0.828067
57255: 0.82807
57256: 0.828056
57257: 0.828059
57258: 0.828062
57259: 0.828065
57260: 0.828068
57261: 0.828071
57262: 0.828074
57263: 0.828077
57264: 0.82808
57265: 0.828066
57266: 0.828051
57267: 0.828054
57268: 0.828057
57269: 0.82806
57270: 0.828063
57271: 0.828066
57272: 0.828069
57273: 0.828072
57274: 0.828058
57275: 0.828061
57276: 0.828064
57277: 0.828067
57278: 0.82807
57279: 0.828073
57280: 0.828076
57281: 0.828079
57282: 0.828082
57283: 0.828067
57284: 0.82807
57285: 0.828073
57286: 0.828076
57287: 0.828079
57288: 0.828082
57289: 0.828085
57290: 0.828088
57291: 0.828091
57292: 0.828094
57293: 0.828097
57294: 0.8281
57295: 0.828103
57296: 0.828089
57297: 0.828092
57298: 0.828095
57299: 0.828098
57300: 0.828101
57301: 0.828104
57302: 0.828107
57303: 0.82811
57304: 0.828095
57305: 0.828098
57306: 0.828101
57307: 0.828104
57308: 0.828107
57309: 0.82811
57310: 0.828113
57311: 0.828116
57312: 0.828119
57313: 0.828122
57314: 0.828108
57315: 0.828093
57316: 0.828079
57317: 0.828082
57318: 0.828085
57319: 0.828088
57320: 0.828091
57321: 0.828094
57322: 0.828097
57323: 0.8281
57324: 0.828103
57325: 0.828106
57326: 0.828091
57327: 0.828077
57328: 0.828063
57329: 0.828066
57330: 0.828069
57331: 0.828072
57332: 0.828075
57333: 0.82806
57334: 0.828046
57335: 0.828049
57336: 0.828052
57337: 0.828055
57338: 0.828058
57339: 0.828061
57340: 0.828064
57341: 0.828067
57342: 0.82807
57343: 0.828073
57344: 0.828058
57345: 0.828044
57346: 0.828029
57347: 0.828032
57348: 0.828035
57349: 0.828038
57350: 0.828041
57351: 0.828044
57352: 0.828047
57353: 0.82805
57354: 0.828036
57355: 0.828021
57356: 0.828024
57357: 0.828027
57358: 0.82803
57359: 0.828033
57360: 0.828036
57361: 0.828039
57362: 0.828042
57363: 0.828028
57364: 0.828014
57365: 0.828017
57366: 0.82802
57367: 0.828023
57368: 0.828026
57369: 0.828029
57370: 0.828032
57371: 0.828035
57372: 0.828038
57373: 0.828041
57374: 0.828044
57375: 0.828047
57376: 0.82805
57377: 0.828053
57378: 0.828038
57379: 0.828041
57380: 0.828044
57381: 0.828047
57382: 0.82805
57383: 0.828053
57384: 0.828056
57385: 0.828059
57386: 0.828062
57387: 0.828065
57388: 0.828068
57389: 0.828071
57390: 0.828074
57391: 0.828077
57392: 0.82808
57393: 0.828083
57394: 0.828086
57395: 0.828089
57396: 0.828092
57397: 0.828095
57398: 0.828098
57399: 0.828101
57400: 0.828104
57401: 0.828107
57402: 0.82811
57403: 0.828096
57404: 0.828099
57405: 0.828102
57406: 0.828105
57407: 0.828108
57408: 0.828111
57409: 0.828114
57410: 0.828099
57411: 0.828085
57412: 0.828088
57413: 0.828091
57414: 0.828076
57415: 0.828079
57416: 0.828065
57417: 0.82805
57418: 0.828036
57419: 0.828022
57420: 0.828025
57421: 0.828028
57422: 0.828031
57423: 0.828034
57424: 0.828037
57425: 0.82804
57426: 0.828043
57427: 0.828046
57428: 0.828031
57429: 0.828017
57430: 0.828002
57431: 0.827988
57432: 0.827973
57433: 0.827976
57434: 0.827979
57435: 0.827982
57436: 0.827985
57437: 0.827988
57438: 0.827991
57439: 0.827994
57440: 0.827997
57441: 0.827983
57442: 0.827986
57443: 0.827989
57444: 0.827992
57445: 0.827995
57446: 0.827998
57447: 0.828001
57448: 0.828004
57449: 0.828007
57450: 0.82801
57451: 0.828013
57452: 0.828016
57453: 0.828019
57454: 0.828022
57455: 0.828025
57456: 0.828028
57457: 0.828014
57458: 0.828016
57459: 0.828019
57460: 0.828022
57461: 0.828025
57462: 0.828028
57463: 0.828031
57464: 0.828034
57465: 0.828037
57466: 0.828023
57467: 0.828009
57468: 0.828012
57469: 0.828015
57470: 0.828018
57471: 0.828021
57472: 0.828024
57473: 0.828027
57474: 0.82803
57475: 0.828033
57476: 0.828036
57477: 0.828039
57478: 0.828042
57479: 0.828045
57480: 0.828048
57481: 0.828051
57482: 0.828054
57483: 0.828057
57484: 0.828059
57485: 0.828062
57486: 0.828048
57487: 0.828034
57488: 0.828019
57489: 0.828022
57490: 0.828025
57491: 0.828028
57492: 0.828031
57493: 0.828034
57494: 0.828037
57495: 0.82804
57496: 0.828043
57497: 0.828046
57498: 0.828049
57499: 0.828052
57500: 0.828055
57501: 0.828058
57502: 0.828061
57503: 0.828064
57504: 0.828067
57505: 0.82807
57506: 0.828073
57507: 0.828076
57508: 0.828079
57509: 0.828082
57510: 0.828085
57511: 0.828088
57512: 0.828091
57513: 0.828094
57514: 0.828097
57515: 0.8281
57516: 0.828103
57517: 0.828106
57518: 0.828092
57519: 0.828095
57520: 0.828098
57521: 0.828101
57522: 0.828086
57523: 0.828089
57524: 0.828092
57525: 0.828095
57526: 0.828098
57527: 0.828101
57528: 0.828104
57529: 0.828107
57530: 0.82811
57531: 0.828113
57532: 0.828116
57533: 0.828119
57534: 0.828122
57535: 0.828125
57536: 0.828128
57537: 0.828131
57538: 0.828134
57539: 0.828137
57540: 0.82814
57541: 0.828143
57542: 0.828129
57543: 0.828114
57544: 0.8281
57545: 0.828085
57546: 0.828088
57547: 0.828091
57548: 0.828077
57549: 0.828063
57550: 0.828048
57551: 0.828051
57552: 0.828054
57553: 0.82804
57554: 0.828043
57555: 0.828046
57556: 0.828049
57557: 0.828052
57558: 0.828055
57559: 0.82804
57560: 0.828026
57561: 0.828029
57562: 0.828032
57563: 0.828035
57564: 0.82802
57565: 0.828023
57566: 0.828026
57567: 0.828029
57568: 0.828032
57569: 0.828035
57570: 0.828038
57571: 0.828041
57572: 0.828044
57573: 0.82803
57574: 0.828033
57575: 0.828036
57576: 0.828039
57577: 0.828042
57578: 0.828028
57579: 0.828013
57580: 0.827999
57581: 0.828002
57582: 0.828005
57583: 0.82799
57584: 0.827993
57585: 0.827996
57586: 0.827999
57587: 0.827985
57588: 0.827988
57589: 0.827991
57590: 0.827994
57591: 0.827997
57592: 0.828
57593: 0.828003
57594: 0.828006
57595: 0.828009
57596: 0.828012
57597: 0.828015
57598: 0.828
57599: 0.828003
57600: 0.828006
57601: 0.828009
57602: 0.827995
57603: 0.827998
57604: 0.828001
57605: 0.828004
57606: 0.828007
57607: 0.82801
57608: 0.827996
57609: 0.827999
57610: 0.828002
57611: 0.828005
57612: 0.828008
57613: 0.828011
57614: 0.828014
57615: 0.828017
57616: 0.82802
57617: 0.828022
57618: 0.828025
57619: 0.828028
57620: 0.828031
57621: 0.828034
57622: 0.828037
57623: 0.82804
57624: 0.828043
57625: 0.828046
57626: 0.828049
57627: 0.828052
57628: 0.828055
57629: 0.828058
57630: 0.828044
57631: 0.828047
57632: 0.82805
57633: 0.828053
57634: 0.828056
57635: 0.828059
57636: 0.828062
57637: 0.828065
57638: 0.828068
57639: 0.828071
57640: 0.828056
57641: 0.828042
57642: 0.828045
57643: 0.828048
57644: 0.828051
57645: 0.828054
57646: 0.828057
57647: 0.82806
57648: 0.828063
57649: 0.828066
57650: 0.828069
57651: 0.828055
57652: 0.82804
57653: 0.828043
57654: 0.828046
57655: 0.828032
57656: 0.828017
57657: 0.82802
57658: 0.828023
57659: 0.828026
57660: 0.828029
57661: 0.828032
57662: 0.828035
57663: 0.828021
57664: 0.828007
57665: 0.827992
57666: 0.827978
57667: 0.827964
57668: 0.827966
57669: 0.827969
57670: 0.827972
57671: 0.827975
57672: 0.827978
57673: 0.827981
57674: 0.827984
57675: 0.827987
57676: 0.827973
57677: 0.827959
57678: 0.827944
57679: 0.827947
57680: 0.82795
57681: 0.827936
57682: 0.827939
57683: 0.827942
57684: 0.827928
57685: 0.827931
57686: 0.827934
57687: 0.827936
57688: 0.827939
57689: 0.827942
57690: 0.827945
57691: 0.827931
57692: 0.827917
57693: 0.82792
57694: 0.827923
57695: 0.827926
57696: 0.827929
57697: 0.827932
57698: 0.827935
57699: 0.82792
57700: 0.827906
57701: 0.827892
57702: 0.827895
57703: 0.827898
57704: 0.827883
57705: 0.827886
57706: 0.827889
57707: 0.827892
57708: 0.827878
57709: 0.827881
57710: 0.827884
57711: 0.827887
57712: 0.82789
57713: 0.827893
57714: 0.827896
57715: 0.827899
57716: 0.827902
57717: 0.827905
57718: 0.827908
57719: 0.827911
57720: 0.827914
57721: 0.827917
57722: 0.82792
57723: 0.827923
57724: 0.827926
57725: 0.827928
57726: 0.827931
57727: 0.827934
57728: 0.827937
57729: 0.82794
57730: 0.827943
57731: 0.827929
57732: 0.827915
57733: 0.8279
57734: 0.827903
57735: 0.827906
57736: 0.827909
57737: 0.827895
57738: 0.827898
57739: 0.827884
57740: 0.827887
57741: 0.82789
57742: 0.827893
57743: 0.827896
57744: 0.827899
57745: 0.827901
57746: 0.827904
57747: 0.827907
57748: 0.82791
57749: 0.827913
57750: 0.827916
57751: 0.827919
57752: 0.827922
57753: 0.827925
57754: 0.827928
57755: 0.827931
57756: 0.827917
57757: 0.827903
57758: 0.827888
57759: 0.827891
57760: 0.827894
57761: 0.827897
57762: 0.8279
57763: 0.827903
57764: 0.827889
57765: 0.827892
57766: 0.827895
57767: 0.827898
57768: 0.827901
57769: 0.827904
57770: 0.827907
57771: 0.82791
57772: 0.827913
57773: 0.827916
57774: 0.827919
57775: 0.827922
57776: 0.827925
57777: 0.827928
57778: 0.827931
57779: 0.827934
57780: 0.827937
57781: 0.827939
57782: 0.827942
57783: 0.827945
57784: 0.827948
57785: 0.827951
57786: 0.827954
57787: 0.827957
57788: 0.827943
57789: 0.827929
57790: 0.827932
57791: 0.827935
57792: 0.827938
57793: 0.827923
57794: 0.827909
57795: 0.827912
57796: 0.827915
57797: 0.827901
57798: 0.827886
57799: 0.827889
57800: 0.827892
57801: 0.827895
57802: 0.827898
57803: 0.827901
57804: 0.827904
57805: 0.827907
57806: 0.827893
57807: 0.827896
57808: 0.827899
57809: 0.827902
57810: 0.827905
57811: 0.827908
57812: 0.827911
57813: 0.827914
57814: 0.827917
57815: 0.82792
57816: 0.827923
57817: 0.827926
57818: 0.827929
57819: 0.827932
57820: 0.827934
57821: 0.827937
57822: 0.82794
57823: 0.827943
57824: 0.827946
57825: 0.827932
57826: 0.827918
57827: 0.827921
57828: 0.827924
57829: 0.827927
57830: 0.82793
57831: 0.827915
57832: 0.827901
57833: 0.827887
57834: 0.82789
57835: 0.827875
57836: 0.827878
57837: 0.827881
57838: 0.827884
57839: 0.827887
57840: 0.82789
57841: 0.827876
57842: 0.827879
57843: 0.827882
57844: 0.827885
57845: 0.827888
57846: 0.827891
57847: 0.827894
57848: 0.827897
57849: 0.8279
57850: 0.827903
57851: 0.827906
57852: 0.827891
57853: 0.827894
57854: 0.827897
57855: 0.8279
57856: 0.827903
57857: 0.827906
57858: 0.827892
57859: 0.827878
57860: 0.827881
57861: 0.827884
57862: 0.827887
57863: 0.827872
57864: 0.827875
57865: 0.827861
57866: 0.827847
57867: 0.82785
57868: 0.827853
57869: 0.827856
57870: 0.827859
57871: 0.827861
57872: 0.827864
57873: 0.827867
57874: 0.82787
57875: 0.827873
57876: 0.827876
57877: 0.827879
57878: 0.827882
57879: 0.827885
57880: 0.827888
57881: 0.827891
57882: 0.827894
57883: 0.82788
57884: 0.827866
57885: 0.827851
57886: 0.827854
57887: 0.827857
57888: 0.82786
57889: 0.827863
57890: 0.827866
57891: 0.827869
57892: 0.827872
57893: 0.827875
57894: 0.827878
57895: 0.827881
57896: 0.827867
57897: 0.82787
57898: 0.827873
57899: 0.827876
57900: 0.827879
57901: 0.827864
57902: 0.82785
57903: 0.827836
57904: 0.827821
57905: 0.827824
57906: 0.827827
57907: 0.82783
57908: 0.827833
57909: 0.827836
57910: 0.827839
57911: 0.827825
57912: 0.827811
57913: 0.827814
57914: 0.827817
57915: 0.82782
57916: 0.827823
57917: 0.827826
57918: 0.827829
57919: 0.827831
57920: 0.827834
57921: 0.827837
57922: 0.82784
57923: 0.827843
57924: 0.827846
57925: 0.827849
57926: 0.827852
57927: 0.827855
57928: 0.827858
57929: 0.827861
57930: 0.827847
57931: 0.827833
57932: 0.827836
57933: 0.827821
57934: 0.827824
57935: 0.82781
57936: 0.827813
57937: 0.827816
57938: 0.827819
57939: 0.827822
57940: 0.827825
57941: 0.827828
57942: 0.827831
57943: 0.827834
57944: 0.827837
57945: 0.82784
57946: 0.827843
57947: 0.827846
57948: 0.827849
57949: 0.827852
57950: 0.827855
57951: 0.827858
57952: 0.827861
57953: 0.827863
57954: 0.827866
57955: 0.827869
57956: 0.827872
57957: 0.827875
57958: 0.827878
57959: 0.827881
57960: 0.827884
57961: 0.827887
57962: 0.82789
57963: 0.827893
57964: 0.827896
57965: 0.827882
57966: 0.827885
57967: 0.827888
57968: 0.827874
57969: 0.827876
57970: 0.827862
57971: 0.827865
57972: 0.827868
57973: 0.827854
57974: 0.827857
57975: 0.82786
57976: 0.827863
57977: 0.827866
57978: 0.827869
57979: 0.827872
57980: 0.827875
57981: 0.827878
57982: 0.827881
57983: 0.827884
57984: 0.827887
57985: 0.827872
57986: 0.827858
57987: 0.827844
57988: 0.827847
57989: 0.82785
57990: 0.827853
57991: 0.827856
57992: 0.827841
57993: 0.827844
57994: 0.827847
57995: 0.82785
57996: 0.827853
57997: 0.827856
57998: 0.827859
57999: 0.827862
58000: 0.827865
58001: 0.827868
58002: 0.827871
58003: 0.827874
58004: 0.827877
58005: 0.82788
58006: 0.827883
58007: 0.827886
58008: 0.827889
58009: 0.827892
58010: 0.827895
58011: 0.827898
58012: 0.827901
58013: 0.827904
58014: 0.827907
58015: 0.82791
58016: 0.827895
58017: 0.827898
58018: 0.827901
58019: 0.827904
58020: 0.827907
58021: 0.82791
58022: 0.827896
58023: 0.827899
58024: 0.827902
58025: 0.827905
58026: 0.827908
58027: 0.827911
58028: 0.827914
58029: 0.827917
58030: 0.827902
58031: 0.827905
58032: 0.827891
58033: 0.827877
58034: 0.82788
58035: 0.827883
58036: 0.827886
58037: 0.827889
58038: 0.827892
58039: 0.827895
58040: 0.827898
58041: 0.8279
58042: 0.827903
58043: 0.827906
58044: 0.827909
58045: 0.827895
58046: 0.827881
58047: 0.827884
58048: 0.827887
58049: 0.82789
58050: 0.827893
58051: 0.827896
58052: 0.827899
58053: 0.827902
58054: 0.827887
58055: 0.82789
58056: 0.827876
58057: 0.827879
58058: 0.827865
58059: 0.827868
58060: 0.827871
58061: 0.827874
58062: 0.827877
58063: 0.82788
58064: 0.827883
58065: 0.827868
58066: 0.827854
58067: 0.82784
58068: 0.827826
58069: 0.827811
58070: 0.827797
58071: 0.827783
58072: 0.827786
58073: 0.827789
58074: 0.827792
58075: 0.827795
58076: 0.827798
58077: 0.827801
58078: 0.827804
58079: 0.827806
58080: 0.827809
58081: 0.827812
58082: 0.827815
58083: 0.827818
58084: 0.827821
58085: 0.827824
58086: 0.82781
58087: 0.827813
58088: 0.827816
58089: 0.827819
58090: 0.827822
58091: 0.827808
58092: 0.827811
58093: 0.827814
58094: 0.827817
58095: 0.827819
58096: 0.827822
58097: 0.827825
58098: 0.827828
58099: 0.827831
58100: 0.827834
58101: 0.827837
58102: 0.82784
58103: 0.827843
58104: 0.827846
58105: 0.827849
58106: 0.827852
58107: 0.827855
58108: 0.827858
58109: 0.827844
58110: 0.827829
58111: 0.827832
58112: 0.827835
58113: 0.827838
58114: 0.827841
58115: 0.827827
58116: 0.82783
58117: 0.827833
58118: 0.827836
58119: 0.827839
58120: 0.827842
58121: 0.827828
58122: 0.827831
58123: 0.827816
58124: 0.827819
58125: 0.827822
58126: 0.827825
58127: 0.827828
58128: 0.827831
58129: 0.827834
58130: 0.827837
58131: 0.827823
58132: 0.827809
58133: 0.827794
58134: 0.827797
58135: 0.8278
58136: 0.827803
58137: 0.827806
58138: 0.827809
58139: 0.827812
58140: 0.827815
58141: 0.827818
58142: 0.827821
58143: 0.827824
58144: 0.827827
58145: 0.82783
58146: 0.827833
58147: 0.827836
58148: 0.827839
58149: 0.827842
58150: 0.827845
58151: 0.827831
58152: 0.827833
58153: 0.827836
58154: 0.827839
58155: 0.827842
58156: 0.827845
58157: 0.827848
58158: 0.827851
58159: 0.827854
58160: 0.827857
58161: 0.82786
58162: 0.827863
58163: 0.827866
58164: 0.827869
58165: 0.827855
58166: 0.827858
58167: 0.827861
58168: 0.827846
58169: 0.827849
58170: 0.827852
58171: 0.827855
58172: 0.827858
58173: 0.827861
58174: 0.827864
58175: 0.827867
58176: 0.82787
58177: 0.827873
58178: 0.827876
58179: 0.827879
58180: 0.827882
58181: 0.827885
58182: 0.827888
58183: 0.827891
58184: 0.827894
58185: 0.82788
58186: 0.827865
58187: 0.827868
58188: 0.827871
58189: 0.827874
58190: 0.82786
58191: 0.827863
58192: 0.827866
58193: 0.827869
58194: 0.827872
58195: 0.827875
58196: 0.827878
58197: 0.827881
58198: 0.827884
58199: 0.827887
58200: 0.82789
58201: 0.827893
58202: 0.827895
58203: 0.827898
58204: 0.827901
58205: 0.827904
58206: 0.827907
58207: 0.827893
58208: 0.827879
58209: 0.827865
58210: 0.827868
58211: 0.827871
58212: 0.827873
58213: 0.827876
58214: 0.827879
58215: 0.827882
58216: 0.827885
58217: 0.827888
58218: 0.827874
58219: 0.82786
58220: 0.827846
58221: 0.827831
58222: 0.827834
58223: 0.827837
58224: 0.82784
58225: 0.827843
58226: 0.827846
58227: 0.827849
58228: 0.827852
58229: 0.827855
58230: 0.827858
58231: 0.827861
58232: 0.827847
58233: 0.827833
58234: 0.827835
58235: 0.827838
58236: 0.827841
58237: 0.827844
58238: 0.827847
58239: 0.82785
58240: 0.827853
58241: 0.827856
58242: 0.827859
58243: 0.827845
58244: 0.827848
58245: 0.827851
58246: 0.827854
58247: 0.827857
58248: 0.82786
58249: 0.827863
58250: 0.827866
58251: 0.827851
58252: 0.827854
58253: 0.82784
58254: 0.827843
58255: 0.827846
58256: 0.827849
58257: 0.827852
58258: 0.827855
58259: 0.827858
58260: 0.827861
58261: 0.827864
58262: 0.827867
58263: 0.82787
58264: 0.827873
58265: 0.827876
58266: 0.827879
58267: 0.827864
58268: 0.827867
58269: 0.82787
58270: 0.827873
58271: 0.827859
58272: 0.827845
58273: 0.827831
58274: 0.827816
58275: 0.827819
58276: 0.827822
58277: 0.827825
58278: 0.827828
58279: 0.827814
58280: 0.827817
58281: 0.82782
58282: 0.827823
58283: 0.827826
58284: 0.827829
58285: 0.827815
58286: 0.8278
58287: 0.827786
58288: 0.827772
58289: 0.827775
58290: 0.827778
58291: 0.827781
58292: 0.827784
58293: 0.827787
58294: 0.82779
58295: 0.827793
58296: 0.827796
58297: 0.827799
58298: 0.827784
58299: 0.827787
58300: 0.82779
58301: 0.827793
58302: 0.827796
58303: 0.827799
58304: 0.827802
58305: 0.827788
58306: 0.827774
58307: 0.827759
58308: 0.827745
58309: 0.827731
58310: 0.827717
58311: 0.827703
58312: 0.827706
58313: 0.827709
58314: 0.827712
58315: 0.827715
58316: 0.827717
58317: 0.82772
58318: 0.827723
58319: 0.827726
58320: 0.827729
58321: 0.827732
58322: 0.827735
58323: 0.827738
58324: 0.827741
58325: 0.827744
58326: 0.827747
58327: 0.82775
58328: 0.827753
58329: 0.827756
58330: 0.827759
58331: 0.827762
58332: 0.827765
58333: 0.827768
58334: 0.827771
58335: 0.827774
58336: 0.827777
58337: 0.827779
58338: 0.827782
58339: 0.827768
58340: 0.827754
58341: 0.82774
58342: 0.827743
58343: 0.827746
58344: 0.827749
58345: 0.827752
58346: 0.827755
58347: 0.827758
58348: 0.827761
58349: 0.827763
58350: 0.827766
58351: 0.827769
58352: 0.827772
58353: 0.827775
58354: 0.827778
58355: 0.827781
58356: 0.827767
58357: 0.82777
58358: 0.827773
58359: 0.827776
58360: 0.827779
58361: 0.827782
58362: 0.827785
58363: 0.827788
58364: 0.827791
58365: 0.827794
58366: 0.827797
58367: 0.827799
58368: 0.827802
58369: 0.827805
58370: 0.827808
58371: 0.827811
58372: 0.827814
58373: 0.827817
58374: 0.82782
58375: 0.827823
58376: 0.827826
58377: 0.827829
58378: 0.827815
58379: 0.827801
58380: 0.827786
58381: 0.827772
58382: 0.827775
58383: 0.827778
58384: 0.827781
58385: 0.827784
58386: 0.827787
58387: 0.82779
58388: 0.827793
58389: 0.827796
58390: 0.827799
58391: 0.827802
58392: 0.827805
58393: 0.827791
58394: 0.827793
58395: 0.827796
58396: 0.827799
58397: 0.827802
58398: 0.827805
58399: 0.827808
58400: 0.827811
58401: 0.827814
58402: 0.8278
58403: 0.827803
58404: 0.827806
58405: 0.827809
58406: 0.827795
58407: 0.82778
58408: 0.827783
58409: 0.827769
58410: 0.827755
58411: 0.827758
58412: 0.827761
58413: 0.827764
58414: 0.827767
58415: 0.827753
58416: 0.827756
58417: 0.827759
58418: 0.827744
58419: 0.82773
58420: 0.827733
58421: 0.827736
58422: 0.827722
58423: 0.827725
58424: 0.827728
58425: 0.827731
58426: 0.827717
58427: 0.827702
58428: 0.827705
58429: 0.827708
58430: 0.827694
58431: 0.82768
58432: 0.827666
58433: 0.827652
58434: 0.827655
58435: 0.827658
58436: 0.827661
58437: 0.827664
58438: 0.827666
58439: 0.827669
58440: 0.827672
58441: 0.827658
58442: 0.827661
58443: 0.827647
58444: 0.82765
58445: 0.827653
58446: 0.827656
58447: 0.827659
58448: 0.827662
58449: 0.827665
58450: 0.827668
58451: 0.827671
58452: 0.827674
58453: 0.827659
58454: 0.827662
58455: 0.827665
58456: 0.827668
58457: 0.827671
58458: 0.827674
58459: 0.827677
58460: 0.82768
58461: 0.827683
58462: 0.827686
58463: 0.827689
58464: 0.827692
58465: 0.827695
58466: 0.827681
58467: 0.827684
58468: 0.827686
58469: 0.827689
58470: 0.827692
58471: 0.827695
58472: 0.827698
58473: 0.827701
58474: 0.827704
58475: 0.827707
58476: 0.82771
58477: 0.827713
58478: 0.827716
58479: 0.827719
58480: 0.827722
58481: 0.827725
58482: 0.827728
58483: 0.827731
58484: 0.827734
58485: 0.827737
58486: 0.827739
58487: 0.827742
58488: 0.827745
58489: 0.827731
58490: 0.827734
58491: 0.827737
58492: 0.82774
58493: 0.827743
58494: 0.827746
58495: 0.827749
58496: 0.827752
58497: 0.827755
58498: 0.827758
58499: 0.827761
58500: 0.827764
58501: 0.827767
58502: 0.82777
58503: 0.827772
58504: 0.827775
58505: 0.827761
58506: 0.827764
58507: 0.827767
58508: 0.82777
58509: 0.827773
58510: 0.827776
58511: 0.827779
58512: 0.827782
58513: 0.827785
58514: 0.827771
58515: 0.827774
58516: 0.827777
58517: 0.827779
58518: 0.827782
58519: 0.827785
58520: 0.827788
58521: 0.827791
58522: 0.827794
58523: 0.827797
58524: 0.827783
58525: 0.827786
58526: 0.827789
58527: 0.827792
58528: 0.827795
58529: 0.827798
58530: 0.827801
58531: 0.827787
58532: 0.827789
58533: 0.827792
58534: 0.827795
58535: 0.827798
58536: 0.827801
58537: 0.827804
58538: 0.827807
58539: 0.82781
58540: 0.827813
58541: 0.827816
58542: 0.827819
58543: 0.827822
58544: 0.827825
58545: 0.827828
58546: 0.827831
58547: 0.827834
58548: 0.827837
58549: 0.827839
58550: 0.827842
58551: 0.827845
58552: 0.827848
58553: 0.827834
58554: 0.82782
58555: 0.827806
58556: 0.827792
58557: 0.827795
58558: 0.827798
58559: 0.827801
58560: 0.827803
58561: 0.827806
58562: 0.827809
58563: 0.827812
58564: 0.827815
58565: 0.827818
58566: 0.827821
58567: 0.827807
58568: 0.82781
58569: 0.827813
58570: 0.827799
58571: 0.827785
58572: 0.82777
58573: 0.827756
58574: 0.827742
58575: 0.827745
58576: 0.827748
58577: 0.827751
58578: 0.827754
58579: 0.82774
58580: 0.827726
58581: 0.827729
58582: 0.827732
58583: 0.827717
58584: 0.82772
58585: 0.827723
58586: 0.827709
58587: 0.827712
58588: 0.827715
58589: 0.827718
58590: 0.827721
58591: 0.827724
58592: 0.827727
58593: 0.82773
58594: 0.827733
58595: 0.827736
58596: 0.827739
58597: 0.827742
58598: 0.827745
58599: 0.827747
58600: 0.82775
58601: 0.827753
58602: 0.827756
58603: 0.827759
58604: 0.827762
58605: 0.827765
58606: 0.827768
58607: 0.827771
58608: 0.827757
58609: 0.827743
58610: 0.827746
58611: 0.827749
58612: 0.827752
58613: 0.827754
58614: 0.827757
58615: 0.82776
58616: 0.827763
58617: 0.827766
58618: 0.827752
58619: 0.827738
58620: 0.827724
58621: 0.827727
58622: 0.82773
58623: 0.827733
58624: 0.827736
58625: 0.827739
58626: 0.827741
58627: 0.827744
58628: 0.827747
58629: 0.827733
58630: 0.827736
58631: 0.827722
58632: 0.827708
58633: 0.827694
58634: 0.827697
58635: 0.8277
58636: 0.827703
58637: 0.827706
58638: 0.827709
58639: 0.827711
58640: 0.827714
58641: 0.827717
58642: 0.82772
58643: 0.827723
58644: 0.827709
58645: 0.827695
58646: 0.827681
58647: 0.827667
58648: 0.82767
58649: 0.827673
58650: 0.827676
58651: 0.827679
58652: 0.827681
58653: 0.827684
58654: 0.82767
58655: 0.827673
58656: 0.827676
58657: 0.827679
58658: 0.827682
58659: 0.827668
58660: 0.827654
58661: 0.827657
58662: 0.82766
58663: 0.827663
58664: 0.827666
58665: 0.827668
58666: 0.827671
58667: 0.827674
58668: 0.827677
58669: 0.82768
58670: 0.827683
58671: 0.827669
58672: 0.827672
58673: 0.827675
58674: 0.827678
58675: 0.827681
58676: 0.827684
58677: 0.827687
58678: 0.827673
58679: 0.827658
58680: 0.827644
58681: 0.827647
58682: 0.82765
58683: 0.827653
58684: 0.827639
58685: 0.827642
58686: 0.827645
58687: 0.827648
58688: 0.827651
58689: 0.827637
58690: 0.827623
58691: 0.827609
58692: 0.827611
58693: 0.827614
58694: 0.8276
58695: 0.827586
58696: 0.827589
58697: 0.827592
58698: 0.827595
58699: 0.827598
58700: 0.827601
58701: 0.827604
58702: 0.827607
58703: 0.82761
58704: 0.827596
58705: 0.827582
58706: 0.827584
58707: 0.827587
58708: 0.82759
58709: 0.827593
58710: 0.827596
58711: 0.827599
58712: 0.827602
58713: 0.827605
58714: 0.827608
58715: 0.827611
58716: 0.827614
58717: 0.827617
58718: 0.82762
58719: 0.827623
58720: 0.827626
58721: 0.827611
58722: 0.827614
58723: 0.827617
58724: 0.82762
58725: 0.827623
58726: 0.827609
58727: 0.827595
58728: 0.827581
58729: 0.827584
58730: 0.82757
58731: 0.827556
58732: 0.827559
58733: 0.827562
58734: 0.827564
58735: 0.827567
58736: 0.82757
58737: 0.827573
58738: 0.827576
58739: 0.827579
58740: 0.827582
58741: 0.827585
58742: 0.827571
58743: 0.827557
58744: 0.827543
58745: 0.827546
58746: 0.827532
58747: 0.827518
58748: 0.82752
58749: 0.827523
58750: 0.827526
58751: 0.827529
58752: 0.827532
58753: 0.827535
58754: 0.827538
58755: 0.827541
58756: 0.827544
58757: 0.827547
58758: 0.82755
58759: 0.827553
58760: 0.827556
58761: 0.827559
58762: 0.827545
58763: 0.827547
58764: 0.82755
58765: 0.827536
58766: 0.827522
58767: 0.827525
58768: 0.827528
58769: 0.827531
58770: 0.827534
58771: 0.827537
58772: 0.82754
58773: 0.827543
58774: 0.827546
58775: 0.827549
58776: 0.827552
58777: 0.827538
58778: 0.827523
58779: 0.827526
58780: 0.827529
58781: 0.827532
58782: 0.827535
58783: 0.827538
58784: 0.827541
58785: 0.827527
58786: 0.82753
58787: 0.827533
58788: 0.827536
58789: 0.827539
58790: 0.827542
58791: 0.827528
58792: 0.827513
58793: 0.827516
58794: 0.827519
58795: 0.827522
58796: 0.827525
58797: 0.827528
58798: 0.827531
58799: 0.827534
58800: 0.827537
58801: 0.82754
58802: 0.827543
58803: 0.827546
58804: 0.827549
58805: 0.827552
58806: 0.827555
58807: 0.827557
58808: 0.82756
58809: 0.827563
58810: 0.827566
58811: 0.827569
58812: 0.827572
58813: 0.827575
58814: 0.827578
58815: 0.827581
58816: 0.827567
58817: 0.82757
58818: 0.827573
58819: 0.827559
58820: 0.827545
58821: 0.827531
58822: 0.827533
58823: 0.827519
58824: 0.827522
58825: 0.827525
58826: 0.827528
58827: 0.827531
58828: 0.827534
58829: 0.827537
58830: 0.82754
58831: 0.827543
58832: 0.827546
58833: 0.827549
58834: 0.827535
58835: 0.827521
58836: 0.827507
58837: 0.827509
58838: 0.827512
58839: 0.827515
58840: 0.827518
58841: 0.827521
58842: 0.827524
58843: 0.827527
58844: 0.82753
58845: 0.827533
58846: 0.827536
58847: 0.827539
58848: 0.827525
58849: 0.827528
58850: 0.827531
58851: 0.827533
58852: 0.827536
58853: 0.827539
58854: 0.827542
58855: 0.827545
58856: 0.827548
58857: 0.827551
58858: 0.827554
58859: 0.827557
58860: 0.82756
58861: 0.827563
58862: 0.827566
58863: 0.827569
58864: 0.827572
58865: 0.827574
58866: 0.82756
58867: 0.827546
58868: 0.827549
58869: 0.827552
58870: 0.827555
58871: 0.827558
58872: 0.827561
58873: 0.827564
58874: 0.827567
58875: 0.82757
58876: 0.827573
58877: 0.827576
58878: 0.827579
58879: 0.827582
58880: 0.827584
58881: 0.82757
58882: 0.827556
58883: 0.827559
58884: 0.827562
58885: 0.827565
58886: 0.827568
58887: 0.827571
58888: 0.827574
58889: 0.82756
58890: 0.827563
58891: 0.827566
58892: 0.827569
58893: 0.827572
58894: 0.827574
58895: 0.827577
58896: 0.827563
58897: 0.827549
58898: 0.827552
58899: 0.827555
58900: 0.827541
58901: 0.827544
58902: 0.827547
58903: 0.827533
58904: 0.827536
58905: 0.827539
58906: 0.827525
58907: 0.827511
58908: 0.827497
58909: 0.827483
58910: 0.827486
58911: 0.827488
58912: 0.827491
58913: 0.827494
58914: 0.827497
58915: 0.8275
58916: 0.827486
58917: 0.827472
58918: 0.827475
58919: 0.827478
58920: 0.827481
58921: 0.827484
58922: 0.827487
58923: 0.82749
58924: 0.827493
58925: 0.827496
58926: 0.827498
58927: 0.827501
58928: 0.827504
58929: 0.827507
58930: 0.82751
58931: 0.827513
58932: 0.827516
58933: 0.827502
58934: 0.827488
58935: 0.827474
58936: 0.827477
58937: 0.82748
58938: 0.827483
58939: 0.827486
58940: 0.827489
58941: 0.827491
58942: 0.827494
58943: 0.827497
58944: 0.8275
58945: 0.827503
58946: 0.827506
58947: 0.827509
58948: 0.827512
58949: 0.827515
58950: 0.827518
58951: 0.827521
58952: 0.827524
58953: 0.827527
58954: 0.827529
58955: 0.827532
58956: 0.827535
58957: 0.827538
58958: 0.827541
58959: 0.827544
58960: 0.827547
58961: 0.82755
58962: 0.827553
58963: 0.827556
58964: 0.827559
58965: 0.827562
58966: 0.827565
58967: 0.827567
58968: 0.82757
58969: 0.827573
58970: 0.827576
58971: 0.827579
58972: 0.827582
58973: 0.827585
58974: 0.827588
58975: 0.827591
58976: 0.827594
58977: 0.827597
58978: 0.8276
58979: 0.827603
58980: 0.827606
58981: 0.827608
58982: 0.827611
58983: 0.827614
58984: 0.827617
58985: 0.82762
58986: 0.827623
58987: 0.827626
58988: 0.827612
58989: 0.827598
58990: 0.827584
58991: 0.827587
58992: 0.82759
58993: 0.827593
58994: 0.827596
58995: 0.827598
58996: 0.827601
58997: 0.827604
58998: 0.827607
58999: 0.82761
59000: 0.827613
59001: 0.827616
59002: 0.827619
59003: 0.827622
59004: 0.827625
59005: 0.827611
59006: 0.827597
59007: 0.827583
59008: 0.827586
59009: 0.827589
59010: 0.827591
59011: 0.827577
59012: 0.827563
59013: 0.827549
59014: 0.827552
59015: 0.827555
59016: 0.827558
59017: 0.827544
59018: 0.82753
59019: 0.827516
59020: 0.827519
59021: 0.827522
59022: 0.827525
59023: 0.827511
59024: 0.827514
59025: 0.827517
59026: 0.82752
59027: 0.827523
59028: 0.827525
59029: 0.827528
59030: 0.827531
59031: 0.827534
59032: 0.827537
59033: 0.82754
59034: 0.827543
59035: 0.827546
59036: 0.827549
59037: 0.827552
59038: 0.827555
59039: 0.827558
59040: 0.827561
59041: 0.827563
59042: 0.827566
59043: 0.827569
59044: 0.827555
59045: 0.827541
59046: 0.827527
59047: 0.82753
59048: 0.827533
59049: 0.827536
59050: 0.827539
59051: 0.827542
59052: 0.827545
59053: 0.827548
59054: 0.827551
59055: 0.827554
59056: 0.827539
59057: 0.827542
59058: 0.827545
59059: 0.827548
59060: 0.827551
59061: 0.827554
59062: 0.827557
59063: 0.82756
59064: 0.827563
59065: 0.827549
59066: 0.827552
59067: 0.827555
59068: 0.827558
59069: 0.827561
59070: 0.827563
59071: 0.827549
59072: 0.827535
59073: 0.827538
59074: 0.827541
59075: 0.827544
59076: 0.827547
59077: 0.82755
59078: 0.827553
59079: 0.827556
59080: 0.827559
59081: 0.827562
59082: 0.827565
59083: 0.827551
59084: 0.827537
59085: 0.82754
59086: 0.827542
59087: 0.827545
59088: 0.827548
59089: 0.827551
59090: 0.827554
59091: 0.827557
59092: 0.82756
59093: 0.827563
59094: 0.827566
59095: 0.827569
59096: 0.827572
59097: 0.827575
59098: 0.827577
59099: 0.827563
59100: 0.827566
59101: 0.827569
59102: 0.827572
59103: 0.827575
59104: 0.827578
59105: 0.827581
59106: 0.827584
59107: 0.827587
59108: 0.827573
59109: 0.827576
59110: 0.827562
59111: 0.827548
59112: 0.827551
59113: 0.827554
59114: 0.82754
59115: 0.827526
59116: 0.827528
59117: 0.827531
59118: 0.827534
59119: 0.827537
59120: 0.82754
59121: 0.827543
59122: 0.827529
59123: 0.827532
59124: 0.827535
59125: 0.827538
59126: 0.827541
59127: 0.827527
59128: 0.82753
59129: 0.827533
59130: 0.827535
59131: 0.827538
59132: 0.827541
59133: 0.827527
59134: 0.82753
59135: 0.827533
59136: 0.827536
59137: 0.827539
59138: 0.827542
59139: 0.827528
59140: 0.827531
59141: 0.827517
59142: 0.82752
59143: 0.827523
59144: 0.827526
59145: 0.827528
59146: 0.827531
59147: 0.827517
59148: 0.82752
59149: 0.827523
59150: 0.827526
59151: 0.827529
59152: 0.827532
59153: 0.827518
59154: 0.827504
59155: 0.827507
59156: 0.827493
59157: 0.827496
59158: 0.827499
59159: 0.827502
59160: 0.827505
59161: 0.827508
59162: 0.82751
59163: 0.827513
59164: 0.827516
59165: 0.827519
59166: 0.827522
59167: 0.827525
59168: 0.827528
59169: 0.827514
59170: 0.8275
59171: 0.827503
59172: 0.827506
59173: 0.827509
59174: 0.827512
59175: 0.827515
59176: 0.827517
59177: 0.82752
59178: 0.827523
59179: 0.827526
59180: 0.827529
59181: 0.827532
59182: 0.827535
59183: 0.827538
59184: 0.827541
59185: 0.827544
59186: 0.827547
59187: 0.82755
59188: 0.827552
59189: 0.827555
59190: 0.827558
59191: 0.827561
59192: 0.827547
59193: 0.82755
59194: 0.827553
59195: 0.827556
59196: 0.827559
59197: 0.827562
59198: 0.827565
59199: 0.827551
59200: 0.827537
59201: 0.82754
59202: 0.827543
59203: 0.827545
59204: 0.827531
59205: 0.827517
59206: 0.82752
59207: 0.827523
59208: 0.827526
59209: 0.827529
59210: 0.827532
59211: 0.827535
59212: 0.827538
59213: 0.827541
59214: 0.827544
59215: 0.82753
59216: 0.827516
59217: 0.827502
59218: 0.827488
59219: 0.827491
59220: 0.827477
59221: 0.827463
59222: 0.827449
59223: 0.827452
59224: 0.827455
59225: 0.827458
59226: 0.827444
59227: 0.827446
59228: 0.827449
59229: 0.827452
59230: 0.827455
59231: 0.827458
59232: 0.827461
59233: 0.827464
59234: 0.827467
59235: 0.82747
59236: 0.827473
59237: 0.827459
59238: 0.827462
59239: 0.827465
59240: 0.827467
59241: 0.827453
59242: 0.82744
59243: 0.827426
59244: 0.827428
59245: 0.827431
59246: 0.827434
59247: 0.827437
59248: 0.82744
59249: 0.827443
59250: 0.827446
59251: 0.827449
59252: 0.827452
59253: 0.827455
59254: 0.827458
59255: 0.827461
59256: 0.827463
59257: 0.827466
59258: 0.827469
59259: 0.827472
59260: 0.827475
59261: 0.827478
59262: 0.827481
59263: 0.827467
59264: 0.82747
59265: 0.827473
59266: 0.827476
59267: 0.827479
59268: 0.827465
59269: 0.827451
59270: 0.827437
59271: 0.82744
59272: 0.827443
59273: 0.827445
59274: 0.827448
59275: 0.827434
59276: 0.827437
59277: 0.82744
59278: 0.827443
59279: 0.827446
59280: 0.827449
59281: 0.827452
59282: 0.827438
59283: 0.827424
59284: 0.82741
59285: 0.827413
59286: 0.827399
59287: 0.827385
59288: 0.827371
59289: 0.827357
59290: 0.827343
59291: 0.827329
59292: 0.827315
59293: 0.827318
59294: 0.827321
59295: 0.827324
59296: 0.827327
59297: 0.82733
59298: 0.827333
59299: 0.827336
59300: 0.827338
59301: 0.827341
59302: 0.827344
59303: 0.827347
59304: 0.82735
59305: 0.827353
59306: 0.827356
59307: 0.827359
59308: 0.827362
59309: 0.827365
59310: 0.827368
59311: 0.827371
59312: 0.827373
59313: 0.827376
59314: 0.827379
59315: 0.827382
59316: 0.827368
59317: 0.827371
59318: 0.827374
59319: 0.827377
59320: 0.82738
59321: 0.827383
59322: 0.827386
59323: 0.827389
59324: 0.827391
59325: 0.827394
59326: 0.827397
59327: 0.8274
59328: 0.827403
59329: 0.827389
59330: 0.827375
59331: 0.827378
59332: 0.827364
59333: 0.82735
59334: 0.827336
59335: 0.827322
59336: 0.827325
59337: 0.827311
59338: 0.827314
59339: 0.827317
59340: 0.82732
59341: 0.827323
59342: 0.827326
59343: 0.827329
59344: 0.827315
59345: 0.827301
59346: 0.827304
59347: 0.827307
59348: 0.82731
59349: 0.827313
59350: 0.827315
59351: 0.827318
59352: 0.827321
59353: 0.827324
59354: 0.827327
59355: 0.82733
59356: 0.827333
59357: 0.827336
59358: 0.827339
59359: 0.827342
59360: 0.827345
59361: 0.827347
59362: 0.82735
59363: 0.827353
59364: 0.827356
59365: 0.827359
59366: 0.827362
59367: 0.827365
59368: 0.827351
59369: 0.827354
59370: 0.82734
59371: 0.827343
59372: 0.827346
59373: 0.827332
59374: 0.827318
59375: 0.827321
59376: 0.827324
59377: 0.827327
59378: 0.82733
59379: 0.827332
59380: 0.827335
59381: 0.827338
59382: 0.827324
59383: 0.827327
59384: 0.82733
59385: 0.827333
59386: 0.827336
59387: 0.827339
59388: 0.827342
59389: 0.827345
59390: 0.827348
59391: 0.827334
59392: 0.827337
59393: 0.827339
59394: 0.827342
59395: 0.827345
59396: 0.827348
59397: 0.827351
59398: 0.827354
59399: 0.827357
59400: 0.82736
59401: 0.827363
59402: 0.827366
59403: 0.827369
59404: 0.827371
59405: 0.827374
59406: 0.827377
59407: 0.82738
59408: 0.827383
59409: 0.827386
59410: 0.827372
59411: 0.827375
59412: 0.827378
59413: 0.827381
59414: 0.827384
59415: 0.827387
59416: 0.827389
59417: 0.827392
59418: 0.827395
59419: 0.827398
59420: 0.827401
59421: 0.827404
59422: 0.827407
59423: 0.82741
59424: 0.827413
59425: 0.827416
59426: 0.827419
59427: 0.827421
59428: 0.827424
59429: 0.827427
59430: 0.82743
59431: 0.827433
59432: 0.827436
59433: 0.827439
59434: 0.827442
59435: 0.827445
59436: 0.827448
59437: 0.82745
59438: 0.827453
59439: 0.827456
59440: 0.827459
59441: 0.827462
59442: 0.827465
59443: 0.827468
59444: 0.827471
59445: 0.827474
59446: 0.82746
59447: 0.827446
59448: 0.827449
59449: 0.827452
59450: 0.827455
59451: 0.827457
59452: 0.82746
59453: 0.827463
59454: 0.827466
59455: 0.827469
59456: 0.827472
59457: 0.827458
59458: 0.827461
59459: 0.827464
59460: 0.82745
59461: 0.827436
59462: 0.827422
59463: 0.827425
59464: 0.827428
59465: 0.827414
59466: 0.8274
59467: 0.827386
59468: 0.827372
59469: 0.827375
59470: 0.827378
59471: 0.827381
59472: 0.827384
59473: 0.827387
59474: 0.82739
59475: 0.827376
59476: 0.827379
59477: 0.827382
59478: 0.827384
59479: 0.827387
59480: 0.827373
59481: 0.82736
59482: 0.827362
59483: 0.827365
59484: 0.827368
59485: 0.827371
59486: 0.827374
59487: 0.827377
59488: 0.82738
59489: 0.827383
59490: 0.827386
59491: 0.827389
59492: 0.827391
59493: 0.827394
59494: 0.827397
59495: 0.8274
59496: 0.827403
59497: 0.827406
59498: 0.827409
59499: 0.827412
59500: 0.827398
59501: 0.827384
59502: 0.82737
59503: 0.827373
59504: 0.827376
59505: 0.827362
59506: 0.827348
59507: 0.827351
59508: 0.827337
59509: 0.82734
59510: 0.827343
59511: 0.827346
59512: 0.827332
59513: 0.827335
59514: 0.827338
59515: 0.827341
59516: 0.827343
59517: 0.827346
59518: 0.827349
59519: 0.827352
59520: 0.827355
59521: 0.827358
59522: 0.827361
59523: 0.827364
59524: 0.82735
59525: 0.827336
59526: 0.827339
59527: 0.827342
59528: 0.827345
59529: 0.827348
59530: 0.82735
59531: 0.827353
59532: 0.827356
59533: 0.827359
59534: 0.827345
59535: 0.827348
59536: 0.827351
59537: 0.827354
59538: 0.827357
59539: 0.82736
59540: 0.827363
59541: 0.827366
59542: 0.827368
59543: 0.827371
59544: 0.827374
59545: 0.827377
59546: 0.82738
59547: 0.827383
59548: 0.827369
59549: 0.827355
59550: 0.827358
59551: 0.827361
59552: 0.827364
59553: 0.827367
59554: 0.82737
59555: 0.827373
59556: 0.827375
59557: 0.827378
59558: 0.827381
59559: 0.827384
59560: 0.827387
59561: 0.827373
59562: 0.827376
59563: 0.827379
59564: 0.827382
59565: 0.827368
59566: 0.827371
59567: 0.827374
59568: 0.827377
59569: 0.82738
59570: 0.827382
59571: 0.827385
59572: 0.827388
59573: 0.827391
59574: 0.827394
59575: 0.82738
59576: 0.827383
59577: 0.827386
59578: 0.827389
59579: 0.827392
59580: 0.827395
59581: 0.827398
59582: 0.8274
59583: 0.827403
59584: 0.827406
59585: 0.827409
59586: 0.827412
59587: 0.827415
59588: 0.827418
59589: 0.827421
59590: 0.827424
59591: 0.827427
59592: 0.827429
59593: 0.827432
59594: 0.827435
59595: 0.827438
59596: 0.827441
59597: 0.827444
59598: 0.827447
59599: 0.82745
59600: 0.827453
59601: 0.827455
59602: 0.827458
59603: 0.827461
59604: 0.827464
59605: 0.827467
59606: 0.82747
59607: 0.827473
59608: 0.827476
59609: 0.827479
59610: 0.827482
59611: 0.827484
59612: 0.827487
59613: 0.82749
59614: 0.827493
59615: 0.827479
59616: 0.827482
59617: 0.827485
59618: 0.827488
59619: 0.827491
59620: 0.827477
59621: 0.82748
59622: 0.827483
59623: 0.827486
59624: 0.827488
59625: 0.827491
59626: 0.827494
59627: 0.827497
59628: 0.8275
59629: 0.827503
59630: 0.827506
59631: 0.827509
59632: 0.827512
59633: 0.827515
59634: 0.827517
59635: 0.82752
59636: 0.827523
59637: 0.827526
59638: 0.827529
59639: 0.827515
59640: 0.827518
59641: 0.827504
59642: 0.82749
59643: 0.827493
59644: 0.827496
59645: 0.827499
59646: 0.827502
59647: 0.827505
59648: 0.827491
59649: 0.827477
59650: 0.82748
59651: 0.827466
59652: 0.827452
59653: 0.827455
59654: 0.827458
59655: 0.827461
59656: 0.827464
59657: 0.82745
59658: 0.827436
59659: 0.827439
59660: 0.827425
59661: 0.827428
59662: 0.827431
59663: 0.827434
59664: 0.827437
59665: 0.827439
59666: 0.827442
59667: 0.827445
59668: 0.827448
59669: 0.827434
59670: 0.82742
59671: 0.827406
59672: 0.827409
59673: 0.827412
59674: 0.827398
59675: 0.827385
59676: 0.827371
59677: 0.827374
59678: 0.827376
59679: 0.827363
59680: 0.827365
59681: 0.827368
59682: 0.827371
59683: 0.827374
59684: 0.827377
59685: 0.82738
59686: 0.827383
59687: 0.827386
59688: 0.827389
59689: 0.827392
59690: 0.827394
59691: 0.827397
59692: 0.8274
59693: 0.827403
59694: 0.827406
59695: 0.827409
59696: 0.827412
59697: 0.827415
59698: 0.827418
59699: 0.82742
59700: 0.827423
59701: 0.827426
59702: 0.827412
59703: 0.827415
59704: 0.827418
59705: 0.827421
59706: 0.827424
59707: 0.827427
59708: 0.82743
59709: 0.827433
59710: 0.827435
59711: 0.827438
59712: 0.827441
59713: 0.827427
59714: 0.82743
59715: 0.827433
59716: 0.827436
59717: 0.827422
59718: 0.827425
59719: 0.827428
59720: 0.827431
59721: 0.827434
59722: 0.827437
59723: 0.82744
59724: 0.827426
59725: 0.827412
59726: 0.827398
59727: 0.827384
59728: 0.82737
59729: 0.827356
59730: 0.827359
59731: 0.827362
59732: 0.827365
59733: 0.827368
59734: 0.827371
59735: 0.827357
59736: 0.827343
59737: 0.827346
59738: 0.827349
59739: 0.827352
59740: 0.827355
59741: 0.827358
59742: 0.827361
59743: 0.827363
59744: 0.827366
59745: 0.827352
59746: 0.827355
59747: 0.827342
59748: 0.827344
59749: 0.827331
59750: 0.827317
59751: 0.82732
59752: 0.827322
59753: 0.827325
59754: 0.827328
59755: 0.827331
59756: 0.827317
59757: 0.827303
59758: 0.827306
59759: 0.827309
59760: 0.827312
59761: 0.827315
59762: 0.827318
59763: 0.827321
59764: 0.827324
59765: 0.82731
59766: 0.827313
59767: 0.827316
59768: 0.827319
59769: 0.827321
59770: 0.827324
59771: 0.827327
59772: 0.82733
59773: 0.827333
59774: 0.827319
59775: 0.827322
59776: 0.827325
59777: 0.827328
59778: 0.827331
59779: 0.827334
59780: 0.82732
59781: 0.827306
59782: 0.827309
59783: 0.827312
59784: 0.827315
59785: 0.827317
59786: 0.82732
59787: 0.827323
59788: 0.827326
59789: 0.827329
59790: 0.827332
59791: 0.827335
59792: 0.827338
59793: 0.827341
59794: 0.827343
59795: 0.827346
59796: 0.827349
59797: 0.827352
59798: 0.827355
59799: 0.827358
59800: 0.827361
59801: 0.827364
59802: 0.827367
59803: 0.827369
59804: 0.827372
59805: 0.827375
59806: 0.827378
59807: 0.827381
59808: 0.827384
59809: 0.827387
59810: 0.827373
59811: 0.827359
59812: 0.827362
59813: 0.827365
59814: 0.827368
59815: 0.827371
59816: 0.827373
59817: 0.82736
59818: 0.827346
59819: 0.827349
59820: 0.827352
59821: 0.827354
59822: 0.827357
59823: 0.82736
59824: 0.827346
59825: 0.827349
59826: 0.827335
59827: 0.827322
59828: 0.827308
59829: 0.827294
59830: 0.827297
59831: 0.8273
59832: 0.827303
59833: 0.827306
59834: 0.827308
59835: 0.827311
59836: 0.827314
59837: 0.827317
59838: 0.82732
59839: 0.827323
59840: 0.827326
59841: 0.827329
59842: 0.827332
59843: 0.827334
59844: 0.827337
59845: 0.82734
59846: 0.827343
59847: 0.827329
59848: 0.827332
59849: 0.827335
59850: 0.827338
59851: 0.827324
59852: 0.827327
59853: 0.82733
59854: 0.827333
59855: 0.827336
59856: 0.827338
59857: 0.827341
59858: 0.827328
59859: 0.827314
59860: 0.827317
59861: 0.827303
59862: 0.827289
59863: 0.827275
59864: 0.827261
59865: 0.827248
59866: 0.82725
59867: 0.827253
59868: 0.827256
59869: 0.827259
59870: 0.827262
59871: 0.827265
59872: 0.827268
59873: 0.827271
59874: 0.827273
59875: 0.827276
59876: 0.827279
59877: 0.827282
59878: 0.827285
59879: 0.827288
59880: 0.827291
59881: 0.827294
59882: 0.827297
59883: 0.827283
59884: 0.827269
59885: 0.827272
59886: 0.827275
59887: 0.827261
59888: 0.827247
59889: 0.827233
59890: 0.827236
59891: 0.827239
59892: 0.827242
59893: 0.827245
59894: 0.827248
59895: 0.827234
59896: 0.82722
59897: 0.827223
59898: 0.827226
59899: 0.827229
59900: 0.827215
59901: 0.827218
59902: 0.827221
59903: 0.827224
59904: 0.827226
59905: 0.827229
59906: 0.827232
59907: 0.827235
59908: 0.827238
59909: 0.827241
59910: 0.827244
59911: 0.827247
59912: 0.82725
59913: 0.827252
59914: 0.827255
59915: 0.827258
59916: 0.827244
59917: 0.827247
59918: 0.827233
59919: 0.827236
59920: 0.827223
59921: 0.827225
59922: 0.827228
59923: 0.827231
59924: 0.827234
59925: 0.827237
59926: 0.827223
59927: 0.827209
59928: 0.827196
59929: 0.827198
59930: 0.827201
59931: 0.827204
59932: 0.827207
59933: 0.82721
59934: 0.827196
59935: 0.827199
59936: 0.827202
59937: 0.827205
59938: 0.827208
59939: 0.827211
59940: 0.827197
59941: 0.827183
59942: 0.827169
59943: 0.827172
59944: 0.827175
59945: 0.827178
59946: 0.827181
59947: 0.827184
59948: 0.827186
59949: 0.827189
59950: 0.827192
59951: 0.827195
59952: 0.827198
59953: 0.827184
59954: 0.827187
59955: 0.82719
59956: 0.827176
59957: 0.827179
59958: 0.827182
59959: 0.827185
59960: 0.827171
59961: 0.827157
59962: 0.82716
59963: 0.827163
59964: 0.827166
59965: 0.827152
59966: 0.827138
59967: 0.827141
59968: 0.827144
59969: 0.827147
59970: 0.82715
59971: 0.827136
59972: 0.827122
59973: 0.827108
59974: 0.827111
59975: 0.827114
59976: 0.827117
59977: 0.82712
59978: 0.827123
59979: 0.827126
59980: 0.827129
59981: 0.827131
59982: 0.827134
59983: 0.827137
59984: 0.82714
59985: 0.827143
59986: 0.827129
59987: 0.827115
59988: 0.827102
59989: 0.827105
59990: 0.827107
59991: 0.82711
59992: 0.827113
59993: 0.827116
59994: 0.827119
59995: 0.827105
59996: 0.827091
59997: 0.827094
59998: 0.827097
59999: 0.8271
60000: 0.827103
60001: 0.827106
60002: 0.827092
60003: 0.827095
60004: 0.827098
60005: 0.827101
60006: 0.827104
60007: 0.827106
60008: 0.827109
60009: 0.827112
60010: 0.827098
60011: 0.827101
60012: 0.827104
60013: 0.82709
60014: 0.827093
60015: 0.827096
60016: 0.827099
60017: 0.827102
60018: 0.827105
60019: 0.827108
60020: 0.827111
60021: 0.827113
60022: 0.827116
60023: 0.827119
60024: 0.827122
60025: 0.827125
60026: 0.827128
60027: 0.827131
60028: 0.827117
60029: 0.82712
60030: 0.827123
60031: 0.827126
60032: 0.827128
60033: 0.827131
60034: 0.827134
60035: 0.827137
60036: 0.82714
60037: 0.827143
60038: 0.827146
60039: 0.827132
60040: 0.827118
60041: 0.827104
60042: 0.827107
60043: 0.82711
60044: 0.827113
60045: 0.827116
60046: 0.827119
60047: 0.827122
60048: 0.827125
60049: 0.827127
60050: 0.82713
60051: 0.827133
60052: 0.827136
60053: 0.827139
60054: 0.827125
60055: 0.827111
60056: 0.827098
60057: 0.8271
60058: 0.827103
60059: 0.827106
60060: 0.827092
60061: 0.827095
60062: 0.827098
60063: 0.827084
60064: 0.827087
60065: 0.82709
60066: 0.827093
60067: 0.827096
60068: 0.827082
60069: 0.827085
60070: 0.827088
60071: 0.827091
60072: 0.827094
60073: 0.827097
60074: 0.827099
60075: 0.827102
60076: 0.827105
60077: 0.827108
60078: 0.827111
60079: 0.827114
60080: 0.827117
60081: 0.82712
60082: 0.827122
60083: 0.827125
60084: 0.827128
60085: 0.827131
60086: 0.827134
60087: 0.827137
60088: 0.82714
60089: 0.827143
60090: 0.827145
60091: 0.827148
60092: 0.827151
60093: 0.827154
60094: 0.82714
60095: 0.827143
60096: 0.827146
60097: 0.827149
60098: 0.827135
60099: 0.827138
60100: 0.827141
60101: 0.827144
60102: 0.827147
60103: 0.82715
60104: 0.827152
60105: 0.827139
60106: 0.827142
60107: 0.827144
60108: 0.827147
60109: 0.82715
60110: 0.827153
60111: 0.827139
60112: 0.827126
60113: 0.827128
60114: 0.827131
60115: 0.827134
60116: 0.82712
60117: 0.827107
60118: 0.82711
60119: 0.827096
60120: 0.827082
60121: 0.827085
60122: 0.827088
60123: 0.827091
60124: 0.827094
60125: 0.82708
60126: 0.827066
60127: 0.827052
60128: 0.827055
60129: 0.827058
60130: 0.827061
60131: 0.827064
60132: 0.827067
60133: 0.82707
60134: 0.827072
60135: 0.827075
60136: 0.827078
60137: 0.827064
60138: 0.827067
60139: 0.82707
60140: 0.827073
60141: 0.827076
60142: 0.827079
60143: 0.827082
60144: 0.827085
60145: 0.827087
60146: 0.82709
60147: 0.827093
60148: 0.827096
60149: 0.827099
60150: 0.827102
60151: 0.827105
60152: 0.827108
60153: 0.82711
60154: 0.827113
60155: 0.827116
60156: 0.827119
60157: 0.827122
60158: 0.827125
60159: 0.827128
60160: 0.827131
60161: 0.827117
60162: 0.82712
60163: 0.827123
60164: 0.827125
60165: 0.827112
60166: 0.827098
60167: 0.827084
60168: 0.827087
60169: 0.82709
60170: 0.827093
60171: 0.827096
60172: 0.827099
60173: 0.827101
60174: 0.827104
60175: 0.827107
60176: 0.82711
60177: 0.827113
60178: 0.827116
60179: 0.827102
60180: 0.827105
60181: 0.827108
60182: 0.827111
60183: 0.827114
60184: 0.8271
60185: 0.827103
60186: 0.827106
60187: 0.827108
60188: 0.827111
60189: 0.827114
60190: 0.827117
60191: 0.827103
60192: 0.827106
60193: 0.827109
60194: 0.827112
60195: 0.827115
60196: 0.827118
60197: 0.827121
60198: 0.827123
60199: 0.827126
60200: 0.827129
60201: 0.827132
60202: 0.827135
60203: 0.827138
60204: 0.827141
60205: 0.827143
60206: 0.827146
60207: 0.827149
60208: 0.827152
60209: 0.827155
60210: 0.827141
60211: 0.827127
60212: 0.82713
60213: 0.827133
60214: 0.827136
60215: 0.827139
60216: 0.827142
60217: 0.827145
60218: 0.827148
60219: 0.82715
60220: 0.827153
60221: 0.82714
60222: 0.827142
60223: 0.827145
60224: 0.827148
60225: 0.827151
60226: 0.827154
60227: 0.827157
60228: 0.82716
60229: 0.827163
60230: 0.827165
60231: 0.827168
60232: 0.827171
60233: 0.827174
60234: 0.827177
60235: 0.82718
60236: 0.827183
60237: 0.827185
60238: 0.827188
60239: 0.827191
60240: 0.827194
60241: 0.827197
60242: 0.8272
60243: 0.827203
60244: 0.827206
60245: 0.827208
60246: 0.827211
60247: 0.827214
60248: 0.827217
60249: 0.82722
60250: 0.827223
60251: 0.827226
60252: 0.827229
60253: 0.827231
60254: 0.827234
60255: 0.827221
60256: 0.827207
60257: 0.827193
60258: 0.827179
60259: 0.827182
60260: 0.827185
60261: 0.827188
60262: 0.827191
60263: 0.827194
60264: 0.827197
60265: 0.827199
60266: 0.827202
60267: 0.827205
60268: 0.827208
60269: 0.827211
60270: 0.827197
60271: 0.8272
60272: 0.827203
60273: 0.827206
60274: 0.827209
60275: 0.827211
60276: 0.827198
60277: 0.827201
60278: 0.827204
60279: 0.827206
60280: 0.827209
60281: 0.827212
60282: 0.827215
60283: 0.827218
60284: 0.827221
60285: 0.827224
60286: 0.827226
60287: 0.827229
60288: 0.827232
60289: 0.827235
60290: 0.827238
60291: 0.827241
60292: 0.827244
60293: 0.82723
60294: 0.827233
60295: 0.827236
60296: 0.827239
60297: 0.827241
60298: 0.827228
60299: 0.827231
60300: 0.827233
60301: 0.827236
60302: 0.827239
60303: 0.827242
60304: 0.827245
60305: 0.827248
60306: 0.827234
60307: 0.82722
60308: 0.827223
60309: 0.827226
60310: 0.827229
60311: 0.827232
60312: 0.827235
60313: 0.827237
60314: 0.82724
60315: 0.827227
60316: 0.827213
60317: 0.827199
60318: 0.827202
60319: 0.827205
60320: 0.827208
60321: 0.827211
60322: 0.827214
60323: 0.827216
60324: 0.827219
60325: 0.827222
60326: 0.827225
60327: 0.827228
60328: 0.827231
60329: 0.827234
60330: 0.827236
60331: 0.827223
60332: 0.827226
60333: 0.827228
60334: 0.827231
60335: 0.827234
60336: 0.827237
60337: 0.82724
60338: 0.827243
60339: 0.827246
60340: 0.827248
60341: 0.827235
60342: 0.827221
60343: 0.827224
60344: 0.827227
60345: 0.82723
60346: 0.827233
60347: 0.827235
60348: 0.827238
60349: 0.827241
60350: 0.827244
60351: 0.82723
60352: 0.827217
60353: 0.827203
60354: 0.827206
60355: 0.827209
60356: 0.827211
60357: 0.827214
60358: 0.827201
60359: 0.827203
60360: 0.827206
60361: 0.827209
60362: 0.827212
60363: 0.827198
60364: 0.827201
60365: 0.827204
60366: 0.827207
60367: 0.82721
60368: 0.827213
60369: 0.827216
60370: 0.827202
60371: 0.827205
60372: 0.827208
60373: 0.82721
60374: 0.827213
60375: 0.827216
60376: 0.827219
60377: 0.827222
60378: 0.827225
60379: 0.827228
60380: 0.82723
60381: 0.827233
60382: 0.827236
60383: 0.827239
60384: 0.827225
60385: 0.827212
60386: 0.827214
60387: 0.827217
60388: 0.82722
60389: 0.827223
60390: 0.827226
60391: 0.827229
60392: 0.827232
60393: 0.827234
60394: 0.827237
60395: 0.82724
60396: 0.827243
60397: 0.827246
60398: 0.827249
60399: 0.827252
60400: 0.827255
60401: 0.827257
60402: 0.82726
60403: 0.827263
60404: 0.827266
60405: 0.827269
60406: 0.827272
60407: 0.827275
60408: 0.827277
60409: 0.82728
60410: 0.827283
60411: 0.827286
60412: 0.827289
60413: 0.827292
60414: 0.827295
60415: 0.827297
60416: 0.827284
60417: 0.827287
60418: 0.827289
60419: 0.827292
60420: 0.827295
60421: 0.827298
60422: 0.827301
60423: 0.827304
60424: 0.827307
60425: 0.827309
60426: 0.827312
60427: 0.827315
60428: 0.827318
60429: 0.827304
60430: 0.827307
60431: 0.82731
60432: 0.827313
60433: 0.827316
60434: 0.827319
60435: 0.827321
60436: 0.827324
60437: 0.827311
60438: 0.827313
60439: 0.827316
60440: 0.827303
60441: 0.827289
60442: 0.827292
60443: 0.827295
60444: 0.827281
60445: 0.827267
60446: 0.82727
60447: 0.827273
60448: 0.827276
60449: 0.827262
60450: 0.827265
60451: 0.827268
60452: 0.827271
60453: 0.827274
60454: 0.827276
60455: 0.827279
60456: 0.827282
60457: 0.827269
60458: 0.827271
60459: 0.827274
60460: 0.827277
60461: 0.827263
60462: 0.82725
60463: 0.827253
60464: 0.827255
60465: 0.827258
60466: 0.827245
60467: 0.827231
60468: 0.827217
60469: 0.827204
60470: 0.827206
60471: 0.827209
60472: 0.827212
60473: 0.827215
60474: 0.827218
60475: 0.827221
60476: 0.827224
60477: 0.82721
60478: 0.827196
60479: 0.827199
60480: 0.827202
60481: 0.827205
60482: 0.827208
60483: 0.827211
60484: 0.827213
60485: 0.8272
60486: 0.827203
60487: 0.827205
60488: 0.827208
60489: 0.827211
60490: 0.827214
60491: 0.827217
60492: 0.82722
60493: 0.827223
60494: 0.827225
60495: 0.827228
60496: 0.827231
60497: 0.827234
60498: 0.827237
60499: 0.82724
60500: 0.827243
60501: 0.827245
60502: 0.827248
60503: 0.827251
60504: 0.827254
60505: 0.827257
60506: 0.82726
60507: 0.827263
60508: 0.827265
60509: 0.827268
60510: 0.827271
60511: 0.827274
60512: 0.827277
60513: 0.82728
60514: 0.827282
60515: 0.827285
60516: 0.827288
60517: 0.827291
60518: 0.827294
60519: 0.827297
60520: 0.8273
60521: 0.827302
60522: 0.827305
60523: 0.827308
60524: 0.827311
60525: 0.827314
60526: 0.8273
60527: 0.827303
60528: 0.827306
60529: 0.827309
60530: 0.827312
60531: 0.827314
60532: 0.827317
60533: 0.827304
60534: 0.82729
60535: 0.827276
60536: 0.827263
60537: 0.827266
60538: 0.827252
60539: 0.827255
60540: 0.827258
60541: 0.82726
60542: 0.827263
60543: 0.827266
60544: 0.827269
60545: 0.827255
60546: 0.827242
60547: 0.827245
60548: 0.827247
60549: 0.827234
60550: 0.82722
60551: 0.827206
60552: 0.827209
60553: 0.827212
60554: 0.827215
60555: 0.827218
60556: 0.827221
60557: 0.827223
60558: 0.827226
60559: 0.827229
60560: 0.827232
60561: 0.827235
60562: 0.827238
60563: 0.827241
60564: 0.827243
60565: 0.827246
60566: 0.827249
60567: 0.827252
60568: 0.827255
60569: 0.827258
60570: 0.827261
60571: 0.827263
60572: 0.827266
60573: 0.827269
60574: 0.827255
60575: 0.827258
60576: 0.827261
60577: 0.827248
60578: 0.827234
60579: 0.827237
60580: 0.82724
60581: 0.827242
60582: 0.827245
60583: 0.827248
60584: 0.827251
60585: 0.827254
60586: 0.827257
60587: 0.82726
60588: 0.827262
60589: 0.827265
60590: 0.827268
60591: 0.827271
60592: 0.827274
60593: 0.827277
60594: 0.827279
60595: 0.827282
60596: 0.827285
60597: 0.827288
60598: 0.827291
60599: 0.827294
60600: 0.827297
60601: 0.827299
60602: 0.827302
60603: 0.827305
60604: 0.827308
60605: 0.827311
60606: 0.827314
60607: 0.827317
60608: 0.827319
60609: 0.827322
60610: 0.827325
60611: 0.827311
60612: 0.827298
60613: 0.827301
60614: 0.827303
60615: 0.827306
60616: 0.827309
60617: 0.827312
60618: 0.827315
60619: 0.827318
60620: 0.827321
60621: 0.827323
60622: 0.827326
60623: 0.827329
60624: 0.827315
60625: 0.827318
60626: 0.827321
60627: 0.827324
60628: 0.827327
60629: 0.82733
60630: 0.827333
60631: 0.827335
60632: 0.827338
60633: 0.827341
60634: 0.827344
60635: 0.82733
60636: 0.827333
60637: 0.827336
60638: 0.827339
60639: 0.827342
60640: 0.827328
60641: 0.827331
60642: 0.827334
60643: 0.82732
60644: 0.827323
60645: 0.827326
60646: 0.827312
60647: 0.827299
60648: 0.827301
60649: 0.827288
60650: 0.827291
60651: 0.827293
60652: 0.827296
60653: 0.827299
60654: 0.827302
60655: 0.827305
60656: 0.827308
60657: 0.827294
60658: 0.827297
60659: 0.8273
60660: 0.827303
60661: 0.827305
60662: 0.827308
60663: 0.827311
60664: 0.827314
60665: 0.8273
60666: 0.827287
60667: 0.827273
60668: 0.827276
60669: 0.827279
60670: 0.827282
60671: 0.827284
60672: 0.827287
60673: 0.82729
60674: 0.827293
60675: 0.827296
60676: 0.827299
60677: 0.827301
60678: 0.827288
60679: 0.827291
60680: 0.827294
60681: 0.827296
60682: 0.827299
60683: 0.827302
60684: 0.827305
60685: 0.827291
60686: 0.827294
60687: 0.827297
60688: 0.8273
60689: 0.827303
60690: 0.827289
60691: 0.827275
60692: 0.827278
60693: 0.827265
60694: 0.827267
60695: 0.82727
60696: 0.827273
60697: 0.827276
60698: 0.827279
60699: 0.827282
60700: 0.827285
60701: 0.827287
60702: 0.82729
60703: 0.827293
60704: 0.827296
60705: 0.827299
60706: 0.827302
60707: 0.827304
60708: 0.827307
60709: 0.82731
60710: 0.827313
60711: 0.827316
60712: 0.827319
60713: 0.827322
60714: 0.827324
60715: 0.827327
60716: 0.82733
60717: 0.827333
60718: 0.827336
60719: 0.827339
60720: 0.827341
60721: 0.827344
60722: 0.827347
60723: 0.82735
60724: 0.827353
60725: 0.827356
60726: 0.827359
60727: 0.827361
60728: 0.827364
60729: 0.827367
60730: 0.827353
60731: 0.82734
60732: 0.827326
60733: 0.827329
60734: 0.827332
60735: 0.827335
60736: 0.827338
60737: 0.82734
60738: 0.827343
60739: 0.827346
60740: 0.827332
60741: 0.827319
60742: 0.827322
60743: 0.827325
60744: 0.827327
60745: 0.82733
60746: 0.827333
60747: 0.827336
60748: 0.827339
60749: 0.827342
60750: 0.827344
60751: 0.827347
60752: 0.827334
60753: 0.827336
60754: 0.827339
60755: 0.827342
60756: 0.827345
60757: 0.827348
60758: 0.827351
60759: 0.827354
60760: 0.827356
60761: 0.827359
60762: 0.827362
60763: 0.827365
60764: 0.827368
60765: 0.827371
60766: 0.827373
60767: 0.82736
60768: 0.827363
60769: 0.827365
60770: 0.827368
60771: 0.827371
60772: 0.827374
60773: 0.827377
60774: 0.82738
60775: 0.827383
60776: 0.827369
60777: 0.827355
60778: 0.827342
60779: 0.827328
60780: 0.827331
60781: 0.827334
60782: 0.827337
60783: 0.827339
60784: 0.827342
60785: 0.827345
60786: 0.827348
60787: 0.827351
60788: 0.827354
60789: 0.827356
60790: 0.827359
60791: 0.827362
60792: 0.827365
60793: 0.827368
60794: 0.827371
60795: 0.827374
60796: 0.827376
60797: 0.827379
60798: 0.827382
60799: 0.827385
60800: 0.827388
60801: 0.827391
60802: 0.827393
60803: 0.827396
60804: 0.827399
60805: 0.827402
60806: 0.827405
60807: 0.827408
60808: 0.82741
60809: 0.827413
60810: 0.827416
60811: 0.827402
60812: 0.827405
60813: 0.827408
60814: 0.827411
60815: 0.827414
60816: 0.827417
60817: 0.82742
60818: 0.827422
60819: 0.827425
60820: 0.827428
60821: 0.827431
60822: 0.827417
60823: 0.82742
60824: 0.827406
60825: 0.827393
60826: 0.827379
60827: 0.827382
60828: 0.827385
60829: 0.827388
60830: 0.827391
60831: 0.827393
60832: 0.827396
60833: 0.827399
60834: 0.827386
60835: 0.827388
60836: 0.827391
60837: 0.827394
60838: 0.82738
60839: 0.827383
60840: 0.827386
60841: 0.827389
60842: 0.827392
60843: 0.827395
60844: 0.827397
60845: 0.8274
60846: 0.827387
60847: 0.82739
60848: 0.827392
60849: 0.827395
60850: 0.827398
60851: 0.827401
60852: 0.827404
60853: 0.827407
60854: 0.827409
60855: 0.827412
60856: 0.827415
60857: 0.827418
60858: 0.827421
60859: 0.827424
60860: 0.827426
60861: 0.827429
60862: 0.827432
60863: 0.827435
60864: 0.827438
60865: 0.827441
60866: 0.827443
60867: 0.827446
60868: 0.827449
60869: 0.827452
60870: 0.827455
60871: 0.827458
60872: 0.82746
60873: 0.827463
60874: 0.827466
60875: 0.827469
60876: 0.827472
60877: 0.827475
60878: 0.827477
60879: 0.82748
60880: 0.827483
60881: 0.82747
60882: 0.827456
60883: 0.827442
60884: 0.827429
60885: 0.827432
60886: 0.827434
60887: 0.827437
60888: 0.82744
60889: 0.827443
60890: 0.827446
60891: 0.827449
60892: 0.827435
60893: 0.827438
60894: 0.827441
60895: 0.827444
60896: 0.827446
60897: 0.827449
60898: 0.827452
60899: 0.827455
60900: 0.827458
60901: 0.827461
60902: 0.827463
60903: 0.827466
60904: 0.827453
60905: 0.827439
60906: 0.827425
60907: 0.827428
60908: 0.827431
60909: 0.827434
60910: 0.82742
60911: 0.827423
60912: 0.827426
60913: 0.827429
60914: 0.827432
60915: 0.827434
60916: 0.827437
60917: 0.82744
60918: 0.827427
60919: 0.827429
60920: 0.827432
60921: 0.827435
60922: 0.827438
60923: 0.827424
60924: 0.827411
60925: 0.827414
60926: 0.827416
60927: 0.827419
60928: 0.827422
60929: 0.827425
60930: 0.827428
60931: 0.827431
60932: 0.827433
60933: 0.827436
60934: 0.827439
60935: 0.827442
60936: 0.827445
60937: 0.827431
60938: 0.827434
60939: 0.827437
60940: 0.82744
60941: 0.827442
60942: 0.827445
60943: 0.827432
60944: 0.827418
60945: 0.827405
60946: 0.827407
60947: 0.82741
60948: 0.827413
60949: 0.8274
60950: 0.827386
60951: 0.827372
60952: 0.827359
60953: 0.827362
60954: 0.827364
60955: 0.827367
60956: 0.82737
60957: 0.827373
60958: 0.827376
60959: 0.827379
60960: 0.827381
60961: 0.827384
60962: 0.827387
60963: 0.82739
60964: 0.827393
60965: 0.827396
60966: 0.827398
60967: 0.827401
60968: 0.827404
60969: 0.827407
60970: 0.82741
60971: 0.827413
60972: 0.827415
60973: 0.827418
60974: 0.827405
60975: 0.827408
60976: 0.82741
60977: 0.827413
60978: 0.827416
60979: 0.827419
60980: 0.827422
60981: 0.827424
60982: 0.827411
60983: 0.827414
60984: 0.827417
60985: 0.827419
60986: 0.827406
60987: 0.827392
60988: 0.827395
60989: 0.827398
60990: 0.827401
60991: 0.827404
60992: 0.82739
60993: 0.827393
60994: 0.827396
60995: 0.827399
60996: 0.827401
60997: 0.827404
60998: 0.827407
60999: 0.82741
61000: 0.827413
61001: 0.827415
61002: 0.827418
61003: 0.827421
61004: 0.827424
61005: 0.827427
61006: 0.82743
61007: 0.827432
61008: 0.827419
61009: 0.827405
61010: 0.827392
61011: 0.827378
61012: 0.827365
61013: 0.827351
61014: 0.827354
61015: 0.827357
61016: 0.82736
61017: 0.827362
61018: 0.827365
61019: 0.827368
61020: 0.827371
61021: 0.827374
61022: 0.827377
61023: 0.827363
61024: 0.827366
61025: 0.827369
61026: 0.827371
61027: 0.827374
61028: 0.827377
61029: 0.827364
61030: 0.827366
61031: 0.827369
61032: 0.827356
61033: 0.827359
61034: 0.827361
61035: 0.827364
61036: 0.827367
61037: 0.82737
61038: 0.827356
61039: 0.827343
61040: 0.827329
61041: 0.827316
61042: 0.827302
61043: 0.827305
61044: 0.827308
61045: 0.827311
61046: 0.827313
61047: 0.827316
61048: 0.827319
61049: 0.827322
61050: 0.827325
61051: 0.827328
61052: 0.82733
61053: 0.827333
61054: 0.827336
61055: 0.827339
61056: 0.827342
61057: 0.827344
61058: 0.827347
61059: 0.82735
61060: 0.827353
61061: 0.827356
61062: 0.827359
61063: 0.827361
61064: 0.827364
61065: 0.827351
61066: 0.827337
61067: 0.82734
61068: 0.827343
61069: 0.827346
61070: 0.827348
61071: 0.827351
61072: 0.827354
61073: 0.827357
61074: 0.82736
61075: 0.827363
61076: 0.827365
61077: 0.827368
61078: 0.827371
61079: 0.827374
61080: 0.82736
61081: 0.827347
61082: 0.827333
61083: 0.827336
61084: 0.827339
61085: 0.827342
61086: 0.827328
61087: 0.827331
61088: 0.827334
61089: 0.82732
61090: 0.827307
61091: 0.82731
61092: 0.827312
61093: 0.827315
61094: 0.827318
61095: 0.827321
61096: 0.827324
61097: 0.827327
61098: 0.827329
61099: 0.827332
61100: 0.827335
61101: 0.827338
61102: 0.827341
61103: 0.827344
61104: 0.827346
61105: 0.827349
61106: 0.827352
61107: 0.827355
61108: 0.827358
61109: 0.82736
61110: 0.827363
61111: 0.827366
61112: 0.827369
61113: 0.827372
61114: 0.827375
61115: 0.827377
61116: 0.82738
61117: 0.827383
61118: 0.827386
61119: 0.827389
61120: 0.827375
61121: 0.827378
61122: 0.827364
61123: 0.827367
61124: 0.82737
61125: 0.827373
61126: 0.827376
61127: 0.827379
61128: 0.827381
61129: 0.827384
61130: 0.827387
61131: 0.827374
61132: 0.82736
61133: 0.827363
61134: 0.827366
61135: 0.827368
61136: 0.827371
61137: 0.827374
61138: 0.827377
61139: 0.82738
61140: 0.827383
61141: 0.827369
61142: 0.827356
61143: 0.827342
61144: 0.827345
61145: 0.827331
61146: 0.827318
61147: 0.827304
61148: 0.827307
61149: 0.82731
61150: 0.827313
61151: 0.827316
61152: 0.827318
61153: 0.827321
61154: 0.827324
61155: 0.827327
61156: 0.82733
61157: 0.827332
61158: 0.827335
61159: 0.827338
61160: 0.827341
61161: 0.827344
61162: 0.827347
61163: 0.827349
61164: 0.827352
61165: 0.827355
61166: 0.827358
61167: 0.827361
61168: 0.827364
61169: 0.827366
61170: 0.827353
61171: 0.827356
61172: 0.827358
61173: 0.827361
61174: 0.827364
61175: 0.827367
61176: 0.82737
61177: 0.827373
61178: 0.827375
61179: 0.827378
61180: 0.827381
61181: 0.827384
61182: 0.827387
61183: 0.82739
61184: 0.827392
61185: 0.827395
61186: 0.827398
61187: 0.827401
61188: 0.827404
61189: 0.827406
61190: 0.827409
61191: 0.827412
61192: 0.827415
61193: 0.827418
61194: 0.827421
61195: 0.827423
61196: 0.827426
61197: 0.827429
61198: 0.827432
61199: 0.827435
61200: 0.827437
61201: 0.82744
61202: 0.827443
61203: 0.827446
61204: 0.827449
61205: 0.827452
61206: 0.827454
61207: 0.827457
61208: 0.82746
61209: 0.827463
61210: 0.827466
61211: 0.827468
61212: 0.827471
61213: 0.827474
61214: 0.827477
61215: 0.82748
61216: 0.827483
61217: 0.827485
61218: 0.827488
61219: 0.827491
61220: 0.827494
61221: 0.827497
61222: 0.827499
61223: 0.827486
61224: 0.827472
61225: 0.827459
61226: 0.827462
61227: 0.827448
61228: 0.827451
61229: 0.827454
61230: 0.827457
61231: 0.827459
61232: 0.827462
61233: 0.827465
61234: 0.827468
61235: 0.827471
61236: 0.827474
61237: 0.827476
61238: 0.827479
61239: 0.827482
61240: 0.827485
61241: 0.827488
61242: 0.82749
61243: 0.827493
61244: 0.827496
61245: 0.827483
61246: 0.827469
61247: 0.827472
61248: 0.827458
61249: 0.827461
61250: 0.827464
61251: 0.827467
61252: 0.82747
61253: 0.827472
61254: 0.827475
61255: 0.827462
61256: 0.827465
61257: 0.827467
61258: 0.827454
61259: 0.827457
61260: 0.82746
61261: 0.827462
61262: 0.827465
61263: 0.827468
61264: 0.827471
61265: 0.827474
61266: 0.827476
61267: 0.827479
61268: 0.827482
61269: 0.827485
61270: 0.827488
61271: 0.827491
61272: 0.827493
61273: 0.827496
61274: 0.827483
61275: 0.827485
61276: 0.827488
61277: 0.827491
61278: 0.827494
61279: 0.827497
61280: 0.827483
61281: 0.82747
61282: 0.827473
61283: 0.827459
61284: 0.827446
61285: 0.827448
61286: 0.827451
61287: 0.827438
61288: 0.827424
61289: 0.827411
61290: 0.827413
61291: 0.827416
61292: 0.827419
61293: 0.827422
61294: 0.827425
61295: 0.827428
61296: 0.82743
61297: 0.827433
61298: 0.827436
61299: 0.827439
61300: 0.827442
61301: 0.827444
61302: 0.827447
61303: 0.82745
61304: 0.827453
61305: 0.827456
61306: 0.827442
61307: 0.827445
61308: 0.827448
61309: 0.827451
61310: 0.827453
61311: 0.827456
61312: 0.827443
61313: 0.827429
61314: 0.827432
61315: 0.827435
61316: 0.827438
61317: 0.827441
61318: 0.827443
61319: 0.827446
61320: 0.827449
61321: 0.827452
61322: 0.827455
61323: 0.827457
61324: 0.82746
61325: 0.827463
61326: 0.827466
61327: 0.827469
61328: 0.827472
61329: 0.827474
61330: 0.827477
61331: 0.82748
61332: 0.827483
61333: 0.827469
61334: 0.827472
61335: 0.827475
61336: 0.827478
61337: 0.827481
61338: 0.827483
61339: 0.827486
61340: 0.827489
61341: 0.827492
61342: 0.827495
61343: 0.827497
61344: 0.8275
61345: 0.827503
61346: 0.827506
61347: 0.827509
61348: 0.827511
61349: 0.827514
61350: 0.827517
61351: 0.82752
61352: 0.827523
61353: 0.827526
61354: 0.827528
61355: 0.827515
61356: 0.827501
61357: 0.827488
61358: 0.827474
61359: 0.827477
61360: 0.82748
61361: 0.827483
61362: 0.827486
61363: 0.827488
61364: 0.827491
61365: 0.827494
61366: 0.827497
61367: 0.8275
61368: 0.827486
61369: 0.827473
61370: 0.827476
61371: 0.827478
61372: 0.827481
61373: 0.827484
61374: 0.827487
61375: 0.82749
61376: 0.827492
61377: 0.827495
61378: 0.827482
61379: 0.827485
61380: 0.827487
61381: 0.82749
61382: 0.827493
61383: 0.827496
61384: 0.827499
61385: 0.827501
61386: 0.827488
61387: 0.827474
61388: 0.827461
61389: 0.827464
61390: 0.827467
61391: 0.827453
61392: 0.827456
61393: 0.827459
61394: 0.827445
61395: 0.827432
61396: 0.827418
61397: 0.827421
61398: 0.827424
61399: 0.827427
61400: 0.827413
61401: 0.827416
61402: 0.827419
61403: 0.827422
61404: 0.827424
61405: 0.827427
61406: 0.82743
61407: 0.827433
61408: 0.827436
61409: 0.827439
61410: 0.827441
61411: 0.827444
61412: 0.827447
61413: 0.82745
61414: 0.827453
61415: 0.827455
61416: 0.827442
61417: 0.827445
61418: 0.827448
61419: 0.827434
61420: 0.827437
61421: 0.82744
61422: 0.827442
61423: 0.827445
61424: 0.827448
61425: 0.827435
61426: 0.827421
61427: 0.827424
61428: 0.827427
61429: 0.82743
61430: 0.827432
61431: 0.827435
61432: 0.827422
61433: 0.827408
61434: 0.827411
61435: 0.827414
61436: 0.827417
61437: 0.82742
61438: 0.827422
61439: 0.827425
61440: 0.827412
61441: 0.827398
61442: 0.827385
61443: 0.827388
61444: 0.82739
61445: 0.827377
61446: 0.82738
61447: 0.827383
61448: 0.827385
61449: 0.827388
61450: 0.827391
61451: 0.827377
61452: 0.827364
61453: 0.827367
61454: 0.82737
61455: 0.827372
61456: 0.827375
61457: 0.827378
61458: 0.827381
61459: 0.827384
61460: 0.827386
61461: 0.827389
61462: 0.827392
61463: 0.827395
61464: 0.827398
61465: 0.827401
61466: 0.827403
61467: 0.827406
61468: 0.827409
61469: 0.827412
61470: 0.827415
61471: 0.827417
61472: 0.82742
61473: 0.827423
61474: 0.827426
61475: 0.827429
61476: 0.827431
61477: 0.827434
61478: 0.827437
61479: 0.82744
61480: 0.827443
61481: 0.827445
61482: 0.827448
61483: 0.827451
61484: 0.827438
61485: 0.82744
61486: 0.827443
61487: 0.827446
61488: 0.827449
61489: 0.827452
61490: 0.827438
61491: 0.827425
61492: 0.827411
61493: 0.827414
61494: 0.827417
61495: 0.82742
61496: 0.827422
61497: 0.827425
61498: 0.827428
61499: 0.827431
61500: 0.827434
61501: 0.827437
61502: 0.827423
61503: 0.82741
61504: 0.827396
61505: 0.827399
61506: 0.827386
61507: 0.827372
61508: 0.827359
61509: 0.827361
61510: 0.827364
61511: 0.827367
61512: 0.827354
61513: 0.827356
61514: 0.827359
61515: 0.827362
61516: 0.827365
61517: 0.827368
61518: 0.82737
61519: 0.827373
61520: 0.827376
61521: 0.827379
61522: 0.827382
61523: 0.827384
61524: 0.827387
61525: 0.82739
61526: 0.827377
61527: 0.827379
61528: 0.827366
61529: 0.827353
61530: 0.827339
61531: 0.827342
61532: 0.827345
61533: 0.827347
61534: 0.82735
61535: 0.827353
61536: 0.827356
61537: 0.827359
61538: 0.827362
61539: 0.827348
61540: 0.827335
61541: 0.827337
61542: 0.82734
61543: 0.827343
61544: 0.827346
61545: 0.827349
61546: 0.827351
61547: 0.827354
61548: 0.827357
61549: 0.827344
61550: 0.82733
61551: 0.827317
61552: 0.827303
61553: 0.82729
61554: 0.827293
61555: 0.827279
61556: 0.827266
61557: 0.827269
61558: 0.827271
61559: 0.827274
61560: 0.827277
61561: 0.82728
61562: 0.827283
61563: 0.827285
61564: 0.827288
61565: 0.827291
61566: 0.827294
61567: 0.82728
61568: 0.827283
61569: 0.827286
61570: 0.827289
61571: 0.827275
61572: 0.827262
61573: 0.827249
61574: 0.827251
61575: 0.827254
61576: 0.827257
61577: 0.82726
61578: 0.827263
61579: 0.827265
61580: 0.827268
61581: 0.827271
61582: 0.827274
61583: 0.827277
61584: 0.827279
61585: 0.827282
61586: 0.827285
61587: 0.827272
61588: 0.827274
61589: 0.827277
61590: 0.82728
61591: 0.827283
61592: 0.827286
61593: 0.827288
61594: 0.827291
61595: 0.827294
61596: 0.827297
61597: 0.8273
61598: 0.827302
61599: 0.827289
61600: 0.827292
61601: 0.827295
61602: 0.827297
61603: 0.8273
61604: 0.827303
61605: 0.82729
61606: 0.827292
61607: 0.827295
61608: 0.827298
61609: 0.827301
61610: 0.827304
61611: 0.827306
61612: 0.827309
61613: 0.827296
61614: 0.827282
61615: 0.827285
61616: 0.827272
61617: 0.827258
61618: 0.827245
61619: 0.827248
61620: 0.82725
61621: 0.827253
61622: 0.827256
61623: 0.827259
61624: 0.827262
61625: 0.827264
61626: 0.827267
61627: 0.82727
61628: 0.827273
61629: 0.827276
61630: 0.827262
61631: 0.827265
61632: 0.827268
61633: 0.827271
61634: 0.827257
61635: 0.827244
61636: 0.827247
61637: 0.827249
61638: 0.827252
61639: 0.827255
61640: 0.827258
61641: 0.827261
61642: 0.827263
61643: 0.827266
61644: 0.827269
61645: 0.827272
61646: 0.827258
61647: 0.827245
61648: 0.827232
61649: 0.827234
61650: 0.827237
61651: 0.82724
61652: 0.827243
61653: 0.827246
61654: 0.827232
61655: 0.827235
61656: 0.827238
61657: 0.827241
61658: 0.827243
61659: 0.827246
61660: 0.827233
61661: 0.827236
61662: 0.827238
61663: 0.827241
61664: 0.827244
61665: 0.827247
61666: 0.827233
61667: 0.82722
61668: 0.827223
61669: 0.827226
61670: 0.827228
61671: 0.827231
61672: 0.827234
61673: 0.827237
61674: 0.82724
61675: 0.827242
61676: 0.827229
61677: 0.827232
61678: 0.827235
61679: 0.827237
61680: 0.82724
61681: 0.827243
61682: 0.827246
61683: 0.827232
61684: 0.827235
61685: 0.827238
61686: 0.827241
61687: 0.827244
61688: 0.827246
61689: 0.827249
61690: 0.827252
61691: 0.827255
61692: 0.827241
61693: 0.827244
61694: 0.827247
61695: 0.82725
61696: 0.827253
61697: 0.827255
61698: 0.827258
61699: 0.827261
61700: 0.827264
61701: 0.82725
61702: 0.827237
61703: 0.82724
61704: 0.827226
61705: 0.827229
61706: 0.827232
61707: 0.827235
61708: 0.827238
61709: 0.82724
61710: 0.827243
61711: 0.827246
61712: 0.827249
61713: 0.827252
61714: 0.827254
61715: 0.827257
61716: 0.82726
61717: 0.827263
61718: 0.827266
61719: 0.827268
61720: 0.827271
61721: 0.827274
61722: 0.827277
61723: 0.82728
61724: 0.827282
61725: 0.827285
61726: 0.827288
61727: 0.827291
61728: 0.827293
61729: 0.827296
61730: 0.827299
61731: 0.827286
61732: 0.827288
61733: 0.827291
61734: 0.827294
61735: 0.827297
61736: 0.8273
61737: 0.827302
61738: 0.827305
61739: 0.827308
61740: 0.827311
61741: 0.827314
61742: 0.827316
61743: 0.827319
61744: 0.827322
61745: 0.827325
61746: 0.827328
61747: 0.82733
61748: 0.827333
61749: 0.827336
61750: 0.827339
61751: 0.827342
61752: 0.827344
61753: 0.827347
61754: 0.82735
61755: 0.827353
61756: 0.827356
61757: 0.827358
61758: 0.827361
61759: 0.827348
61760: 0.827351
61761: 0.827353
61762: 0.827356
61763: 0.827359
61764: 0.827362
61765: 0.827348
61766: 0.827351
61767: 0.827354
61768: 0.827357
61769: 0.82736
61770: 0.827362
61771: 0.827365
61772: 0.827368
61773: 0.827371
61774: 0.827357
61775: 0.82736
61776: 0.827363
61777: 0.827366
61778: 0.827369
61779: 0.827371
61780: 0.827374
61781: 0.827377
61782: 0.82738
61783: 0.827382
61784: 0.827385
61785: 0.827388
61786: 0.827391
61787: 0.827394
61788: 0.827396
61789: 0.827399
61790: 0.827402
61791: 0.827405
61792: 0.827408
61793: 0.82741
61794: 0.827413
61795: 0.827416
61796: 0.827419
61797: 0.827422
61798: 0.827424
61799: 0.827427
61800: 0.82743
61801: 0.827433
61802: 0.827436
61803: 0.827438
61804: 0.827441
61805: 0.827444
61806: 0.827447
61807: 0.82745
61808: 0.827452
61809: 0.827455
61810: 0.827458
61811: 0.827461
61812: 0.827463
61813: 0.827466
61814: 0.827469
61815: 0.827472
61816: 0.827475
61817: 0.827477
61818: 0.82748
61819: 0.827483
61820: 0.827486
61821: 0.827489
61822: 0.827491
61823: 0.827494
61824: 0.827497
61825: 0.8275
61826: 0.827486
61827: 0.827473
61828: 0.827476
61829: 0.827479
61830: 0.827481
61831: 0.827484
61832: 0.827487
61833: 0.82749
61834: 0.827493
61835: 0.827479
61836: 0.827466
61837: 0.827469
61838: 0.827455
61839: 0.827458
61840: 0.827461
61841: 0.827464
61842: 0.82745
61843: 0.827453
61844: 0.827456
61845: 0.827459
61846: 0.827461
61847: 0.827448
61848: 0.827435
61849: 0.827421
61850: 0.827424
61851: 0.827427
61852: 0.82743
61853: 0.827432
61854: 0.827435
61855: 0.827438
61856: 0.827441
61857: 0.827443
61858: 0.827446
61859: 0.827433
61860: 0.82742
61861: 0.827422
61862: 0.827425
61863: 0.827412
61864: 0.827415
61865: 0.827417
61866: 0.82742
61867: 0.827423
61868: 0.827426
61869: 0.827428
61870: 0.827431
61871: 0.827434
61872: 0.827437
61873: 0.82744
61874: 0.827442
61875: 0.827445
61876: 0.827448
61877: 0.827451
61878: 0.827437
61879: 0.82744
61880: 0.827443
61881: 0.827446
61882: 0.827449
61883: 0.827451
61884: 0.827454
61885: 0.827441
61886: 0.827427
61887: 0.82743
61888: 0.827433
61889: 0.827436
61890: 0.827439
61891: 0.827441
61892: 0.827444
61893: 0.827447
61894: 0.82745
61895: 0.827453
61896: 0.827455
61897: 0.827458
61898: 0.827445
61899: 0.827431
61900: 0.827418
61901: 0.827405
61902: 0.827391
61903: 0.827378
61904: 0.827365
61905: 0.827367
61906: 0.827354
61907: 0.827357
61908: 0.82736
61909: 0.827362
61910: 0.827365
61911: 0.827368
61912: 0.827371
61913: 0.827373
61914: 0.827376
61915: 0.827379
61916: 0.827382
61917: 0.827385
61918: 0.827387
61919: 0.82739
61920: 0.827393
61921: 0.827396
61922: 0.827399
61923: 0.827401
61924: 0.827404
61925: 0.827391
61926: 0.827394
61927: 0.827396
61928: 0.827383
61929: 0.827386
61930: 0.827389
61931: 0.827391
61932: 0.827394
61933: 0.827397
61934: 0.8274
61935: 0.827402
61936: 0.827389
61937: 0.827392
61938: 0.827395
61939: 0.827397
61940: 0.8274
61941: 0.827403
61942: 0.827406
61943: 0.827409
61944: 0.827395
61945: 0.827398
61946: 0.827401
61947: 0.827404
61948: 0.827406
61949: 0.827409
61950: 0.827412
61951: 0.827415
61952: 0.827418
61953: 0.82742
61954: 0.827423
61955: 0.827426
61956: 0.827429
61957: 0.827415
61958: 0.827418
61959: 0.827421
61960: 0.827424
61961: 0.827426
61962: 0.827429
61963: 0.827432
61964: 0.827435
61965: 0.827438
61966: 0.82744
61967: 0.827443
61968: 0.827446
61969: 0.827433
61970: 0.827435
61971: 0.827438
61972: 0.827441
61973: 0.827428
61974: 0.827414
61975: 0.827417
61976: 0.82742
61977: 0.827423
61978: 0.827425
61979: 0.827428
61980: 0.827431
61981: 0.827434
61982: 0.827437
61983: 0.827439
61984: 0.827442
61985: 0.827445
61986: 0.827448
61987: 0.827434
61988: 0.827437
61989: 0.82744
61990: 0.827443
61991: 0.827445
61992: 0.827432
61993: 0.827435
61994: 0.827438
61995: 0.82744
61996: 0.827443
61997: 0.827446
61998: 0.827449
61999: 0.827452
62000: 0.827454
62001: 0.827457
62002: 0.827444
62003: 0.827447
62004: 0.827449
62005: 0.827452
62006: 0.827455
62007: 0.827458
62008: 0.827461
62009: 0.827463
62010: 0.827466
62011: 0.827469
62012: 0.827472
62013: 0.827474
62014: 0.827477
62015: 0.82748
62016: 0.827483
62017: 0.827486
62018: 0.827488
62019: 0.827491
62020: 0.827494
62021: 0.827497
62022: 0.827499
62023: 0.827502
62024: 0.827505
62025: 0.827508
62026: 0.827511
62027: 0.827513
62028: 0.827516
62029: 0.827519
62030: 0.827522
62031: 0.827525
62032: 0.827527
62033: 0.827514
62034: 0.827501
62035: 0.827503
62036: 0.827506
62037: 0.827509
62038: 0.827496
62039: 0.827498
62040: 0.827501
62041: 0.827504
62042: 0.827507
62043: 0.82751
62044: 0.827512
62045: 0.827515
62046: 0.827518
62047: 0.827521
62048: 0.827523
62049: 0.827526
62050: 0.827513
62051: 0.827516
62052: 0.827518
62053: 0.827521
62054: 0.827524
62055: 0.827527
62056: 0.82753
62057: 0.827532
62058: 0.827519
62059: 0.827522
62060: 0.827525
62061: 0.827527
62062: 0.82753
62063: 0.827517
62064: 0.82752
62065: 0.827522
62066: 0.827525
62067: 0.827528
62068: 0.827531
62069: 0.827533
62070: 0.827536
62071: 0.827539
62072: 0.827542
62073: 0.827528
62074: 0.827515
62075: 0.827502
62076: 0.827505
62077: 0.827507
62078: 0.82751
62079: 0.827513
62080: 0.827516
62081: 0.827518
62082: 0.827521
62083: 0.827524
62084: 0.827527
62085: 0.82753
62086: 0.827532
62087: 0.827535
62088: 0.827538
62089: 0.827541
62090: 0.827527
62091: 0.827514
62092: 0.827501
62093: 0.827487
62094: 0.827474
62095: 0.827477
62096: 0.82748
62097: 0.827482
62098: 0.827485
62099: 0.827488
62100: 0.827491
62101: 0.827493
62102: 0.827496
62103: 0.827499
62104: 0.827502
62105: 0.827488
62106: 0.827491
62107: 0.827494
62108: 0.827497
62109: 0.8275
62110: 0.827502
62111: 0.827505
62112: 0.827508
62113: 0.827511
62114: 0.827513
62115: 0.827516
62116: 0.827519
62117: 0.827522
62118: 0.827525
62119: 0.827527
62120: 0.82753
62121: 0.827517
62122: 0.827504
62123: 0.82749
62124: 0.827493
62125: 0.827496
62126: 0.827499
62127: 0.827485
62128: 0.827472
62129: 0.827475
62130: 0.827461
62131: 0.827464
62132: 0.827467
62133: 0.82747
62134: 0.827456
62135: 0.827459
62136: 0.827462
62137: 0.827465
62138: 0.827467
62139: 0.82747
62140: 0.827457
62141: 0.82746
62142: 0.827462
62143: 0.827465
62144: 0.827468
62145: 0.827471
62146: 0.827474
62147: 0.82746
62148: 0.827463
62149: 0.82745
62150: 0.827436
62151: 0.827439
62152: 0.827442
62153: 0.827445
62154: 0.827448
62155: 0.82745
62156: 0.827453
62157: 0.827456
62158: 0.827443
62159: 0.827429
62160: 0.827432
62161: 0.827435
62162: 0.827438
62163: 0.82744
62164: 0.827443
62165: 0.827446
62166: 0.827449
62167: 0.827435
62168: 0.827438
62169: 0.827425
62170: 0.827428
62171: 0.82743
62172: 0.827433
62173: 0.827436
62174: 0.827439
62175: 0.827441
62176: 0.827444
62177: 0.827447
62178: 0.827434
62179: 0.827436
62180: 0.827439
62181: 0.827442
62182: 0.827445
62183: 0.827448
62184: 0.82745
62185: 0.827453
62186: 0.827456
62187: 0.827459
62188: 0.827461
62189: 0.827448
62190: 0.827451
62191: 0.827454
62192: 0.827456
62193: 0.827443
62194: 0.82743
62195: 0.827433
62196: 0.827435
62197: 0.827438
62198: 0.827441
62199: 0.827444
62200: 0.827447
62201: 0.827449
62202: 0.827452
62203: 0.827455
62204: 0.827458
62205: 0.82746
62206: 0.827463
62207: 0.827466
62208: 0.827453
62209: 0.827455
62210: 0.827458
62211: 0.827461
62212: 0.827464
62213: 0.827466
62214: 0.827469
62215: 0.827472
62216: 0.827475
62217: 0.827478
62218: 0.82748
62219: 0.827483
62220: 0.827486
62221: 0.827489
62222: 0.827491
62223: 0.827494
62224: 0.827481
62225: 0.827468
62226: 0.82747
62227: 0.827473
62228: 0.827476
62229: 0.827479
62230: 0.827465
62231: 0.827452
62232: 0.827439
62233: 0.827442
62234: 0.827444
62235: 0.827447
62236: 0.82745
62237: 0.827453
62238: 0.827455
62239: 0.827442
62240: 0.827429
62241: 0.827432
62242: 0.827434
62243: 0.827437
62244: 0.82744
62245: 0.827443
62246: 0.827445
62247: 0.827448
62248: 0.827451
62249: 0.827454
62250: 0.827457
62251: 0.827459
62252: 0.827462
62253: 0.827465
62254: 0.827468
62255: 0.82747
62256: 0.827473
62257: 0.827476
62258: 0.827479
62259: 0.827482
62260: 0.827484
62261: 0.827487
62262: 0.82749
62263: 0.827493
62264: 0.827495
62265: 0.827498
62266: 0.827501
62267: 0.827504
62268: 0.82749
62269: 0.827493
62270: 0.827496
62271: 0.827499
62272: 0.827501
62273: 0.827504
62274: 0.827507
62275: 0.82751
62276: 0.827513
62277: 0.827499
62278: 0.827502
62279: 0.827505
62280: 0.827492
62281: 0.827494
62282: 0.827497
62283: 0.8275
62284: 0.827503
62285: 0.827505
62286: 0.827508
62287: 0.827511
62288: 0.827514
62289: 0.827516
62290: 0.827519
62291: 0.827522
62292: 0.827525
62293: 0.827528
62294: 0.82753
62295: 0.827533
62296: 0.82752
62297: 0.827507
62298: 0.827509
62299: 0.827512
62300: 0.827515
62301: 0.827518
62302: 0.82752
62303: 0.827507
62304: 0.827494
62305: 0.82748
62306: 0.827467
62307: 0.82747
62308: 0.827473
62309: 0.827459
62310: 0.827446
62311: 0.827433
62312: 0.827436
62313: 0.827438
62314: 0.827441
62315: 0.827444
62316: 0.827447
62317: 0.82745
62318: 0.827452
62319: 0.827455
62320: 0.827458
62321: 0.827461
62322: 0.827463
62323: 0.827466
62324: 0.827469
62325: 0.827472
62326: 0.827474
62327: 0.827461
62328: 0.827448
62329: 0.827451
62330: 0.827453
62331: 0.827456
62332: 0.827459
62333: 0.827446
62334: 0.827432
62335: 0.827419
62336: 0.827422
62337: 0.827425
62338: 0.827427
62339: 0.82743
62340: 0.827433
62341: 0.82742
62342: 0.827406
62343: 0.827393
62344: 0.82738
62345: 0.827383
62346: 0.827385
62347: 0.827388
62348: 0.827391
62349: 0.827394
62350: 0.827397
62351: 0.827399
62352: 0.827402
62353: 0.827389
62354: 0.827392
62355: 0.827394
62356: 0.827397
62357: 0.8274
62358: 0.827403
62359: 0.827389
62360: 0.827392
62361: 0.827395
62362: 0.827382
62363: 0.827384
62364: 0.827387
62365: 0.82739
62366: 0.827393
62367: 0.827395
62368: 0.827398
62369: 0.827401
62370: 0.827404
62371: 0.827407
62372: 0.827409
62373: 0.827412
62374: 0.827415
62375: 0.827418
62376: 0.82742
62377: 0.827423
62378: 0.827426
62379: 0.827429
62380: 0.827415
62381: 0.827418
62382: 0.827421
62383: 0.827424
62384: 0.827426
62385: 0.827413
62386: 0.827416
62387: 0.827419
62388: 0.827405
62389: 0.827408
62390: 0.827411
62391: 0.827414
62392: 0.827417
62393: 0.827419
62394: 0.827422
62395: 0.827425
62396: 0.827428
62397: 0.82743
62398: 0.827417
62399: 0.82742
62400: 0.827423
62401: 0.827425
62402: 0.827428
62403: 0.827431
62404: 0.827434
62405: 0.827436
62406: 0.827423
62407: 0.827426
62408: 0.827429
62409: 0.827432
62410: 0.827434
62411: 0.827437
62412: 0.82744
62413: 0.827443
62414: 0.827429
62415: 0.827432
62416: 0.827435
62417: 0.827438
62418: 0.82744
62419: 0.827443
62420: 0.82743
62421: 0.827433
62422: 0.827435
62423: 0.827438
62424: 0.827441
62425: 0.827444
62426: 0.82743
62427: 0.827417
62428: 0.82742
62429: 0.827423
62430: 0.827425
62431: 0.827428
62432: 0.827431
62433: 0.827434
62434: 0.827437
62435: 0.827439
62436: 0.827442
62437: 0.827445
62438: 0.827448
62439: 0.82745
62440: 0.827453
62441: 0.827456
62442: 0.827459
62443: 0.827461
62444: 0.827464
62445: 0.827467
62446: 0.82747
62447: 0.827472
62448: 0.827475
62449: 0.827478
62450: 0.827481
62451: 0.827484
62452: 0.827486
62453: 0.827489
62454: 0.827492
62455: 0.827495
62456: 0.827497
62457: 0.8275
62458: 0.827503
62459: 0.827506
62460: 0.827508
62461: 0.827511
62462: 0.827514
62463: 0.827517
62464: 0.827519
62465: 0.827522
62466: 0.827525
62467: 0.827528
62468: 0.82753
62469: 0.827533
62470: 0.82752
62471: 0.827523
62472: 0.827509
62473: 0.827496
62474: 0.827499
62475: 0.827502
62476: 0.827505
62477: 0.827507
62478: 0.827494
62479: 0.827497
62480: 0.8275
62481: 0.827502
62482: 0.827505
62483: 0.827508
62484: 0.827511
62485: 0.827513
62486: 0.827516
62487: 0.827503
62488: 0.827506
62489: 0.827508
62490: 0.827511
62491: 0.827514
62492: 0.827517
62493: 0.827519
62494: 0.827522
62495: 0.827525
62496: 0.827528
62497: 0.82753
62498: 0.827533
62499: 0.827536
62500: 0.827523
62501: 0.82751
62502: 0.827496
62503: 0.827483
62504: 0.82747
62505: 0.827473
62506: 0.827475
62507: 0.827478
62508: 0.827481
62509: 0.827484
62510: 0.827486
62511: 0.827489
62512: 0.827492
62513: 0.827495
62514: 0.827497
62515: 0.827484
62516: 0.827471
62517: 0.827474
62518: 0.827476
62519: 0.827479
62520: 0.827482
62521: 0.827485
62522: 0.827487
62523: 0.82749
62524: 0.827493
62525: 0.827496
62526: 0.827499
62527: 0.827485
62528: 0.827488
62529: 0.827491
62530: 0.827494
62531: 0.827496
62532: 0.827499
62533: 0.827502
62534: 0.827505
62535: 0.827507
62536: 0.82751
62537: 0.827513
62538: 0.8275
62539: 0.827486
62540: 0.827489
62541: 0.827492
62542: 0.827479
62543: 0.827465
62544: 0.827468
62545: 0.827471
62546: 0.827474
62547: 0.827476
62548: 0.827479
62549: 0.827482
62550: 0.827485
62551: 0.827488
62552: 0.82749
62553: 0.827493
62554: 0.82748
62555: 0.827483
62556: 0.827485
62557: 0.827488
62558: 0.827491
62559: 0.827494
62560: 0.827496
62561: 0.827499
62562: 0.827502
62563: 0.827505
62564: 0.827507
62565: 0.82751
62566: 0.827513
62567: 0.827516
62568: 0.827518
62569: 0.827521
62570: 0.827524
62571: 0.827527
62572: 0.827529
62573: 0.827532
62574: 0.827519
62575: 0.827522
62576: 0.827524
62577: 0.827511
62578: 0.827514
62579: 0.827517
62580: 0.827504
62581: 0.82749
62582: 0.827493
62583: 0.827496
62584: 0.827499
62585: 0.827501
62586: 0.827504
62587: 0.827507
62588: 0.82751
62589: 0.827512
62590: 0.827515
62591: 0.827518
62592: 0.827521
62593: 0.827523
62594: 0.827526
62595: 0.827529
62596: 0.827532
62597: 0.827534
62598: 0.827537
62599: 0.827524
62600: 0.827527
62601: 0.827529
62602: 0.827532
62603: 0.827535
62604: 0.827538
62605: 0.82754
62606: 0.827543
62607: 0.827546
62608: 0.827549
62609: 0.827552
62610: 0.827554
62611: 0.827557
62612: 0.82756
62613: 0.827563
62614: 0.827565
62615: 0.827568
62616: 0.827571
62617: 0.827574
62618: 0.827576
62619: 0.827579
62620: 0.827582
62621: 0.827569
62622: 0.827555
62623: 0.827558
62624: 0.827561
62625: 0.827564
62626: 0.827566
62627: 0.827553
62628: 0.827556
62629: 0.827559
62630: 0.827561
62631: 0.827548
62632: 0.827551
62633: 0.827554
62634: 0.827556
62635: 0.827559
62636: 0.827562
62637: 0.827565
62638: 0.827567
62639: 0.82757
62640: 0.827573
62641: 0.827576
62642: 0.827579
62643: 0.827581
62644: 0.827568
62645: 0.827555
62646: 0.827542
62647: 0.827528
62648: 0.827515
62649: 0.827518
62650: 0.827521
62651: 0.827523
62652: 0.827526
62653: 0.827529
62654: 0.827532
62655: 0.827534
62656: 0.827537
62657: 0.82754
62658: 0.827543
62659: 0.827545
62660: 0.827548
62661: 0.827551
62662: 0.827554
62663: 0.827556
62664: 0.827559
62665: 0.827562
62666: 0.827565
62667: 0.827567
62668: 0.82757
62669: 0.827573
62670: 0.827576
62671: 0.827579
62672: 0.827581
62673: 0.827584
62674: 0.827587
62675: 0.827574
62676: 0.827576
62677: 0.827579
62678: 0.827582
62679: 0.827585
62680: 0.827587
62681: 0.82759
62682: 0.827593
62683: 0.827596
62684: 0.827582
62685: 0.827569
62686: 0.827572
62687: 0.827559
62688: 0.827561
62689: 0.827564
62690: 0.827567
62691: 0.82757
62692: 0.827572
62693: 0.827575
62694: 0.827562
62695: 0.827565
62696: 0.827568
62697: 0.82757
62698: 0.827573
62699: 0.827576
62700: 0.827579
62701: 0.827581
62702: 0.827568
62703: 0.827571
62704: 0.827574
62705: 0.827576
62706: 0.827579
62707: 0.827582
62708: 0.827585
62709: 0.827587
62710: 0.82759
62711: 0.827593
62712: 0.82758
62713: 0.827582
62714: 0.827585
62715: 0.827588
62716: 0.827591
62717: 0.827593
62718: 0.827596
62719: 0.827599
62720: 0.827602
62721: 0.827604
62722: 0.827607
62723: 0.82761
62724: 0.827613
62725: 0.827615
62726: 0.827602
62727: 0.827589
62728: 0.827576
62729: 0.827563
62730: 0.827549
62731: 0.827536
62732: 0.827523
62733: 0.827526
62734: 0.827528
62735: 0.827531
62736: 0.827518
62737: 0.827521
62738: 0.827524
62739: 0.827526
62740: 0.827529
62741: 0.827532
62742: 0.827535
62743: 0.827537
62744: 0.82754
62745: 0.827543
62746: 0.827546
62747: 0.827548
62748: 0.827551
62749: 0.827554
62750: 0.827541
62751: 0.827543
62752: 0.827546
62753: 0.827549
62754: 0.827552
62755: 0.827554
62756: 0.827541
62757: 0.827544
62758: 0.827547
62759: 0.827549
62760: 0.827536
62761: 0.827539
62762: 0.827542
62763: 0.827544
62764: 0.827547
62765: 0.82755
62766: 0.827553
62767: 0.827555
62768: 0.827558
62769: 0.827561
62770: 0.827564
62771: 0.827566
62772: 0.827553
62773: 0.827556
62774: 0.827559
62775: 0.827561
62776: 0.827564
62777: 0.827551
62778: 0.827554
62779: 0.827557
62780: 0.827559
62781: 0.827562
62782: 0.827565
62783: 0.827568
62784: 0.82757
62785: 0.827573
62786: 0.827576
62787: 0.827579
62788: 0.827565
62789: 0.827568
62790: 0.827571
62791: 0.827574
62792: 0.827576
62793: 0.827579
62794: 0.827582
62795: 0.827569
62796: 0.827571
62797: 0.827574
62798: 0.827577
62799: 0.82758
62800: 0.827582
62801: 0.827585
62802: 0.827588
62803: 0.827591
62804: 0.827593
62805: 0.827596
62806: 0.827583
62807: 0.82757
62808: 0.827557
62809: 0.827559
62810: 0.827562
62811: 0.827565
62812: 0.827568
62813: 0.82757
62814: 0.827557
62815: 0.827544
62816: 0.827547
62817: 0.827549
62818: 0.827536
62819: 0.827523
62820: 0.827526
62821: 0.827529
62822: 0.827531
62823: 0.827534
62824: 0.827537
62825: 0.82754
62826: 0.827542
62827: 0.827545
62828: 0.827548
62829: 0.827551
62830: 0.827537
62831: 0.827524
62832: 0.827511
62833: 0.827498
62834: 0.827501
62835: 0.827503
62836: 0.827506
62837: 0.827509
62838: 0.827512
62839: 0.827514
62840: 0.827517
62841: 0.82752
62842: 0.827507
62843: 0.827493
62844: 0.827496
62845: 0.827499
62846: 0.827502
62847: 0.827504
62848: 0.827507
62849: 0.82751
62850: 0.827497
62851: 0.8275
62852: 0.827502
62853: 0.827505
62854: 0.827508
62855: 0.827511
62856: 0.827513
62857: 0.8275
62858: 0.827503
62859: 0.827506
62860: 0.827508
62861: 0.827511
62862: 0.827498
62863: 0.827485
62864: 0.827487
62865: 0.82749
62866: 0.827493
62867: 0.82748
62868: 0.827483
62869: 0.827485
62870: 0.827472
62871: 0.827475
62872: 0.827478
62873: 0.82748
62874: 0.827483
62875: 0.82747
62876: 0.827457
62877: 0.827444
62878: 0.827446
62879: 0.827449
62880: 0.827452
62881: 0.827455
62882: 0.827457
62883: 0.82746
62884: 0.827463
62885: 0.827466
62886: 0.827468
62887: 0.827471
62888: 0.827474
62889: 0.827477
62890: 0.827479
62891: 0.827482
62892: 0.827485
62893: 0.827488
62894: 0.827474
62895: 0.827461
62896: 0.827464
62897: 0.827467
62898: 0.827469
62899: 0.827472
62900: 0.827475
62901: 0.827478
62902: 0.82748
62903: 0.827483
62904: 0.827486
62905: 0.827489
62906: 0.827491
62907: 0.827494
62908: 0.827497
62909: 0.8275
62910: 0.827502
62911: 0.827489
62912: 0.827492
62913: 0.827495
62914: 0.827482
62915: 0.827484
62916: 0.827487
62917: 0.827474
62918: 0.827477
62919: 0.827479
62920: 0.827482
62921: 0.827485
62922: 0.827488
62923: 0.82749
62924: 0.827493
62925: 0.827496
62926: 0.827499
62927: 0.827501
62928: 0.827504
62929: 0.827507
62930: 0.827509
62931: 0.827496
62932: 0.827499
62933: 0.827502
62934: 0.827489
62935: 0.827476
62936: 0.827478
62937: 0.827481
62938: 0.827484
62939: 0.827486
62940: 0.827489
62941: 0.827492
62942: 0.827495
62943: 0.827497
62944: 0.827484
62945: 0.827471
62946: 0.827458
62947: 0.827461
62948: 0.827464
62949: 0.827466
62950: 0.827469
62951: 0.827472
62952: 0.827474
62953: 0.827477
62954: 0.82748
62955: 0.827483
62956: 0.827485
62957: 0.827488
62958: 0.827491
62959: 0.827494
62960: 0.827496
62961: 0.827499
62962: 0.827502
62963: 0.827505
62964: 0.827507
62965: 0.827494
62966: 0.827481
62967: 0.827468
62968: 0.827455
62969: 0.827458
62970: 0.82746
62971: 0.827463
62972: 0.827466
62973: 0.827468
62974: 0.827471
62975: 0.827458
62976: 0.827445
62977: 0.827432
62978: 0.827419
62979: 0.827406
62980: 0.827408
62981: 0.827411
62982: 0.827414
62983: 0.827416
62984: 0.827419
62985: 0.827422
62986: 0.827425
62987: 0.827427
62988: 0.82743
62989: 0.827433
62990: 0.827436
62991: 0.827438
62992: 0.827441
62993: 0.827444
62994: 0.827447
62995: 0.827449
62996: 0.827452
62997: 0.827455
62998: 0.827442
62999: 0.827429
63000: 0.827431
63001: 0.827434
63002: 0.827437
63003: 0.82744
63004: 0.827442
63005: 0.827445
63006: 0.827448
63007: 0.827435
63008: 0.827421
63009: 0.827424
63010: 0.827427
63011: 0.82743
63012: 0.827432
63013: 0.827435
63014: 0.827438
63015: 0.827441
63016: 0.827443
63017: 0.827446
63018: 0.827449
63019: 0.827452
63020: 0.827454
63021: 0.827457
63022: 0.82746
63023: 0.827463
63024: 0.827465
63025: 0.827468
63026: 0.827471
63027: 0.827474
63028: 0.82746
63029: 0.827463
63030: 0.827466
63031: 0.827469
63032: 0.827471
63033: 0.827474
63034: 0.827477
63035: 0.82748
63036: 0.827482
63037: 0.827485
63038: 0.827488
63039: 0.82749
63040: 0.827477
63041: 0.827464
63042: 0.827451
63043: 0.827454
63044: 0.827457
63045: 0.827459
63046: 0.827462
63047: 0.827465
63048: 0.827468
63049: 0.82747
63050: 0.827473
63051: 0.827476
63052: 0.827478
63053: 0.827481
63054: 0.827484
63055: 0.827487
63056: 0.827489
63057: 0.827492
63058: 0.827495
63059: 0.827498
63060: 0.8275
63061: 0.827503
63062: 0.827506
63063: 0.827509
63064: 0.827495
63065: 0.827498
63066: 0.827501
63067: 0.827504
63068: 0.827506
63069: 0.827509
63070: 0.827512
63071: 0.827499
63072: 0.827486
63073: 0.827488
63074: 0.827491
63075: 0.827494
63076: 0.827497
63077: 0.827499
63078: 0.827502
63079: 0.827505
63080: 0.827492
63081: 0.827494
63082: 0.827481
63083: 0.827484
63084: 0.827487
63085: 0.827489
63086: 0.827492
63087: 0.827495
63088: 0.827498
63089: 0.8275
63090: 0.827487
63091: 0.82749
63092: 0.827493
63093: 0.827495
63094: 0.827498
63095: 0.827501
63096: 0.827504
63097: 0.827506
63098: 0.827509
63099: 0.827512
63100: 0.827515
63101: 0.827517
63102: 0.82752
63103: 0.827523
63104: 0.827526
63105: 0.827528
63106: 0.827531
63107: 0.827534
63108: 0.827536
63109: 0.827539
63110: 0.827542
63111: 0.827545
63112: 0.827547
63113: 0.82755
63114: 0.827553
63115: 0.827556
63116: 0.827558
63117: 0.827545
63118: 0.827548
63119: 0.827551
63120: 0.827553
63121: 0.827556
63122: 0.827559
63123: 0.827562
63124: 0.827564
63125: 0.827567
63126: 0.82757
63127: 0.827573
63128: 0.827559
63129: 0.827562
63130: 0.827565
63131: 0.827568
63132: 0.82757
63133: 0.827573
63134: 0.827576
63135: 0.827579
63136: 0.827581
63137: 0.827568
63138: 0.827571
63139: 0.827574
63140: 0.827576
63141: 0.827579
63142: 0.827582
63143: 0.827585
63144: 0.827587
63145: 0.82759
63146: 0.827593
63147: 0.82758
63148: 0.827567
63149: 0.827569
63150: 0.827572
63151: 0.827575
63152: 0.827562
63153: 0.827549
63154: 0.827551
63155: 0.827554
63156: 0.827557
63157: 0.827559
63158: 0.827562
63159: 0.827565
63160: 0.827568
63161: 0.82757
63162: 0.827573
63163: 0.827576
63164: 0.827563
63165: 0.827565
63166: 0.827568
63167: 0.827571
63168: 0.827574
63169: 0.827576
63170: 0.827579
63171: 0.827582
63172: 0.827585
63173: 0.827587
63174: 0.82759
63175: 0.827593
63176: 0.827595
63177: 0.827598
63178: 0.827585
63179: 0.827588
63180: 0.827591
63181: 0.827593
63182: 0.827596
63183: 0.827599
63184: 0.827601
63185: 0.827604
63186: 0.827607
63187: 0.82761
63188: 0.827612
63189: 0.827615
63190: 0.827618
63191: 0.827621
63192: 0.827607
63193: 0.82761
63194: 0.827613
63195: 0.8276
63196: 0.827587
63197: 0.827589
63198: 0.827592
63199: 0.827595
63200: 0.827598
63201: 0.8276
63202: 0.827603
63203: 0.827606
63204: 0.827609
63205: 0.827611
63206: 0.827614
63207: 0.827617
63208: 0.827619
63209: 0.827622
63210: 0.827625
63211: 0.827628
63212: 0.82763
63213: 0.827633
63214: 0.827636
63215: 0.827639
63216: 0.827641
63217: 0.827644
63218: 0.827647
63219: 0.827649
63220: 0.827652
63221: 0.827655
63222: 0.827658
63223: 0.82766
63224: 0.827647
63225: 0.827634
63226: 0.827621
63227: 0.827624
63228: 0.827627
63229: 0.827629
63230: 0.827632
63231: 0.827635
63232: 0.827637
63233: 0.82764
63234: 0.827643
63235: 0.827646
63236: 0.827648
63237: 0.827651
63238: 0.827654
63239: 0.827657
63240: 0.827659
63241: 0.827662
63242: 0.827665
63243: 0.827652
63244: 0.827639
63245: 0.827641
63246: 0.827644
63247: 0.827647
63248: 0.827649
63249: 0.827652
63250: 0.827655
63251: 0.827658
63252: 0.82766
63253: 0.827663
63254: 0.827666
63255: 0.827669
63256: 0.827671
63257: 0.827674
63258: 0.827677
63259: 0.827679
63260: 0.827682
63261: 0.827685
63262: 0.827672
63263: 0.827659
63264: 0.827661
63265: 0.827664
63266: 0.827667
63267: 0.82767
63268: 0.827657
63269: 0.827643
63270: 0.82763
63271: 0.827633
63272: 0.827636
63273: 0.827639
63274: 0.827641
63275: 0.827644
63276: 0.827647
63277: 0.827649
63278: 0.827652
63279: 0.827655
63280: 0.827642
63281: 0.827629
63282: 0.827616
63283: 0.827603
63284: 0.827589
63285: 0.827592
63286: 0.827595
63287: 0.827598
63288: 0.8276
63289: 0.827603
63290: 0.827606
63291: 0.827609
63292: 0.827611
63293: 0.827614
63294: 0.827617
63295: 0.827619
63296: 0.827622
63297: 0.827625
63298: 0.827628
63299: 0.827615
63300: 0.827617
63301: 0.82762
63302: 0.827623
63303: 0.827625
63304: 0.827628
63305: 0.827631
63306: 0.827634
63307: 0.827636
63308: 0.827639
63309: 0.827642
63310: 0.827644
63311: 0.827647
63312: 0.82765
63313: 0.827653
63314: 0.827655
63315: 0.827658
63316: 0.827661
63317: 0.827664
63318: 0.82765
63319: 0.827637
63320: 0.827624
63321: 0.827611
63322: 0.827598
63323: 0.827585
63324: 0.827572
63325: 0.827575
63326: 0.827577
63327: 0.82758
63328: 0.827583
63329: 0.827586
63330: 0.827573
63331: 0.82756
63332: 0.827546
63333: 0.827549
63334: 0.827552
63335: 0.827555
63336: 0.827557
63337: 0.82756
63338: 0.827563
63339: 0.827566
63340: 0.827552
63341: 0.827555
63342: 0.827558
63343: 0.827561
63344: 0.827563
63345: 0.827566
63346: 0.827569
63347: 0.827572
63348: 0.827574
63349: 0.827577
63350: 0.82758
63351: 0.827567
63352: 0.827554
63353: 0.827556
63354: 0.827559
63355: 0.827546
63356: 0.827549
63357: 0.827551
63358: 0.827554
63359: 0.827557
63360: 0.827544
63361: 0.827546
63362: 0.827549
63363: 0.827552
63364: 0.827555
63365: 0.827557
63366: 0.82756
63367: 0.827563
63368: 0.827566
63369: 0.827568
63370: 0.827555
63371: 0.827558
63372: 0.827561
63373: 0.827563
63374: 0.827566
63375: 0.827569
63376: 0.827572
63377: 0.827574
63378: 0.827561
63379: 0.827548
63380: 0.827535
63381: 0.827522
63382: 0.827509
63383: 0.827496
63384: 0.827483
63385: 0.827486
63386: 0.827488
63387: 0.827491
63388: 0.827494
63389: 0.827496
63390: 0.827499
63391: 0.827502
63392: 0.827505
63393: 0.827507
63394: 0.82751
63395: 0.827513
63396: 0.827515
63397: 0.827518
63398: 0.827521
63399: 0.827524
63400: 0.827526
63401: 0.827529
63402: 0.827532
63403: 0.827535
63404: 0.827537
63405: 0.82754
63406: 0.827543
63407: 0.827545
63408: 0.827532
63409: 0.827519
63410: 0.827506
63411: 0.827509
63412: 0.827512
63413: 0.827514
63414: 0.827517
63415: 0.82752
63416: 0.827523
63417: 0.827525
63418: 0.827528
63419: 0.827515
63420: 0.827518
63421: 0.82752
63422: 0.827523
63423: 0.827526
63424: 0.827529
63425: 0.827531
63426: 0.827534
63427: 0.827537
63428: 0.827539
63429: 0.827542
63430: 0.827545
63431: 0.827548
63432: 0.82755
63433: 0.827553
63434: 0.827556
63435: 0.827543
63436: 0.82753
63437: 0.827517
63438: 0.827519
63439: 0.827522
63440: 0.827525
63441: 0.827528
63442: 0.82753
63443: 0.827533
63444: 0.827536
63445: 0.827538
63446: 0.827541
63447: 0.827528
63448: 0.827531
63449: 0.827533
63450: 0.827536
63451: 0.827539
63452: 0.827542
63453: 0.827544
63454: 0.827547
63455: 0.82755
63456: 0.827537
63457: 0.827539
63458: 0.827542
63459: 0.827545
63460: 0.827548
63461: 0.82755
63462: 0.827553
63463: 0.827556
63464: 0.827558
63465: 0.827561
63466: 0.827564
63467: 0.827567
63468: 0.827569
63469: 0.827572
63470: 0.827575
63471: 0.827578
63472: 0.82758
63473: 0.827583
63474: 0.827586
63475: 0.827588
63476: 0.827575
63477: 0.827578
63478: 0.827581
63479: 0.827583
63480: 0.827586
63481: 0.827573
63482: 0.827576
63483: 0.827579
63484: 0.827581
63485: 0.827584
63486: 0.827571
63487: 0.827574
63488: 0.827576
63489: 0.827579
63490: 0.827582
63491: 0.827569
63492: 0.827572
63493: 0.827574
63494: 0.827577
63495: 0.82758
63496: 0.827582
63497: 0.827569
63498: 0.827572
63499: 0.827575
63500: 0.827578
63501: 0.82758
63502: 0.827583
63503: 0.827586
63504: 0.827588
63505: 0.827591
63506: 0.827594
63507: 0.827597
63508: 0.827599
63509: 0.827602
63510: 0.827605
63511: 0.827592
63512: 0.827579
63513: 0.827581
63514: 0.827568
63515: 0.827555
63516: 0.827558
63517: 0.827545
63518: 0.827548
63519: 0.82755
63520: 0.827553
63521: 0.827556
63522: 0.827559
63523: 0.827545
63524: 0.827548
63525: 0.827551
63526: 0.827538
63527: 0.827541
63528: 0.827543
63529: 0.827546
63530: 0.827549
63531: 0.827551
63532: 0.827554
63533: 0.827557
63534: 0.82756
63535: 0.827562
63536: 0.827565
63537: 0.827568
63538: 0.82757
63539: 0.827573
63540: 0.827576
63541: 0.827579
63542: 0.827581
63543: 0.827584
63544: 0.827587
63545: 0.827589
63546: 0.827592
63547: 0.827595
63548: 0.827582
63549: 0.827585
63550: 0.827587
63551: 0.82759
63552: 0.827593
63553: 0.827595
63554: 0.827598
63555: 0.827585
63556: 0.827588
63557: 0.827591
63558: 0.827593
63559: 0.827596
63560: 0.827599
63561: 0.827601
63562: 0.827604
63563: 0.827607
63564: 0.82761
63565: 0.827612
63566: 0.827615
63567: 0.827618
63568: 0.82762
63569: 0.827623
63570: 0.827626
63571: 0.827629
63572: 0.827631
63573: 0.827634
63574: 0.827637
63575: 0.827639
63576: 0.827642
63577: 0.827645
63578: 0.827647
63579: 0.82765
63580: 0.827653
63581: 0.82764
63582: 0.827643
63583: 0.82763
63584: 0.827617
63585: 0.827604
63586: 0.827606
63587: 0.827609
63588: 0.827612
63589: 0.827614
63590: 0.827617
63591: 0.827604
63592: 0.827591
63593: 0.827578
63594: 0.827581
63595: 0.827583
63596: 0.827586
63597: 0.827589
63598: 0.827592
63599: 0.827594
63600: 0.827597
63601: 0.8276
63602: 0.827602
63603: 0.827589
63604: 0.827592
63605: 0.827595
63606: 0.827598
63607: 0.8276
63608: 0.827603
63609: 0.827606
63610: 0.827608
63611: 0.827611
63612: 0.827614
63613: 0.827617
63614: 0.827619
63615: 0.827622
63616: 0.827625
63617: 0.827612
63618: 0.827614
63619: 0.827617
63620: 0.82762
63621: 0.827623
63622: 0.827625
63623: 0.827628
63624: 0.827615
63625: 0.827602
63626: 0.827605
63627: 0.827607
63628: 0.82761
63629: 0.827613
63630: 0.827615
63631: 0.827618
63632: 0.827621
63633: 0.827624
63634: 0.827626
63635: 0.827629
63636: 0.827632
63637: 0.827634
63638: 0.827637
63639: 0.82764
63640: 0.827643
63641: 0.827645
63642: 0.827648
63643: 0.827651
63644: 0.827653
63645: 0.827656
63646: 0.827659
63647: 0.827662
63648: 0.827664
63649: 0.827667
63650: 0.82767
63651: 0.827672
63652: 0.827675
63653: 0.827678
63654: 0.82768
63655: 0.827683
63656: 0.82767
63657: 0.827673
63658: 0.827676
63659: 0.827678
63660: 0.827681
63661: 0.827684
63662: 0.827686
63663: 0.827689
63664: 0.827692
63665: 0.827695
63666: 0.827697
63667: 0.8277
63668: 0.827703
63669: 0.827705
63670: 0.827692
63671: 0.827679
63672: 0.827682
63673: 0.827685
63674: 0.827687
63675: 0.82769
63676: 0.827693
63677: 0.827696
63678: 0.827698
63679: 0.827701
63680: 0.827704
63681: 0.827706
63682: 0.827693
63683: 0.827696
63684: 0.827699
63685: 0.827702
63686: 0.827704
63687: 0.827707
63688: 0.82771
63689: 0.827697
63690: 0.827699
63691: 0.827702
63692: 0.827705
63693: 0.827707
63694: 0.827694
63695: 0.827681
63696: 0.827668
63697: 0.827671
63698: 0.827658
63699: 0.827661
63700: 0.827664
63701: 0.827666
63702: 0.827669
63703: 0.827672
63704: 0.827659
63705: 0.827661
63706: 0.827664
63707: 0.827667
63708: 0.82767
63709: 0.827672
63710: 0.827675
63711: 0.827678
63712: 0.82768
63713: 0.827683
63714: 0.827686
63715: 0.827688
63716: 0.827691
63717: 0.827694
63718: 0.827697
63719: 0.827699
63720: 0.827702
63721: 0.827705
63722: 0.827707
63723: 0.82771
63724: 0.827713
63725: 0.827716
63726: 0.827718
63727: 0.827721
63728: 0.827724
63729: 0.827726
63730: 0.827729
63731: 0.827732
63732: 0.827734
63733: 0.827737
63734: 0.82774
63735: 0.827743
63736: 0.827745
63737: 0.827748
63738: 0.827735
63739: 0.827738
63740: 0.82774
63741: 0.827743
63742: 0.827746
63743: 0.827748
63744: 0.827751
63745: 0.827754
63746: 0.827757
63747: 0.827759
63748: 0.827762
63749: 0.827765
63750: 0.827767
63751: 0.82777
63752: 0.827773
63753: 0.827776
63754: 0.827778
63755: 0.827781
63756: 0.827768
63757: 0.827755
63758: 0.827758
63759: 0.82776
63760: 0.827763
63761: 0.827766
63762: 0.827768
63763: 0.827771
63764: 0.827774
63765: 0.827777
63766: 0.827779
63767: 0.827782
63768: 0.827785
63769: 0.827787
63770: 0.827774
63771: 0.827777
63772: 0.82778
63773: 0.827782
63774: 0.827785
63775: 0.827788
63776: 0.827791
63777: 0.827793
63778: 0.827796
63779: 0.827799
63780: 0.827801
63781: 0.827804
63782: 0.827807
63783: 0.827809
63784: 0.827812
63785: 0.827815
63786: 0.827818
63787: 0.82782
63788: 0.827823
63789: 0.827826
63790: 0.827828
63791: 0.827831
63792: 0.827834
63793: 0.827821
63794: 0.827808
63795: 0.827795
63796: 0.827782
63797: 0.827785
63798: 0.827787
63799: 0.82779
63800: 0.827793
63801: 0.827795
63802: 0.827782
63803: 0.827785
63804: 0.827788
63805: 0.82779
63806: 0.827793
63807: 0.82778
63808: 0.827783
63809: 0.827786
63810: 0.827788
63811: 0.827791
63812: 0.827778
63813: 0.827765
63814: 0.827752
63815: 0.827739
63816: 0.827742
63817: 0.827745
63818: 0.827747
63819: 0.82775
63820: 0.827753
63821: 0.827755
63822: 0.827758
63823: 0.827761
63824: 0.827763
63825: 0.827766
63826: 0.827769
63827: 0.827772
63828: 0.827774
63829: 0.827777
63830: 0.82778
63831: 0.827782
63832: 0.827785
63833: 0.827788
63834: 0.82779
63835: 0.827793
63836: 0.82778
63837: 0.827767
63838: 0.827754
63839: 0.827757
63840: 0.82776
63841: 0.827762
63842: 0.827765
63843: 0.827768
63844: 0.82777
63845: 0.827757
63846: 0.827744
63847: 0.827747
63848: 0.82775
63849: 0.827753
63850: 0.82774
63851: 0.827727
63852: 0.827714
63853: 0.827716
63854: 0.827719
63855: 0.827722
63856: 0.827724
63857: 0.827727
63858: 0.82773
63859: 0.827733
63860: 0.827735
63861: 0.827738
63862: 0.827741
63863: 0.827743
63864: 0.82773
63865: 0.827733
63866: 0.827736
63867: 0.827738
63868: 0.827726
63869: 0.827713
63870: 0.827715
63871: 0.827718
63872: 0.827721
63873: 0.827723
63874: 0.827726
63875: 0.827729
63876: 0.827716
63877: 0.827703
63878: 0.827706
63879: 0.827708
63880: 0.827711
63881: 0.827714
63882: 0.827716
63883: 0.827719
63884: 0.827722
63885: 0.827724
63886: 0.827727
63887: 0.82773
63888: 0.827732
63889: 0.827735
63890: 0.827738
63891: 0.827741
63892: 0.827743
63893: 0.827746
63894: 0.827749
63895: 0.827751
63896: 0.827754
63897: 0.827757
63898: 0.827759
63899: 0.827762
63900: 0.827765
63901: 0.827768
63902: 0.82777
63903: 0.827773
63904: 0.827776
63905: 0.827778
63906: 0.827781
63907: 0.827784
63908: 0.827786
63909: 0.827789
63910: 0.827792
63911: 0.827794
63912: 0.827797
63913: 0.8278
63914: 0.827803
63915: 0.827805
63916: 0.827792
63917: 0.827795
63918: 0.827798
63919: 0.8278
63920: 0.827803
63921: 0.827806
63922: 0.827808
63923: 0.827811
63924: 0.827814
63925: 0.827817
63926: 0.827819
63927: 0.827822
63928: 0.827825
63929: 0.827812
63930: 0.827799
63931: 0.827786
63932: 0.827788
63933: 0.827791
63934: 0.827794
63935: 0.827797
63936: 0.827799
63937: 0.827802
63938: 0.827789
63939: 0.827792
63940: 0.827779
63941: 0.827766
63942: 0.827768
63943: 0.827771
63944: 0.827758
63945: 0.827761
63946: 0.827764
63947: 0.827751
63948: 0.827753
63949: 0.827756
63950: 0.827759
63951: 0.827761
63952: 0.827764
63953: 0.827767
63954: 0.82777
63955: 0.827772
63956: 0.827775
63957: 0.827778
63958: 0.82778
63959: 0.827783
63960: 0.827786
63961: 0.827788
63962: 0.827791
63963: 0.827794
63964: 0.827796
63965: 0.827799
63966: 0.827786
63967: 0.827773
63968: 0.827776
63969: 0.827779
63970: 0.827781
63971: 0.827784
63972: 0.827787
63973: 0.827774
63974: 0.827761
63975: 0.827748
63976: 0.827751
63977: 0.827753
63978: 0.827756
63979: 0.827743
63980: 0.827746
63981: 0.827748
63982: 0.827751
63983: 0.827754
63984: 0.827757
63985: 0.827759
63986: 0.827762
63987: 0.827765
63988: 0.827767
63989: 0.82777
63990: 0.827773
63991: 0.827775
63992: 0.827762
63993: 0.827749
63994: 0.827752
63995: 0.827755
63996: 0.827758
63997: 0.82776
63998: 0.827763
63999: 0.82775
64000: 0.827753
64001: 0.827755
64002: 0.827758
64003: 0.827761
64004: 0.827763
64005: 0.827766
64006: 0.827769
64007: 0.827772
64008: 0.827774
64009: 0.827777
64010: 0.82778
64011: 0.827782
64012: 0.827785
64013: 0.827788
64014: 0.82779
64015: 0.827793
64016: 0.82778
64017: 0.827783
64018: 0.827786
64019: 0.827788
64020: 0.827791
64021: 0.827794
64022: 0.827796
64023: 0.827799
64024: 0.827802
64025: 0.827804
64026: 0.827791
64027: 0.827778
64028: 0.827766
64029: 0.827753
64030: 0.827755
64031: 0.827758
64032: 0.827761
64033: 0.827763
64034: 0.827766
64035: 0.827769
64036: 0.827756
64037: 0.827759
64038: 0.827761
64039: 0.827764
64040: 0.827767
64041: 0.827769
64042: 0.827772
64043: 0.827775
64044: 0.827777
64045: 0.82778
64046: 0.827783
64047: 0.82777
64048: 0.827757
64049: 0.82776
64050: 0.827762
64051: 0.827765
64052: 0.827768
64053: 0.82777
64054: 0.827757
64055: 0.82776
64056: 0.827763
64057: 0.827765
64058: 0.827768
64059: 0.827771
64060: 0.827774
64061: 0.827761
64062: 0.827763
64063: 0.827766
64064: 0.827769
64065: 0.827771
64066: 0.827774
64067: 0.827777
64068: 0.827779
64069: 0.827767
64070: 0.827769
64071: 0.827772
64072: 0.827775
64073: 0.827777
64074: 0.82778
64075: 0.827767
64076: 0.82777
64077: 0.827772
64078: 0.827775
64079: 0.827778
64080: 0.82778
64081: 0.827783
64082: 0.827786
64083: 0.827789
64084: 0.827776
64085: 0.827778
64086: 0.827765
64087: 0.827752
64088: 0.82774
64089: 0.827742
64090: 0.827745
64091: 0.827732
64092: 0.827735
64093: 0.827737
64094: 0.82774
64095: 0.827743
64096: 0.82773
64097: 0.827717
64098: 0.827704
64099: 0.827707
64100: 0.827709
64101: 0.827712
64102: 0.827699
64103: 0.827702
64104: 0.827705
64105: 0.827692
64106: 0.827694
64107: 0.827697
64108: 0.8277
64109: 0.827687
64110: 0.827689
64111: 0.827692
64112: 0.827695
64113: 0.827682
64114: 0.827669
64115: 0.827672
64116: 0.827659
64117: 0.827661
64118: 0.827664
64119: 0.827667
64120: 0.82767
64121: 0.827672
64122: 0.827675
64123: 0.827678
64124: 0.82768
64125: 0.827683
64126: 0.827686
64127: 0.827688
64128: 0.827691
64129: 0.827694
64130: 0.827681
64131: 0.827668
64132: 0.827671
64133: 0.827673
64134: 0.827676
64135: 0.827679
64136: 0.827681
64137: 0.827684
64138: 0.827687
64139: 0.827689
64140: 0.827692
64141: 0.827695
64142: 0.827697
64143: 0.8277
64144: 0.827703
64145: 0.827706
64146: 0.827708
64147: 0.827711
64148: 0.827714
64149: 0.827716
64150: 0.827703
64151: 0.82769
64152: 0.827693
64153: 0.827696
64154: 0.827699
64155: 0.827701
64156: 0.827704
64157: 0.827707
64158: 0.827709
64159: 0.827696
64160: 0.827699
64161: 0.827702
64162: 0.827704
64163: 0.827707
64164: 0.82771
64165: 0.827712
64166: 0.827715
64167: 0.827718
64168: 0.827721
64169: 0.827723
64170: 0.82771
64171: 0.827697
64172: 0.827685
64173: 0.827672
64174: 0.827674
64175: 0.827661
64176: 0.827664
64177: 0.827667
64178: 0.827669
64179: 0.827672
64180: 0.827675
64181: 0.827678
64182: 0.82768
64183: 0.827683
64184: 0.827686
64185: 0.827673
64186: 0.827675
64187: 0.827678
64188: 0.827681
64189: 0.827683
64190: 0.827686
64191: 0.827673
64192: 0.827676
64193: 0.827679
64194: 0.827681
64195: 0.827684
64196: 0.827671
64197: 0.827658
64198: 0.827661
64199: 0.827664
64200: 0.827666
64201: 0.827669
64202: 0.827672
64203: 0.827674
64204: 0.827677
64205: 0.82768
64206: 0.827682
64207: 0.827685
64208: 0.827688
64209: 0.82769
64210: 0.827693
64211: 0.82768
64212: 0.827683
64213: 0.827686
64214: 0.827688
64215: 0.827691
64216: 0.827694
64217: 0.827696
64218: 0.827699
64219: 0.827702
64220: 0.827704
64221: 0.827707
64222: 0.82771
64223: 0.827712
64224: 0.827715
64225: 0.827718
64226: 0.82772
64227: 0.827723
64228: 0.827726
64229: 0.827728
64230: 0.827731
64231: 0.827734
64232: 0.827737
64233: 0.827724
64234: 0.827711
64235: 0.827698
64236: 0.827701
64237: 0.827703
64238: 0.82769
64239: 0.827677
64240: 0.82768
64241: 0.827683
64242: 0.827686
64243: 0.827688
64244: 0.827691
64245: 0.827694
64246: 0.827696
64247: 0.827683
64248: 0.82767
64249: 0.827658
64250: 0.82766
64251: 0.827663
64252: 0.827666
64253: 0.827668
64254: 0.827655
64255: 0.827658
64256: 0.827661
64257: 0.827663
64258: 0.827666
64259: 0.827669
64260: 0.827656
64261: 0.827643
64262: 0.827646
64263: 0.827648
64264: 0.827651
64265: 0.827638
64266: 0.827641
64267: 0.827644
64268: 0.827646
64269: 0.827649
64270: 0.827652
64271: 0.827639
64272: 0.827626
64273: 0.827629
64274: 0.827631
64275: 0.827634
64276: 0.827637
64277: 0.827639
64278: 0.827642
64279: 0.827645
64280: 0.827647
64281: 0.82765
64282: 0.827637
64283: 0.82764
64284: 0.827643
64285: 0.827645
64286: 0.827648
64287: 0.827651
64288: 0.827653
64289: 0.827656
64290: 0.827659
64291: 0.827646
64292: 0.827648
64293: 0.827651
64294: 0.827654
64295: 0.827656
64296: 0.827659
64297: 0.827662
64298: 0.827665
64299: 0.827667
64300: 0.82767
64301: 0.827673
64302: 0.827675
64303: 0.827678
64304: 0.827681
64305: 0.827668
64306: 0.827655
64307: 0.827642
64308: 0.827645
64309: 0.827647
64310: 0.82765
64311: 0.827653
64312: 0.827655
64313: 0.827643
64314: 0.82763
64315: 0.827632
64316: 0.827619
64317: 0.827622
64318: 0.827625
64319: 0.827627
64320: 0.82763
64321: 0.827633
64322: 0.827636
64323: 0.827638
64324: 0.827641
64325: 0.827644
64326: 0.827646
64327: 0.827649
64328: 0.827652
64329: 0.827654
64330: 0.827657
64331: 0.82766
64332: 0.827662
64333: 0.827665
64334: 0.827668
64335: 0.82767
64336: 0.827673
64337: 0.827676
64338: 0.827678
64339: 0.827681
64340: 0.827684
64341: 0.827686
64342: 0.827689
64343: 0.827692
64344: 0.827694
64345: 0.827697
64346: 0.8277
64347: 0.827702
64348: 0.82769
64349: 0.827692
64350: 0.827695
64351: 0.827698
64352: 0.8277
64353: 0.827703
64354: 0.827706
64355: 0.827708
64356: 0.827711
64357: 0.827714
64358: 0.827716
64359: 0.827719
64360: 0.827722
64361: 0.827724
64362: 0.827727
64363: 0.82773
64364: 0.827732
64365: 0.827735
64366: 0.827738
64367: 0.82774
64368: 0.827728
64369: 0.82773
64370: 0.827733
64371: 0.827736
64372: 0.827723
64373: 0.827725
64374: 0.827728
64375: 0.827731
64376: 0.827734
64377: 0.827736
64378: 0.827739
64379: 0.827742
64380: 0.827744
64381: 0.827747
64382: 0.82775
64383: 0.827752
64384: 0.827755
64385: 0.827742
64386: 0.827745
64387: 0.827747
64388: 0.82775
64389: 0.827737
64390: 0.82774
64391: 0.827743
64392: 0.827745
64393: 0.827748
64394: 0.827735
64395: 0.827722
64396: 0.827725
64397: 0.827728
64398: 0.82773
64399: 0.827733
64400: 0.827736
64401: 0.827738
64402: 0.827741
64403: 0.827744
64404: 0.827746
64405: 0.827733
64406: 0.827721
64407: 0.827723
64408: 0.827726
64409: 0.827729
64410: 0.827716
64411: 0.827718
64412: 0.827721
64413: 0.827724
64414: 0.827726
64415: 0.827714
64416: 0.827701
64417: 0.827688
64418: 0.827691
64419: 0.827693
64420: 0.827696
64421: 0.827699
64422: 0.827701
64423: 0.827688
64424: 0.827676
64425: 0.827678
64426: 0.827681
64427: 0.827684
64428: 0.827686
64429: 0.827689
64430: 0.827676
64431: 0.827663
64432: 0.82765
64433: 0.827638
64434: 0.827625
64435: 0.827627
64436: 0.82763
64437: 0.827633
64438: 0.827635
64439: 0.827623
64440: 0.827625
64441: 0.827628
64442: 0.827631
64443: 0.827618
64444: 0.82762
64445: 0.827623
64446: 0.827626
64447: 0.827628
64448: 0.827631
64449: 0.827618
64450: 0.827605
64451: 0.827593
64452: 0.82758
64453: 0.827567
64454: 0.827554
64455: 0.827557
64456: 0.827559
64457: 0.827562
64458: 0.827565
64459: 0.827567
64460: 0.827555
64461: 0.827557
64462: 0.82756
64463: 0.827563
64464: 0.827565
64465: 0.827568
64466: 0.827571
64467: 0.827573
64468: 0.827576
64469: 0.827579
64470: 0.827581
64471: 0.827584
64472: 0.827587
64473: 0.827589
64474: 0.827592
64475: 0.827595
64476: 0.827597
64477: 0.8276
64478: 0.827603
64479: 0.827605
64480: 0.827608
64481: 0.827611
64482: 0.827613
64483: 0.827601
64484: 0.827603
64485: 0.827606
64486: 0.827593
64487: 0.82758
64488: 0.827567
64489: 0.827555
64490: 0.827557
64491: 0.82756
64492: 0.827563
64493: 0.827565
64494: 0.827568
64495: 0.827571
64496: 0.827573
64497: 0.827576
64498: 0.827563
64499: 0.82755
64500: 0.827538
64501: 0.827525
64502: 0.827512
64503: 0.827515
64504: 0.827517
64505: 0.82752
64506: 0.827523
64507: 0.827525
64508: 0.827528
64509: 0.827531
64510: 0.827533
64511: 0.827536
64512: 0.827539
64513: 0.827541
64514: 0.827544
64515: 0.827547
64516: 0.827549
64517: 0.827552
64518: 0.827555
64519: 0.827557
64520: 0.82756
64521: 0.827563
64522: 0.82755
64523: 0.827537
64524: 0.82754
64525: 0.827542
64526: 0.82753
64527: 0.827532
64528: 0.827535
64529: 0.827538
64530: 0.82754
64531: 0.827543
64532: 0.827546
64533: 0.827548
64534: 0.827551
64535: 0.827554
64536: 0.827556
64537: 0.827559
64538: 0.827562
64539: 0.827564
64540: 0.827567
64541: 0.82757
64542: 0.827557
64543: 0.827544
64544: 0.827547
64545: 0.827549
64546: 0.827552
64547: 0.827555
64548: 0.827557
64549: 0.82756
64550: 0.827563
64551: 0.82755
64552: 0.827537
64553: 0.827524
64554: 0.827511
64555: 0.827499
64556: 0.827486
64557: 0.827473
64558: 0.82746
64559: 0.827463
64560: 0.827465
64561: 0.827468
64562: 0.827471
64563: 0.827458
64564: 0.827445
64565: 0.827432
64566: 0.82742
64567: 0.827422
64568: 0.827425
64569: 0.827428
64570: 0.82743
64571: 0.827433
64572: 0.827436
64573: 0.827438
64574: 0.827441
64575: 0.827444
64576: 0.827446
64577: 0.827449
64578: 0.827452
64579: 0.827454
64580: 0.827457
64581: 0.82746
64582: 0.827462
64583: 0.827465
64584: 0.827468
64585: 0.82747
64586: 0.827473
64587: 0.827476
64588: 0.827478
64589: 0.827481
64590: 0.827484
64591: 0.827486
64592: 0.827489
64593: 0.827492
64594: 0.827494
64595: 0.827497
64596: 0.827484
64597: 0.827487
64598: 0.82749
64599: 0.827492
64600: 0.827495
64601: 0.827482
64602: 0.827469
64603: 0.827457
64604: 0.827444
64605: 0.827431
64606: 0.827418
64607: 0.827405
64608: 0.827408
64609: 0.827411
64610: 0.827413
64611: 0.827416
64612: 0.827419
64613: 0.827421
64614: 0.827424
64615: 0.827427
64616: 0.827429
64617: 0.827432
64618: 0.827435
64619: 0.827437
64620: 0.82744
64621: 0.827443
64622: 0.827445
64623: 0.827448
64624: 0.827451
64625: 0.827453
64626: 0.827441
64627: 0.827428
64628: 0.827415
64629: 0.827402
64630: 0.827405
64631: 0.827407
64632: 0.82741
64633: 0.827413
64634: 0.827415
64635: 0.827418
64636: 0.827421
64637: 0.827423
64638: 0.827426
64639: 0.827429
64640: 0.827432
64641: 0.827434
64642: 0.827437
64643: 0.82744
64644: 0.827442
64645: 0.827429
64646: 0.827417
64647: 0.827404
64648: 0.827391
64649: 0.827394
64650: 0.827396
64651: 0.827399
64652: 0.827402
64653: 0.827404
64654: 0.827392
64655: 0.827379
64656: 0.827381
64657: 0.827384
64658: 0.827387
64659: 0.827389
64660: 0.827392
64661: 0.827395
64662: 0.827397
64663: 0.827385
64664: 0.827372
64665: 0.827375
64666: 0.827377
64667: 0.82738
64668: 0.827383
64669: 0.827385
64670: 0.827372
64671: 0.827375
64672: 0.827378
64673: 0.82738
64674: 0.827383
64675: 0.827386
64676: 0.827388
64677: 0.827391
64678: 0.827394
64679: 0.827381
64680: 0.827384
64681: 0.827386
64682: 0.827389
64683: 0.827392
64684: 0.827394
64685: 0.827397
64686: 0.8274
64687: 0.827402
64688: 0.827405
64689: 0.827408
64690: 0.82741
64691: 0.827413
64692: 0.827416
64693: 0.827418
64694: 0.827406
64695: 0.827393
64696: 0.827395
64697: 0.827398
64698: 0.827401
64699: 0.827403
64700: 0.827406
64701: 0.827393
64702: 0.82738
64703: 0.827383
64704: 0.827386
64705: 0.827388
64706: 0.827391
64707: 0.827394
64708: 0.827381
64709: 0.827384
64710: 0.827386
64711: 0.827389
64712: 0.827376
64713: 0.827363
64714: 0.827351
64715: 0.827353
64716: 0.827356
64717: 0.827343
64718: 0.827346
64719: 0.827349
64720: 0.827351
64721: 0.827354
64722: 0.827357
64723: 0.827359
64724: 0.827362
64725: 0.827365
64726: 0.827367
64727: 0.82737
64728: 0.827373
64729: 0.827375
64730: 0.827378
64731: 0.827381
64732: 0.827383
64733: 0.827386
64734: 0.827389
64735: 0.827376
64736: 0.827378
64737: 0.827366
64738: 0.827353
64739: 0.82734
64740: 0.827327
64741: 0.82733
64742: 0.827317
64743: 0.82732
64744: 0.827307
64745: 0.82731
64746: 0.827312
64747: 0.827315
64748: 0.827318
64749: 0.82732
64750: 0.827308
64751: 0.827295
64752: 0.827282
64753: 0.827285
64754: 0.827287
64755: 0.82729
64756: 0.827293
64757: 0.827295
64758: 0.827298
64759: 0.827301
64760: 0.827303
64761: 0.827291
64762: 0.827293
64763: 0.827296
64764: 0.827299
64765: 0.827301
64766: 0.827304
64767: 0.827307
64768: 0.827309
64769: 0.827312
64770: 0.827315
64771: 0.827317
64772: 0.82732
64773: 0.827323
64774: 0.827325
64775: 0.827328
64776: 0.827331
64777: 0.827333
64778: 0.827336
64779: 0.827339
64780: 0.827341
64781: 0.827344
64782: 0.827347
64783: 0.827349
64784: 0.827352
64785: 0.827355
64786: 0.827357
64787: 0.82736
64788: 0.827363
64789: 0.82735
64790: 0.827353
64791: 0.827355
64792: 0.827358
64793: 0.827345
64794: 0.827348
64795: 0.82735
64796: 0.827353
64797: 0.827356
64798: 0.827358
64799: 0.827361
64800: 0.827364
64801: 0.827366
64802: 0.827369
64803: 0.827372
64804: 0.827374
64805: 0.827377
64806: 0.82738
64807: 0.827367
64808: 0.827354
64809: 0.827341
64810: 0.827344
64811: 0.827347
64812: 0.827349
64813: 0.827352
64814: 0.827355
64815: 0.827357
64816: 0.82736
64817: 0.827363
64818: 0.827365
64819: 0.827368
64820: 0.827371
64821: 0.827373
64822: 0.827376
64823: 0.827379
64824: 0.827381
64825: 0.827369
64826: 0.827356
64827: 0.827359
64828: 0.827361
64829: 0.827364
64830: 0.827367
64831: 0.827354
64832: 0.827356
64833: 0.827359
64834: 0.827362
64835: 0.827364
64836: 0.827367
64837: 0.82737
64838: 0.827372
64839: 0.827375
64840: 0.827378
64841: 0.82738
64842: 0.827383
64843: 0.827386
64844: 0.827388
64845: 0.827376
64846: 0.827378
64847: 0.827381
64848: 0.827384
64849: 0.827386
64850: 0.827389
64851: 0.827392
64852: 0.827379
64853: 0.827366
64854: 0.827353
64855: 0.827356
64856: 0.827359
64857: 0.827361
64858: 0.827364
64859: 0.827367
64860: 0.827369
64861: 0.827372
64862: 0.827375
64863: 0.827377
64864: 0.82738
64865: 0.827383
64866: 0.82737
64867: 0.827357
64868: 0.82736
64869: 0.827362
64870: 0.827365
64871: 0.827368
64872: 0.82737
64873: 0.827373
64874: 0.827376
64875: 0.827378
64876: 0.827381
64877: 0.827384
64878: 0.827386
64879: 0.827389
64880: 0.827392
64881: 0.827394
64882: 0.827397
64883: 0.8274
64884: 0.827402
64885: 0.827405
64886: 0.827408
64887: 0.82741
64888: 0.827398
64889: 0.827385
64890: 0.827372
64891: 0.827359
64892: 0.827347
64893: 0.827349
64894: 0.827352
64895: 0.827355
64896: 0.827357
64897: 0.82736
64898: 0.827347
64899: 0.827334
64900: 0.827337
64901: 0.82734
64902: 0.827342
64903: 0.827345
64904: 0.827348
64905: 0.82735
64906: 0.827353
64907: 0.827356
64908: 0.827358
64909: 0.827361
64910: 0.827364
64911: 0.827351
64912: 0.827354
64913: 0.827356
64914: 0.827359
64915: 0.827362
64916: 0.827364
64917: 0.827367
64918: 0.827369
64919: 0.827372
64920: 0.827375
64921: 0.827377
64922: 0.82738
64923: 0.827367
64924: 0.827355
64925: 0.827357
64926: 0.82736
64927: 0.827363
64928: 0.827365
64929: 0.827368
64930: 0.827371
64931: 0.827358
64932: 0.827361
64933: 0.827363
64934: 0.82735
64935: 0.827353
64936: 0.827356
64937: 0.827358
64938: 0.827346
64939: 0.827333
64940: 0.827336
64941: 0.827338
64942: 0.827341
64943: 0.827328
64944: 0.827331
64945: 0.827333
64946: 0.827336
64947: 0.827339
64948: 0.827341
64949: 0.827344
64950: 0.827347
64951: 0.827349
64952: 0.827352
64953: 0.827355
64954: 0.827357
64955: 0.82736
64956: 0.827363
64957: 0.827365
64958: 0.827368
64959: 0.827371
64960: 0.827373
64961: 0.827376
64962: 0.827379
64963: 0.827381
64964: 0.827384
64965: 0.827387
64966: 0.827389
64967: 0.827392
64968: 0.827379
64969: 0.827366
64970: 0.827369
64971: 0.827372
64972: 0.827374
64973: 0.827377
64974: 0.82738
64975: 0.827367
64976: 0.82737
64977: 0.827357
64978: 0.82736
64979: 0.827362
64980: 0.827365
64981: 0.827368
64982: 0.82737
64983: 0.827373
64984: 0.827376
64985: 0.827363
64986: 0.82735
64987: 0.827337
64988: 0.827325
64989: 0.827312
64990: 0.827315
64991: 0.827317
64992: 0.82732
64993: 0.827323
64994: 0.827325
64995: 0.827328
64996: 0.82733
64997: 0.827333
64998: 0.827336
64999: 0.827338
65000: 0.827341
65001: 0.827344
65002: 0.827346
65003: 0.827349
65004: 0.827352
65005: 0.827354
65006: 0.827357
65007: 0.82736
65008: 0.827362
65009: 0.827365
65010: 0.827368
65011: 0.82737
65012: 0.827373
65013: 0.82736
65014: 0.827348
65015: 0.827335
65016: 0.827337
65017: 0.82734
65018: 0.827343
65019: 0.827345
65020: 0.827348
65021: 0.827351
65022: 0.827353
65023: 0.827356
65024: 0.827359
65025: 0.827361
65026: 0.827364
65027: 0.827367
65028: 0.827369
65029: 0.827372
65030: 0.827375
65031: 0.827377
65032: 0.827365
65033: 0.827367
65034: 0.82737
65035: 0.827357
65036: 0.82736
65037: 0.827347
65038: 0.82735
65039: 0.827352
65040: 0.827355
65041: 0.827358
65042: 0.82736
65043: 0.827363
65044: 0.827366
65045: 0.827368
65046: 0.827371
65047: 0.827374
65048: 0.827376
65049: 0.827379
65050: 0.827382
65051: 0.827384
65052: 0.827387
65053: 0.82739
65054: 0.827392
65055: 0.827395
65056: 0.827398
65057: 0.8274
65058: 0.827403
65059: 0.827405
65060: 0.827408
65061: 0.827411
65062: 0.827398
65063: 0.827401
65064: 0.827388
65065: 0.827375
65066: 0.827363
65067: 0.827365
65068: 0.827368
65069: 0.827355
65070: 0.827342
65071: 0.827345
65072: 0.827332
65073: 0.827335
65074: 0.827338
65075: 0.82734
65076: 0.827343
65077: 0.827346
65078: 0.827348
65079: 0.827336
65080: 0.827338
65081: 0.827341
65082: 0.827344
65083: 0.827331
65084: 0.827333
65085: 0.827336
65086: 0.827339
65087: 0.827341
65088: 0.827344
65089: 0.827347
65090: 0.827349
65091: 0.827352
65092: 0.827355
65093: 0.827342
65094: 0.827345
65095: 0.827347
65096: 0.82735
65097: 0.827353
65098: 0.82734
65099: 0.827343
65100: 0.827345
65101: 0.827348
65102: 0.827335
65103: 0.827338
65104: 0.82734
65105: 0.827328
65106: 0.82733
65107: 0.827333
65108: 0.827336
65109: 0.827338
65110: 0.827341
65111: 0.827344
65112: 0.827346
65113: 0.827349
65114: 0.827352
65115: 0.827339
65116: 0.827342
65117: 0.827344
65118: 0.827347
65119: 0.82735
65120: 0.827352
65121: 0.827355
65122: 0.827357
65123: 0.82736
65124: 0.827363
65125: 0.827365
65126: 0.827368
65127: 0.827371
65128: 0.827373
65129: 0.827376
65130: 0.827379
65131: 0.827381
65132: 0.827384
65133: 0.827387
65134: 0.827389
65135: 0.827377
65136: 0.827379
65137: 0.827382
65138: 0.827385
65139: 0.827387
65140: 0.82739
65141: 0.827392
65142: 0.827395
65143: 0.827398
65144: 0.8274
65145: 0.827403
65146: 0.827406
65147: 0.827408
65148: 0.827411
65149: 0.827414
65150: 0.827416
65151: 0.827419
65152: 0.827422
65153: 0.827424
65154: 0.827427
65155: 0.82743
65156: 0.827417
65157: 0.827404
65158: 0.827391
65159: 0.827379
65160: 0.827366
65161: 0.827369
65162: 0.827356
65163: 0.827343
65164: 0.827331
65165: 0.827318
65166: 0.827321
65167: 0.827323
65168: 0.827326
65169: 0.827329
65170: 0.827331
65171: 0.827334
65172: 0.827321
65173: 0.827324
65174: 0.827326
65175: 0.827329
65176: 0.827316
65177: 0.827319
65178: 0.827322
65179: 0.827324
65180: 0.827327
65181: 0.82733
65182: 0.827332
65183: 0.827335
65184: 0.827338
65185: 0.82734
65186: 0.827343
65187: 0.827346
65188: 0.827333
65189: 0.82732
65190: 0.827323
65191: 0.827325
65192: 0.827328
65193: 0.827331
65194: 0.827333
65195: 0.827321
65196: 0.827308
65197: 0.827311
65198: 0.827313
65199: 0.827316
65200: 0.827319
65201: 0.827306
65202: 0.827309
65203: 0.827311
65204: 0.827314
65205: 0.827317
65206: 0.827319
65207: 0.827322
65208: 0.827324
65209: 0.827312
65210: 0.827314
65211: 0.827317
65212: 0.82732
65213: 0.827322
65214: 0.827325
65215: 0.827328
65216: 0.82733
65217: 0.827333
65218: 0.827336
65219: 0.827338
65220: 0.827341
65221: 0.827344
65222: 0.827346
65223: 0.827349
65224: 0.827351
65225: 0.827354
65226: 0.827357
65227: 0.827359
65228: 0.827347
65229: 0.827349
65230: 0.827352
65231: 0.827355
65232: 0.827357
65233: 0.82736
65234: 0.827347
65235: 0.82735
65236: 0.827353
65237: 0.827355
65238: 0.827358
65239: 0.827361
65240: 0.827363
65241: 0.82735
65242: 0.827353
65243: 0.827356
65244: 0.827343
65245: 0.82733
65246: 0.827318
65247: 0.82732
65248: 0.827323
65249: 0.82731
65250: 0.827298
65251: 0.827285
65252: 0.827288
65253: 0.82729
65254: 0.827293
65255: 0.82728
65256: 0.827283
65257: 0.827286
65258: 0.827288
65259: 0.827291
65260: 0.827293
65261: 0.827296
65262: 0.827299
65263: 0.827301
65264: 0.827304
65265: 0.827307
65266: 0.827309
65267: 0.827297
65268: 0.827284
65269: 0.827271
65270: 0.827274
65271: 0.827261
65272: 0.827264
65273: 0.827251
65274: 0.827254
65275: 0.827257
65276: 0.827259
65277: 0.827262
65278: 0.827265
65279: 0.827267
65280: 0.827254
65281: 0.827257
65282: 0.82726
65283: 0.827262
65284: 0.82725
65285: 0.827252
65286: 0.827255
65287: 0.827258
65288: 0.82726
65289: 0.827263
65290: 0.827266
65291: 0.827268
65292: 0.827271
65293: 0.827274
65294: 0.827276
65295: 0.827264
65296: 0.827266
65297: 0.827269
65298: 0.827271
65299: 0.827274
65300: 0.827277
65301: 0.827279
65302: 0.827267
65303: 0.827269
65304: 0.827272
65305: 0.827275
65306: 0.827277
65307: 0.82728
65308: 0.827283
65309: 0.82727
65310: 0.827273
65311: 0.827275
65312: 0.827278
65313: 0.827281
65314: 0.827283
65315: 0.827286
65316: 0.827288
65317: 0.827276
65318: 0.827263
65319: 0.82725
65320: 0.827238
65321: 0.82724
65322: 0.827228
65323: 0.82723
65324: 0.827218
65325: 0.82722
65326: 0.827223
65327: 0.827226
65328: 0.827228
65329: 0.827231
65330: 0.827234
65331: 0.827236
65332: 0.827239
65333: 0.827242
65334: 0.827244
65335: 0.827247
65336: 0.827249
65337: 0.827252
65338: 0.827255
65339: 0.827257
65340: 0.82726
65341: 0.827247
65342: 0.827235
65343: 0.827237
65344: 0.82724
65345: 0.827243
65346: 0.827245
65347: 0.827248
65348: 0.827251
65349: 0.827253
65350: 0.827256
65351: 0.827259
65352: 0.827261
65353: 0.827249
65354: 0.827236
65355: 0.827239
65356: 0.827241
65357: 0.827244
65358: 0.827231
65359: 0.827234
65360: 0.827236
65361: 0.827239
65362: 0.827242
65363: 0.827244
65364: 0.827247
65365: 0.82725
65366: 0.827252
65367: 0.82724
65368: 0.827227
65369: 0.827214
65370: 0.827202
65371: 0.827204
65372: 0.827207
65373: 0.82721
65374: 0.827212
65375: 0.827215
65376: 0.827218
65377: 0.827205
65378: 0.827208
65379: 0.827195
65380: 0.827198
65381: 0.8272
65382: 0.827203
65383: 0.827205
65384: 0.827208
65385: 0.827211
65386: 0.827213
65387: 0.827216
65388: 0.827219
65389: 0.827221
65390: 0.827224
65391: 0.827227
65392: 0.827229
65393: 0.827232
65394: 0.827234
65395: 0.827222
65396: 0.827224
65397: 0.827227
65398: 0.82723
65399: 0.827232
65400: 0.827235
65401: 0.827238
65402: 0.82724
65403: 0.827243
65404: 0.827246
65405: 0.827248
65406: 0.827236
65407: 0.827238
65408: 0.827241
65409: 0.827244
65410: 0.827246
65411: 0.827249
65412: 0.827251
65413: 0.827254
65414: 0.827257
65415: 0.827259
65416: 0.827262
65417: 0.827265
65418: 0.827267
65419: 0.82727
65420: 0.827273
65421: 0.82726
65422: 0.827263
65423: 0.827265
65424: 0.827268
65425: 0.827271
65426: 0.827273
65427: 0.827276
65428: 0.827278
65429: 0.827281
65430: 0.827284
65431: 0.827286
65432: 0.827289
65433: 0.827292
65434: 0.827294
65435: 0.827297
65436: 0.8273
65437: 0.827302
65438: 0.827305
65439: 0.827307
65440: 0.82731
65441: 0.827313
65442: 0.827315
65443: 0.827318
65444: 0.827321
65445: 0.827308
65446: 0.827311
65447: 0.827313
65448: 0.827316
65449: 0.827319
65450: 0.827321
65451: 0.827324
65452: 0.827326
65453: 0.827329
65454: 0.827332
65455: 0.827334
65456: 0.827337
65457: 0.82734
65458: 0.827342
65459: 0.827345
65460: 0.827348
65461: 0.82735
65462: 0.827353
65463: 0.827355
65464: 0.827358
65465: 0.827361
65466: 0.827363
65467: 0.827366
65468: 0.827369
65469: 0.827371
65470: 0.827374
65471: 0.827361
65472: 0.827364
65473: 0.827367
65474: 0.827369
65475: 0.827372
65476: 0.827374
65477: 0.827377
65478: 0.82738
65479: 0.827382
65480: 0.827385
65481: 0.827388
65482: 0.82739
65483: 0.827393
65484: 0.827396
65485: 0.827398
65486: 0.827401
65487: 0.827403
65488: 0.827406
65489: 0.827409
65490: 0.827411
65491: 0.827414
65492: 0.827417
65493: 0.827419
65494: 0.827422
65495: 0.827409
65496: 0.827412
65497: 0.827415
65498: 0.827402
65499: 0.827389
65500: 0.827392
65501: 0.827395
65502: 0.827397
65503: 0.8274
65504: 0.827402
65505: 0.827405
65506: 0.827408
65507: 0.82741
65508: 0.827413
65509: 0.827416
65510: 0.827403
65511: 0.82739
65512: 0.827393
65513: 0.827396
65514: 0.827398
65515: 0.827401
65516: 0.827388
65517: 0.827376
65518: 0.827363
65519: 0.827366
65520: 0.827368
65521: 0.827371
65522: 0.827358
65523: 0.827361
65524: 0.827364
65525: 0.827366
65526: 0.827369
65527: 0.827372
65528: 0.827359
65529: 0.827362
65530: 0.827349
65531: 0.827336
65532: 0.827324
65533: 0.827311
65534: 0.827298
65535: 0.827286
65536: 0.827273
65537: 0.827261
65538: 0.827248
65539: 0.827235
65540: 0.827223
65541: 0.82721
65542: 0.827213
65543: 0.827215
65544: 0.827218
65545: 0.827221
65546: 0.827223
65547: 0.827226
65548: 0.827228
65549: 0.827231
65550: 0.827234
65551: 0.827236
65552: 0.827224
65553: 0.827211
65554: 0.827214
65555: 0.827216
65556: 0.827219
65557: 0.827222
65558: 0.827224
65559: 0.827227
65560: 0.82723
65561: 0.827232
65562: 0.827235
65563: 0.827238
65564: 0.82724
65565: 0.827243
65566: 0.827245
65567: 0.827248
65568: 0.827251
65569: 0.827253
65570: 0.827256
65571: 0.827259
65572: 0.827261
65573: 0.827249
65574: 0.827236
65575: 0.827239
65576: 0.827226
65577: 0.827213
65578: 0.827216
65579: 0.827219
65580: 0.827221
65581: 0.827224
65582: 0.827227
65583: 0.827229
65584: 0.827232
65585: 0.827234
65586: 0.827237
65587: 0.82724
65588: 0.827227
65589: 0.82723
65590: 0.827232
65591: 0.827235
65592: 0.827238
65593: 0.82724
65594: 0.827243
65595: 0.827246
65596: 0.827248
65597: 0.827251
65598: 0.827253
65599: 0.827256
65600: 0.827259
65601: 0.827261
65602: 0.827264
65603: 0.827267
65604: 0.827269
65605: 0.827272
65606: 0.827275
65607: 0.827277
65608: 0.82728
65609: 0.827282
65610: 0.827285
65611: 0.827288
65612: 0.82729
65613: 0.827293
65614: 0.82728
65615: 0.827283
65616: 0.827286
65617: 0.827288
65618: 0.827291
65619: 0.827294
65620: 0.827296
65621: 0.827299
65622: 0.827301
65623: 0.827304
65624: 0.827307
65625: 0.827294
65626: 0.827297
65627: 0.827299
65628: 0.827302
65629: 0.827305
65630: 0.827307
65631: 0.82731
65632: 0.827312
65633: 0.827315
65634: 0.827318
65635: 0.82732
65636: 0.827323
65637: 0.827326
65638: 0.827328
65639: 0.827331
65640: 0.827334
65641: 0.827321
65642: 0.827308
65643: 0.827296
65644: 0.827283
65645: 0.827271
65646: 0.827258
65647: 0.827261
65648: 0.827263
65649: 0.827266
65650: 0.827268
65651: 0.827271
65652: 0.827274
65653: 0.827276
65654: 0.827279
65655: 0.827266
65656: 0.827254
65657: 0.827256
65658: 0.827259
65659: 0.827262
65660: 0.827264
65661: 0.827267
65662: 0.82727
65663: 0.827257
65664: 0.827244
65665: 0.827247
65666: 0.82725
65667: 0.827252
65668: 0.827255
65669: 0.827257
65670: 0.827245
65671: 0.827248
65672: 0.82725
65673: 0.827238
65674: 0.82724
65675: 0.827243
65676: 0.82723
65677: 0.827218
65678: 0.82722
65679: 0.827223
65680: 0.827226
65681: 0.827228
65682: 0.827231
65683: 0.827233
65684: 0.827236
65685: 0.827239
65686: 0.827241
65687: 0.827244
65688: 0.827247
65689: 0.827249
65690: 0.827252
65691: 0.827254
65692: 0.827257
65693: 0.82726
65694: 0.827247
65695: 0.82725
65696: 0.827252
65697: 0.827255
65698: 0.827258
65699: 0.827245
65700: 0.827248
65701: 0.82725
65702: 0.827253
65703: 0.827256
65704: 0.827258
65705: 0.827261
65706: 0.827263
65707: 0.827266
65708: 0.827269
65709: 0.827256
65710: 0.827244
65711: 0.827246
65712: 0.827249
65713: 0.827251
65714: 0.827254
65715: 0.827257
65716: 0.827259
65717: 0.827262
65718: 0.827265
65719: 0.827252
65720: 0.827255
65721: 0.827257
65722: 0.827245
65723: 0.827232
65724: 0.827219
65725: 0.827222
65726: 0.827225
65727: 0.827227
65728: 0.82723
65729: 0.827233
65730: 0.827235
65731: 0.827238
65732: 0.827225
65733: 0.827228
65734: 0.827231
65735: 0.827218
65736: 0.827221
65737: 0.827223
65738: 0.827226
65739: 0.827228
65740: 0.827231
65741: 0.827234
65742: 0.827236
65743: 0.827239
65744: 0.827242
65745: 0.827244
65746: 0.827247
65747: 0.827249
65748: 0.827252
65749: 0.827255
65750: 0.827257
65751: 0.82726
65752: 0.827263
65753: 0.827265
65754: 0.827268
65755: 0.827271
65756: 0.827273
65757: 0.827276
65758: 0.827278
65759: 0.827281
65760: 0.827268
65761: 0.827256
65762: 0.827243
65763: 0.827231
65764: 0.827233
65765: 0.827236
65766: 0.827239
65767: 0.827226
65768: 0.827213
65769: 0.827216
65770: 0.827203
65771: 0.827206
65772: 0.827209
65773: 0.827211
65774: 0.827214
65775: 0.827217
65776: 0.827219
65777: 0.827222
65778: 0.827224
65779: 0.827227
65780: 0.827215
65781: 0.827202
65782: 0.827205
65783: 0.827207
65784: 0.82721
65785: 0.827212
65786: 0.827215
65787: 0.827218
65788: 0.82722
65789: 0.827223
65790: 0.827226
65791: 0.827228
65792: 0.827231
65793: 0.827233
65794: 0.827221
65795: 0.827208
65796: 0.827196
65797: 0.827198
65798: 0.827201
65799: 0.827204
65800: 0.827191
65801: 0.827194
65802: 0.827196
65803: 0.827199
65804: 0.827202
65805: 0.827204
65806: 0.827207
65807: 0.827194
65808: 0.827197
65809: 0.827184
65810: 0.827172
65811: 0.827174
65812: 0.827177
65813: 0.82718
65814: 0.827182
65815: 0.827185
65816: 0.827188
65817: 0.82719
65818: 0.827193
65819: 0.827195
65820: 0.827198
65821: 0.827201
65822: 0.827203
65823: 0.827191
65824: 0.827178
65825: 0.827166
65826: 0.827168
65827: 0.827156
65828: 0.827158
65829: 0.827161
65830: 0.827163
65831: 0.827166
65832: 0.827169
65833: 0.827171
65834: 0.827174
65835: 0.827177
65836: 0.827179
65837: 0.827182
65838: 0.827184
65839: 0.827187
65840: 0.82719
65841: 0.827192
65842: 0.827195
65843: 0.827182
65844: 0.827185
65845: 0.827188
65846: 0.82719
65847: 0.827193
65848: 0.827196
65849: 0.827198
65850: 0.827201
65851: 0.827203
65852: 0.827206
65853: 0.827209
65854: 0.827211
65855: 0.827214
65856: 0.827217
65857: 0.827219
65858: 0.827207
65859: 0.827194
65860: 0.827197
65861: 0.827199
65862: 0.827202
65863: 0.827205
65864: 0.827207
65865: 0.82721
65866: 0.827212
65867: 0.827215
65868: 0.827218
65869: 0.82722
65870: 0.827223
65871: 0.827226
65872: 0.827228
65873: 0.827231
65874: 0.827233
65875: 0.827236
65876: 0.827223
65877: 0.827226
65878: 0.827229
65879: 0.827231
65880: 0.827234
65881: 0.827237
65882: 0.827239
65883: 0.827242
65884: 0.827244
65885: 0.827247
65886: 0.82725
65887: 0.827252
65888: 0.827255
65889: 0.827258
65890: 0.827245
65891: 0.827248
65892: 0.82725
65893: 0.827253
65894: 0.827255
65895: 0.827243
65896: 0.82723
65897: 0.827218
65898: 0.82722
65899: 0.827223
65900: 0.827226
65901: 0.827228
65902: 0.827231
65903: 0.827234
65904: 0.827236
65905: 0.827224
65906: 0.827226
65907: 0.827214
65908: 0.827201
65909: 0.827189
65910: 0.827191
65911: 0.827179
65912: 0.827166
65913: 0.827154
65914: 0.827141
65915: 0.827128
65916: 0.827131
65917: 0.827119
65918: 0.827121
65919: 0.827124
65920: 0.827126
65921: 0.827114
65922: 0.827116
65923: 0.827119
65924: 0.827122
65925: 0.827124
65926: 0.827127
65927: 0.82713
65928: 0.827132
65929: 0.827135
65930: 0.827137
65931: 0.82714
65932: 0.827143
65933: 0.827145
65934: 0.827133
65935: 0.827135
65936: 0.827123
65937: 0.82711
65938: 0.827098
65939: 0.827085
65940: 0.827073
65941: 0.827075
65942: 0.827078
65943: 0.827065
65944: 0.827068
65945: 0.827071
65946: 0.827073
65947: 0.827061
65948: 0.827048
65949: 0.827036
65950: 0.827023
65951: 0.827011
65952: 0.826998
65953: 0.827001
65954: 0.827003
65955: 0.826991
65956: 0.826993
65957: 0.826996
65958: 0.826999
65959: 0.826986
65960: 0.826974
65961: 0.826976
65962: 0.826979
65963: 0.826981
65964: 0.826984
65965: 0.826987
65966: 0.826989
65967: 0.826992
65968: 0.826994
65969: 0.826997
65970: 0.827
65971: 0.827002
65972: 0.827005
65973: 0.827008
65974: 0.82701
65975: 0.827013
65976: 0.827015
65977: 0.827003
65978: 0.827006
65979: 0.827008
65980: 0.827011
65981: 0.827013
65982: 0.827016
65983: 0.827019
65984: 0.827021
65985: 0.827024
65986: 0.827011
65987: 0.827014
65988: 0.827017
65989: 0.827019
65990: 0.827022
65991: 0.827024
65992: 0.827027
65993: 0.827015
65994: 0.827017
65995: 0.82702
65996: 0.827007
65997: 0.82701
65998: 0.827013
65999: 0.827015
66000: 0.827018
66001: 0.82702
66002: 0.827023
66003: 0.827026
66004: 0.827028
66005: 0.827031
66006: 0.827033
66007: 0.827036
66008: 0.827039
66009: 0.827041
66010: 0.827044
66011: 0.827047
66012: 0.827049
66013: 0.827037
66014: 0.827039
66015: 0.827027
66016: 0.827029
66017: 0.827032
66018: 0.827035
66019: 0.827037
66020: 0.82704
66021: 0.827043
66022: 0.827045
66023: 0.827048
66024: 0.82705
66025: 0.827053
66026: 0.827056
66027: 0.827058
66028: 0.827061
66029: 0.827063
66030: 0.827066
66031: 0.827054
66032: 0.827041
66033: 0.827029
66034: 0.827031
66035: 0.827019
66036: 0.827021
66037: 0.827009
66038: 0.827011
66039: 0.827014
66040: 0.827017
66041: 0.827019
66042: 0.827022
66043: 0.827024
66044: 0.827012
66045: 0.826999
66046: 0.826987
66047: 0.826974
66048: 0.826977
66049: 0.82698
66050: 0.826982
66051: 0.826985
66052: 0.826987
66053: 0.82699
66054: 0.826993
66055: 0.826995
66056: 0.826998
66057: 0.827001
66058: 0.827003
66059: 0.827006
66060: 0.827008
66061: 0.827011
66062: 0.827014
66063: 0.827001
66064: 0.827004
66065: 0.827006
66066: 0.827009
66067: 0.827012
66068: 0.827014
66069: 0.827017
66070: 0.827019
66071: 0.827022
66072: 0.827025
66073: 0.827012
66074: 0.827
66075: 0.826987
66076: 0.82699
66077: 0.826992
66078: 0.826995
66079: 0.826998
66080: 0.827
66081: 0.827003
66082: 0.827005
66083: 0.827008
66084: 0.827011
66085: 0.827013
66086: 0.827016
66087: 0.827019
66088: 0.827021
66089: 0.827024
66090: 0.827026
66091: 0.827029
66092: 0.827032
66093: 0.827034
66094: 0.827037
66095: 0.827039
66096: 0.827042
66097: 0.827045
66098: 0.827047
66099: 0.82705
66100: 0.827053
66101: 0.827055
66102: 0.827058
66103: 0.82706
66104: 0.827063
66105: 0.827066
66106: 0.827068
66107: 0.827071
66108: 0.827073
66109: 0.827076
66110: 0.827079
66111: 0.827081
66112: 0.827084
66113: 0.827087
66114: 0.827074
66115: 0.827062
66116: 0.827049
66117: 0.827037
66118: 0.827039
66119: 0.827042
66120: 0.827044
66121: 0.827047
66122: 0.82705
66123: 0.827052
66124: 0.82704
66125: 0.827027
66126: 0.82703
66127: 0.827017
66128: 0.827005
66129: 0.827007
66130: 0.826995
66131: 0.826982
66132: 0.826985
66133: 0.826988
66134: 0.82699
66135: 0.826993
66136: 0.826995
66137: 0.826998
66138: 0.827001
66139: 0.827003
66140: 0.827006
66141: 0.827009
66142: 0.827011
66143: 0.827014
66144: 0.827016
66145: 0.827019
66146: 0.827022
66147: 0.827024
66148: 0.827027
66149: 0.827029
66150: 0.827017
66151: 0.82702
66152: 0.827022
66153: 0.827025
66154: 0.827027
66155: 0.82703
66156: 0.827033
66157: 0.827035
66158: 0.827038
66159: 0.827025
66160: 0.827028
66161: 0.827016
66162: 0.827018
66163: 0.827021
66164: 0.827023
66165: 0.827026
66166: 0.827029
66167: 0.827031
66168: 0.827019
66169: 0.827021
66170: 0.827024
66171: 0.827027
66172: 0.827029
66173: 0.827032
66174: 0.827034
66175: 0.827037
66176: 0.82704
66177: 0.827042
66178: 0.827045
66179: 0.827032
66180: 0.82702
66181: 0.827007
66182: 0.826995
66183: 0.826997
66184: 0.827
66185: 0.827003
66186: 0.827005
66187: 0.827008
66188: 0.826995
66189: 0.826983
66190: 0.826986
66191: 0.826988
66192: 0.826991
66193: 0.826993
66194: 0.826996
66195: 0.826984
66196: 0.826986
66197: 0.826989
66198: 0.826991
66199: 0.826994
66200: 0.826997
66201: 0.826999
66202: 0.827002
66203: 0.827004
66204: 0.827007
66205: 0.82701
66206: 0.826997
66207: 0.826985
66208: 0.826972
66209: 0.826975
66210: 0.826977
66211: 0.82698
66212: 0.826983
66213: 0.826985
66214: 0.826988
66215: 0.82699
66216: 0.826993
66217: 0.826996
66218: 0.826998
66219: 0.827001
66220: 0.827004
66221: 0.827006
66222: 0.826994
66223: 0.826996
66224: 0.826984
66225: 0.826986
66226: 0.826989
66227: 0.826992
66228: 0.826979
66229: 0.826982
66230: 0.826984
66231: 0.826987
66232: 0.826974
66233: 0.826977
66234: 0.82698
66235: 0.826982
66236: 0.826985
66237: 0.826988
66238: 0.82699
66239: 0.826993
66240: 0.826995
66241: 0.826983
66242: 0.826985
66243: 0.826988
66244: 0.826976
66245: 0.826963
66246: 0.826966
66247: 0.826968
66248: 0.826971
66249: 0.826974
66250: 0.826976
66251: 0.826979
66252: 0.826981
66253: 0.826984
66254: 0.826987
66255: 0.826989
66256: 0.826992
66257: 0.826994
66258: 0.826997
66259: 0.827
66260: 0.827002
66261: 0.82699
66262: 0.826992
66263: 0.826995
66264: 0.826998
66265: 0.827
66266: 0.827003
66267: 0.827005
66268: 0.826993
66269: 0.826981
66270: 0.826983
66271: 0.826986
66272: 0.826988
66273: 0.826991
66274: 0.826994
66275: 0.826996
66276: 0.826999
66277: 0.827001
66278: 0.827004
66279: 0.827007
66280: 0.827009
66281: 0.827012
66282: 0.826999
66283: 0.827002
66284: 0.827005
66285: 0.827007
66286: 0.82701
66287: 0.827012
66288: 0.827015
66289: 0.827018
66290: 0.82702
66291: 0.827023
66292: 0.827025
66293: 0.827028
66294: 0.827031
66295: 0.827033
66296: 0.827036
66297: 0.827039
66298: 0.827041
66299: 0.827044
66300: 0.827046
66301: 0.827049
66302: 0.827052
66303: 0.827054
66304: 0.827057
66305: 0.827059
66306: 0.827062
66307: 0.827065
66308: 0.827067
66309: 0.82707
66310: 0.827072
66311: 0.82706
66312: 0.827047
66313: 0.82705
66314: 0.827053
66315: 0.827055
66316: 0.827043
66317: 0.82703
66318: 0.827018
66319: 0.827021
66320: 0.827023
66321: 0.827026
66322: 0.827028
66323: 0.827031
66324: 0.827034
66325: 0.827021
66326: 0.827024
66327: 0.827026
66328: 0.827029
66329: 0.827032
66330: 0.827034
66331: 0.827037
66332: 0.827039
66333: 0.827042
66334: 0.827045
66335: 0.827047
66336: 0.82705
66337: 0.827052
66338: 0.827055
66339: 0.827058
66340: 0.82706
66341: 0.827063
66342: 0.82705
66343: 0.827053
66344: 0.827056
66345: 0.827058
66346: 0.827061
66347: 0.827063
66348: 0.827051
66349: 0.827038
66350: 0.827041
66351: 0.827044
66352: 0.827046
66353: 0.827049
66354: 0.827051
66355: 0.827039
66356: 0.827042
66357: 0.827044
66358: 0.827047
66359: 0.827049
66360: 0.827052
66361: 0.82704
66362: 0.827042
66363: 0.82703
66364: 0.827032
66365: 0.827035
66366: 0.827038
66367: 0.82704
66368: 0.827043
66369: 0.827045
66370: 0.827048
66371: 0.827051
66372: 0.827053
66373: 0.827056
66374: 0.827058
66375: 0.827061
66376: 0.827064
66377: 0.827066
66378: 0.827069
66379: 0.827071
66380: 0.827074
66381: 0.827077
66382: 0.827079
66383: 0.827082
66384: 0.827069
66385: 0.827057
66386: 0.82706
66387: 0.827047
66388: 0.82705
66389: 0.827052
66390: 0.827055
66391: 0.827057
66392: 0.82706
66393: 0.827063
66394: 0.827065
66395: 0.827068
66396: 0.827071
66397: 0.827073
66398: 0.827076
66399: 0.827078
66400: 0.827081
66401: 0.827084
66402: 0.827086
66403: 0.827089
66404: 0.827091
66405: 0.827094
66406: 0.827081
66407: 0.827084
66408: 0.827072
66409: 0.827074
66410: 0.827077
66411: 0.827079
66412: 0.827082
66413: 0.827085
66414: 0.827087
66415: 0.82709
66416: 0.827092
66417: 0.827095
66418: 0.827098
66419: 0.8271
66420: 0.827103
66421: 0.827105
66422: 0.827108
66423: 0.827111
66424: 0.827113
66425: 0.827116
66426: 0.827118
66427: 0.827121
66428: 0.827124
66429: 0.827126
66430: 0.827129
66431: 0.827132
66432: 0.827134
66433: 0.827137
66434: 0.827139
66435: 0.827142
66436: 0.827145
66437: 0.827132
66438: 0.82712
66439: 0.827107
66440: 0.82711
66441: 0.827112
66442: 0.827115
66443: 0.827118
66444: 0.82712
66445: 0.827123
66446: 0.827125
66447: 0.827128
66448: 0.827131
66449: 0.827118
66450: 0.827121
66451: 0.827123
66452: 0.827126
66453: 0.827129
66454: 0.827131
66455: 0.827134
66456: 0.827136
66457: 0.827139
66458: 0.827142
66459: 0.827144
66460: 0.827147
66461: 0.827149
66462: 0.827152
66463: 0.827155
66464: 0.827157
66465: 0.827145
66466: 0.827132
66467: 0.827135
66468: 0.827137
66469: 0.82714
66470: 0.827128
66471: 0.82713
66472: 0.827133
66473: 0.827135
66474: 0.827123
66475: 0.827126
66476: 0.827113
66477: 0.827116
66478: 0.827118
66479: 0.827106
66480: 0.827108
66481: 0.827096
66482: 0.827099
66483: 0.827101
66484: 0.827104
66485: 0.827106
66486: 0.827094
66487: 0.827097
66488: 0.827099
66489: 0.827102
66490: 0.827104
66491: 0.827092
66492: 0.82708
66493: 0.827082
66494: 0.827085
66495: 0.827087
66496: 0.82709
66497: 0.827093
66498: 0.827095
66499: 0.827098
66500: 0.8271
66501: 0.827088
66502: 0.827091
66503: 0.827093
66504: 0.827096
66505: 0.827098
66506: 0.827101
66507: 0.827104
66508: 0.827106
66509: 0.827109
66510: 0.827111
66511: 0.827114
66512: 0.827117
66513: 0.827119
66514: 0.827122
66515: 0.827124
66516: 0.827127
66517: 0.827129
66518: 0.827132
66519: 0.827135
66520: 0.827137
66521: 0.827125
66522: 0.827112
66523: 0.8271
66524: 0.827088
66525: 0.827075
66526: 0.827078
66527: 0.82708
66528: 0.827068
66529: 0.827055
66530: 0.827058
66531: 0.827061
66532: 0.827063
66533: 0.827066
66534: 0.827068
66535: 0.827056
66536: 0.827059
66537: 0.827061
66538: 0.827064
66539: 0.827066
66540: 0.827069
66541: 0.827072
66542: 0.827074
66543: 0.827077
66544: 0.827079
66545: 0.827082
66546: 0.82707
66547: 0.827072
66548: 0.827075
66549: 0.827077
66550: 0.82708
66551: 0.827083
66552: 0.827085
66553: 0.827088
66554: 0.82709
66555: 0.827093
66556: 0.827096
66557: 0.827083
66558: 0.827086
66559: 0.827088
66560: 0.827091
66561: 0.827094
66562: 0.827081
66563: 0.827069
66564: 0.827056
66565: 0.827044
66566: 0.827031
66567: 0.827034
66568: 0.827037
66569: 0.827039
66570: 0.827042
66571: 0.827044
66572: 0.827032
66573: 0.82702
66574: 0.827007
66575: 0.82701
66576: 0.827012
66577: 0.827015
66578: 0.827018
66579: 0.82702
66580: 0.827008
66581: 0.82701
66582: 0.827013
66583: 0.827015
66584: 0.827018
66585: 0.827021
66586: 0.827023
66587: 0.827026
66588: 0.827028
66589: 0.827031
66590: 0.827034
66591: 0.827021
66592: 0.827009
66593: 0.827011
66594: 0.827014
66595: 0.827017
66596: 0.827019
66597: 0.827022
66598: 0.827024
66599: 0.827027
66600: 0.82703
66601: 0.827032
66602: 0.827035
66603: 0.827037
66604: 0.82704
66605: 0.827028
66606: 0.82703
66607: 0.827033
66608: 0.82702
66609: 0.827008
66610: 0.827011
66611: 0.827013
66612: 0.827001
66613: 0.826988
66614: 0.826976
66615: 0.826979
66616: 0.826981
66617: 0.826984
66618: 0.826986
66619: 0.826989
66620: 0.826991
66621: 0.826994
66622: 0.826997
66623: 0.826999
66624: 0.827002
66625: 0.827004
66626: 0.827007
66627: 0.82701
66628: 0.827012
66629: 0.827015
66630: 0.827017
66631: 0.82702
66632: 0.827023
66633: 0.827025
66634: 0.827028
66635: 0.82703
66636: 0.827033
66637: 0.827036
66638: 0.827038
66639: 0.827041
66640: 0.827043
66641: 0.827046
66642: 0.827049
66643: 0.827051
66644: 0.827054
66645: 0.827056
66646: 0.827059
66647: 0.827062
66648: 0.827064
66649: 0.827067
66650: 0.827069
66651: 0.827072
66652: 0.827075
66653: 0.827077
66654: 0.82708
66655: 0.827082
66656: 0.827085
66657: 0.827088
66658: 0.82709
66659: 0.827093
66660: 0.827095
66661: 0.827098
66662: 0.8271
66663: 0.827103
66664: 0.827091
66665: 0.827093
66666: 0.827096
66667: 0.827098
66668: 0.827101
66669: 0.827104
66670: 0.827091
66671: 0.827079
66672: 0.827081
66673: 0.827084
66674: 0.827087
66675: 0.827089
66676: 0.827092
66677: 0.827094
66678: 0.827097
66679: 0.8271
66680: 0.827102
66681: 0.82709
66682: 0.827077
66683: 0.82708
66684: 0.827083
66685: 0.82707
66686: 0.827073
66687: 0.827075
66688: 0.827078
66689: 0.827081
66690: 0.827083
66691: 0.827086
66692: 0.827088
66693: 0.827091
66694: 0.827078
66695: 0.827081
66696: 0.827084
66697: 0.827086
66698: 0.827074
66699: 0.827061
66700: 0.827049
66701: 0.827052
66702: 0.827054
66703: 0.827057
66704: 0.827059
66705: 0.827062
66706: 0.827065
66707: 0.827067
66708: 0.82707
66709: 0.827072
66710: 0.827075
66711: 0.827078
66712: 0.82708
66713: 0.827083
66714: 0.827085
66715: 0.827088
66716: 0.827091
66717: 0.827093
66718: 0.827081
66719: 0.827083
66720: 0.827086
66721: 0.827089
66722: 0.827091
66723: 0.827094
66724: 0.827096
66725: 0.827099
66726: 0.827101
66727: 0.827104
66728: 0.827092
66729: 0.827094
66730: 0.827097
66731: 0.827099
66732: 0.827087
66733: 0.82709
66734: 0.827092
66735: 0.827095
66736: 0.827097
66737: 0.8271
66738: 0.827103
66739: 0.827105
66740: 0.827108
66741: 0.82711
66742: 0.827098
66743: 0.827101
66744: 0.827103
66745: 0.827106
66746: 0.827108
66747: 0.827111
66748: 0.827114
66749: 0.827116
66750: 0.827119
66751: 0.827121
66752: 0.827124
66753: 0.827126
66754: 0.827129
66755: 0.827132
66756: 0.827134
66757: 0.827137
66758: 0.827139
66759: 0.827142
66760: 0.827145
66761: 0.827147
66762: 0.82715
66763: 0.827152
66764: 0.827155
66765: 0.827158
66766: 0.82716
66767: 0.827163
66768: 0.827165
66769: 0.827168
66770: 0.82717
66771: 0.827173
66772: 0.827176
66773: 0.827178
66774: 0.827166
66775: 0.827153
66776: 0.827141
66777: 0.827144
66778: 0.827146
66779: 0.827149
66780: 0.827151
66781: 0.827139
66782: 0.827142
66783: 0.827144
66784: 0.827147
66785: 0.827149
66786: 0.827137
66787: 0.827125
66788: 0.827112
66789: 0.8271
66790: 0.827102
66791: 0.827105
66792: 0.827093
66793: 0.82708
66794: 0.827068
66795: 0.827056
66796: 0.827058
66797: 0.827046
66798: 0.827048
66799: 0.827051
66800: 0.827053
66801: 0.827056
66802: 0.827059
66803: 0.827061
66804: 0.827064
66805: 0.827066
66806: 0.827069
66807: 0.827072
66808: 0.827059
66809: 0.827062
66810: 0.827064
66811: 0.827067
66812: 0.82707
66813: 0.827072
66814: 0.827075
66815: 0.827077
66816: 0.82708
66817: 0.827083
66818: 0.827085
66819: 0.827088
66820: 0.82709
66821: 0.827093
66822: 0.827095
66823: 0.827083
66824: 0.827086
66825: 0.827088
66826: 0.827091
66827: 0.827093
66828: 0.827096
66829: 0.827099
66830: 0.827086
66831: 0.827074
66832: 0.827076
66833: 0.827079
66834: 0.827082
66835: 0.827084
66836: 0.827087
66837: 0.827089
66838: 0.827092
66839: 0.827095
66840: 0.827097
66841: 0.8271
66842: 0.827102
66843: 0.827105
66844: 0.827107
66845: 0.82711
66846: 0.827113
66847: 0.827115
66848: 0.827118
66849: 0.827105
66850: 0.827093
66851: 0.827081
66852: 0.827068
66853: 0.827056
66854: 0.827044
66855: 0.827046
66856: 0.827049
66857: 0.827051
66858: 0.827054
66859: 0.827057
66860: 0.827044
66861: 0.827032
66862: 0.827034
66863: 0.827037
66864: 0.82704
66865: 0.827042
66866: 0.827045
66867: 0.827047
66868: 0.82705
66869: 0.827052
66870: 0.827055
66871: 0.827058
66872: 0.82706
66873: 0.827063
66874: 0.827065
66875: 0.827068
66876: 0.827071
66877: 0.827073
66878: 0.827076
66879: 0.827078
66880: 0.827081
66881: 0.827084
66882: 0.827086
66883: 0.827089
66884: 0.827091
66885: 0.827094
66886: 0.827096
66887: 0.827099
66888: 0.827102
66889: 0.827104
66890: 0.827107
66891: 0.827109
66892: 0.827112
66893: 0.827115
66894: 0.827117
66895: 0.82712
66896: 0.827122
66897: 0.827125
66898: 0.827127
66899: 0.82713
66900: 0.827118
66901: 0.827105
66902: 0.827093
66903: 0.827081
66904: 0.827068
66905: 0.827071
66906: 0.827073
66907: 0.827076
66908: 0.827079
66909: 0.827081
66910: 0.827084
66911: 0.827086
66912: 0.827089
66913: 0.827091
66914: 0.827094
66915: 0.827097
66916: 0.827099
66917: 0.827102
66918: 0.827104
66919: 0.827092
66920: 0.827095
66921: 0.827097
66922: 0.8271
66923: 0.827102
66924: 0.827105
66925: 0.827108
66926: 0.827095
66927: 0.827098
66928: 0.8271
66929: 0.827103
66930: 0.827106
66931: 0.827108
66932: 0.827111
66933: 0.827113
66934: 0.827116
66935: 0.827118
66936: 0.827121
66937: 0.827124
66938: 0.827126
66939: 0.827129
66940: 0.827131
66941: 0.827119
66942: 0.827122
66943: 0.827124
66944: 0.827127
66945: 0.827129
66946: 0.827132
66947: 0.827134
66948: 0.827137
66949: 0.82714
66950: 0.827142
66951: 0.827145
66952: 0.827147
66953: 0.82715
66954: 0.827153
66955: 0.827155
66956: 0.827158
66957: 0.82716
66958: 0.827163
66959: 0.827151
66960: 0.827153
66961: 0.827156
66962: 0.827158
66963: 0.827161
66964: 0.827163
66965: 0.827151
66966: 0.827154
66967: 0.827156
66968: 0.827159
66969: 0.827161
66970: 0.827164
66971: 0.827167
66972: 0.827169
66973: 0.827172
66974: 0.827174
66975: 0.827162
66976: 0.827165
66977: 0.827167
66978: 0.82717
66979: 0.827172
66980: 0.827175
66981: 0.827163
66982: 0.827165
66983: 0.827168
66984: 0.82717
66985: 0.827173
66986: 0.827175
66987: 0.827178
66988: 0.827181
66989: 0.827183
66990: 0.827186
66991: 0.827188
66992: 0.827191
66993: 0.827179
66994: 0.827181
66995: 0.827184
66996: 0.827186
66997: 0.827189
66998: 0.827191
66999: 0.827179
67000: 0.827167
67001: 0.827169
67002: 0.827172
67003: 0.827174
67004: 0.827177
67005: 0.82718
67006: 0.827182
67007: 0.827185
67008: 0.827187
67009: 0.82719
67010: 0.827193
67011: 0.827195
67012: 0.827198
67013: 0.8272
67014: 0.827203
67015: 0.827205
67016: 0.827208
67017: 0.827211
67018: 0.827213
67019: 0.827216
67020: 0.827218
67021: 0.827221
67022: 0.827223
67023: 0.827226
67024: 0.827229
67025: 0.827231
67026: 0.827234
67027: 0.827236
67028: 0.827239
67029: 0.827242
67030: 0.827244
67031: 0.827232
67032: 0.827234
67033: 0.827237
67034: 0.82724
67035: 0.827242
67036: 0.827245
67037: 0.827247
67038: 0.82725
67039: 0.827252
67040: 0.827255
67041: 0.827258
67042: 0.827245
67043: 0.827233
67044: 0.827221
67045: 0.827223
67046: 0.827226
67047: 0.827228
67048: 0.827231
67049: 0.827233
67050: 0.827236
67051: 0.827239
67052: 0.827226
67053: 0.827229
67054: 0.827231
67055: 0.827234
67056: 0.827237
67057: 0.827239
67058: 0.827242
67059: 0.827244
67060: 0.827247
67061: 0.827234
67062: 0.827222
67063: 0.82721
67064: 0.827212
67065: 0.8272
67066: 0.827203
67067: 0.827205
67068: 0.827208
67069: 0.82721
67070: 0.827213
67071: 0.827216
67072: 0.827218
67073: 0.827221
67074: 0.827223
67075: 0.827226
67076: 0.827214
67077: 0.827216
67078: 0.827219
67079: 0.827221
67080: 0.827209
67081: 0.827211
67082: 0.827214
67083: 0.827217
67084: 0.827219
67085: 0.827222
67086: 0.827224
67087: 0.827227
67088: 0.82723
67089: 0.827217
67090: 0.82722
67091: 0.827222
67092: 0.827225
67093: 0.827227
67094: 0.82723
67095: 0.827233
67096: 0.827235
67097: 0.827238
67098: 0.82724
67099: 0.827243
67100: 0.827245
67101: 0.827248
67102: 0.827251
67103: 0.827253
67104: 0.827256
67105: 0.827258
67106: 0.827261
67107: 0.827264
67108: 0.827266
67109: 0.827254
67110: 0.827256
67111: 0.827259
67112: 0.827261
67113: 0.827264
67114: 0.827267
67115: 0.827254
67116: 0.827257
67117: 0.827259
67118: 0.827262
67119: 0.827265
67120: 0.827267
67121: 0.82727
67122: 0.827272
67123: 0.827275
67124: 0.827277
67125: 0.82728
67126: 0.827283
67127: 0.827285
67128: 0.827273
67129: 0.827275
67130: 0.827278
67131: 0.827281
67132: 0.827283
67133: 0.827286
67134: 0.827273
67135: 0.827261
67136: 0.827249
67137: 0.827251
67138: 0.827254
67139: 0.827242
67140: 0.827244
67141: 0.827247
67142: 0.827249
67143: 0.827252
67144: 0.827254
67145: 0.827257
67146: 0.82726
67147: 0.827262
67148: 0.827265
67149: 0.827252
67150: 0.827255
67151: 0.827258
67152: 0.827245
67153: 0.827248
67154: 0.82725
67155: 0.827253
67156: 0.827256
67157: 0.827258
67158: 0.827246
67159: 0.827248
67160: 0.827251
67161: 0.827254
67162: 0.827256
67163: 0.827244
67164: 0.827246
67165: 0.827249
67166: 0.827251
67167: 0.827254
67168: 0.827257
67169: 0.827259
67170: 0.827262
67171: 0.827264
67172: 0.827267
67173: 0.827269
67174: 0.827272
67175: 0.827275
67176: 0.827277
67177: 0.827265
67178: 0.827267
67179: 0.827255
67180: 0.827258
67181: 0.82726
67182: 0.827263
67183: 0.827265
67184: 0.827268
67185: 0.827271
67186: 0.827273
67187: 0.827261
67188: 0.827263
67189: 0.827251
67190: 0.827239
67191: 0.827241
67192: 0.827244
67193: 0.827246
67194: 0.827249
67195: 0.827252
67196: 0.827254
67197: 0.827257
67198: 0.827259
67199: 0.827262
67200: 0.82725
67201: 0.827252
67202: 0.827255
67203: 0.827257
67204: 0.82726
67205: 0.827262
67206: 0.827265
67207: 0.827253
67208: 0.82724
67209: 0.827228
67210: 0.827231
67211: 0.827233
67212: 0.827236
67213: 0.827238
67214: 0.827241
67215: 0.827244
67216: 0.827246
67217: 0.827249
67218: 0.827251
67219: 0.827254
67220: 0.827256
67221: 0.827259
67222: 0.827262
67223: 0.827264
67224: 0.827267
67225: 0.827269
67226: 0.827272
67227: 0.827274
67228: 0.827277
67229: 0.827279
67230: 0.827282
67231: 0.827285
67232: 0.827287
67233: 0.82729
67234: 0.827277
67235: 0.827265
67236: 0.827268
67237: 0.82727
67238: 0.827273
67239: 0.827261
67240: 0.827263
67241: 0.827266
67242: 0.827268
67243: 0.827271
67244: 0.827273
67245: 0.827276
67246: 0.827279
67247: 0.827266
67248: 0.827269
67249: 0.827271
67250: 0.827274
67251: 0.827277
67252: 0.827279
67253: 0.827282
67254: 0.827284
67255: 0.827287
67256: 0.827289
67257: 0.827292
67258: 0.827294
67259: 0.827297
67260: 0.8273
67261: 0.827302
67262: 0.827305
67263: 0.827307
67264: 0.82731
67265: 0.827312
67266: 0.827315
67267: 0.827318
67268: 0.82732
67269: 0.827308
67270: 0.827296
67271: 0.827283
67272: 0.827271
67273: 0.827274
67274: 0.827276
67275: 0.827279
67276: 0.827281
67277: 0.827284
67278: 0.827286
67279: 0.827289
67280: 0.827292
67281: 0.827294
67282: 0.827297
67283: 0.827284
67284: 0.827287
67285: 0.827289
67286: 0.827292
67287: 0.82728
67288: 0.827267
67289: 0.827255
67290: 0.827258
67291: 0.82726
67292: 0.827248
67293: 0.827251
67294: 0.827253
67295: 0.827256
67296: 0.827258
67297: 0.827261
67298: 0.827263
67299: 0.827266
67300: 0.827269
67301: 0.827271
67302: 0.827274
67303: 0.827276
67304: 0.827279
67305: 0.827281
67306: 0.827284
67307: 0.827287
67308: 0.827289
67309: 0.827292
67310: 0.827294
67311: 0.827297
67312: 0.827299
67313: 0.827302
67314: 0.827304
67315: 0.827307
67316: 0.82731
67317: 0.827312
67318: 0.827315
67319: 0.827317
67320: 0.82732
67321: 0.827322
67322: 0.827325
67323: 0.827328
67324: 0.82733
67325: 0.827318
67326: 0.82732
67327: 0.827308
67328: 0.827296
67329: 0.827284
67330: 0.827286
67331: 0.827289
67332: 0.827276
67333: 0.827279
67334: 0.827282
67335: 0.827284
67336: 0.827287
67337: 0.827289
67338: 0.827292
67339: 0.827294
67340: 0.827297
67341: 0.827299
67342: 0.827302
67343: 0.827305
67344: 0.827307
67345: 0.82731
67346: 0.827312
67347: 0.827315
67348: 0.827317
67349: 0.82732
67350: 0.827323
67351: 0.827325
67352: 0.827328
67353: 0.82733
67354: 0.827333
67355: 0.827321
67356: 0.827323
67357: 0.827326
67358: 0.827328
67359: 0.827331
67360: 0.827333
67361: 0.827336
67362: 0.827324
67363: 0.827311
67364: 0.827299
67365: 0.827302
67366: 0.827289
67367: 0.827277
67368: 0.82728
67369: 0.827282
67370: 0.827285
67371: 0.827287
67372: 0.82729
67373: 0.827292
67374: 0.827295
67375: 0.827298
67376: 0.8273
67377: 0.827303
67378: 0.827305
67379: 0.827308
67380: 0.827296
67381: 0.827298
67382: 0.827301
67383: 0.827303
67384: 0.827306
67385: 0.827294
67386: 0.827296
67387: 0.827299
67388: 0.827286
67389: 0.827274
67390: 0.827277
67391: 0.827279
67392: 0.827282
67393: 0.827284
67394: 0.827287
67395: 0.827275
67396: 0.827262
67397: 0.827265
67398: 0.827267
67399: 0.82727
67400: 0.827273
67401: 0.827275
67402: 0.827278
67403: 0.82728
67404: 0.827283
67405: 0.827285
67406: 0.827288
67407: 0.827291
67408: 0.827293
67409: 0.827296
67410: 0.827298
67411: 0.827286
67412: 0.827289
67413: 0.827291
67414: 0.827294
67415: 0.827296
67416: 0.827299
67417: 0.827301
67418: 0.827289
67419: 0.827292
67420: 0.827294
67421: 0.827297
67422: 0.827299
67423: 0.827302
67424: 0.827304
67425: 0.827307
67426: 0.82731
67427: 0.827297
67428: 0.8273
67429: 0.827288
67430: 0.827275
67431: 0.827278
67432: 0.82728
67433: 0.827283
67434: 0.827286
67435: 0.827273
67436: 0.827276
67437: 0.827278
67438: 0.827281
67439: 0.827284
67440: 0.827286
67441: 0.827289
67442: 0.827291
67443: 0.827294
67444: 0.827296
67445: 0.827299
67446: 0.827301
67447: 0.827304
67448: 0.827307
67449: 0.827309
67450: 0.827312
67451: 0.827314
67452: 0.827317
67453: 0.827319
67454: 0.827322
67455: 0.827324
67456: 0.827327
67457: 0.82733
67458: 0.827332
67459: 0.82732
67460: 0.827308
67461: 0.827295
67462: 0.827298
67463: 0.8273
67464: 0.827303
67465: 0.827306
67466: 0.827308
67467: 0.827311
67468: 0.827313
67469: 0.827301
67470: 0.827304
67471: 0.827306
67472: 0.827309
67473: 0.827311
67474: 0.827314
67475: 0.827316
67476: 0.827304
67477: 0.827307
67478: 0.827309
67479: 0.827312
67480: 0.827314
67481: 0.827317
67482: 0.827319
67483: 0.827322
67484: 0.82731
67485: 0.827312
67486: 0.827315
67487: 0.827317
67488: 0.82732
67489: 0.827323
67490: 0.827325
67491: 0.827328
67492: 0.82733
67493: 0.827333
67494: 0.827335
67495: 0.827338
67496: 0.827326
67497: 0.827313
67498: 0.827316
67499: 0.827304
67500: 0.827306
67501: 0.827309
67502: 0.827311
67503: 0.827314
67504: 0.827316
67505: 0.827319
67506: 0.827322
67507: 0.827309
67508: 0.827297
67509: 0.8273
67510: 0.827302
67511: 0.827305
67512: 0.827307
67513: 0.82731
67514: 0.827312
67515: 0.827315
67516: 0.827318
67517: 0.82732
67518: 0.827323
67519: 0.827325
67520: 0.827328
67521: 0.827316
67522: 0.827303
67523: 0.827306
67524: 0.827308
67525: 0.827311
67526: 0.827314
67527: 0.827316
67528: 0.827319
67529: 0.827321
67530: 0.827324
67531: 0.827326
67532: 0.827329
67533: 0.827331
67534: 0.827334
67535: 0.827337
67536: 0.827339
67537: 0.827342
67538: 0.827344
67539: 0.827347
67540: 0.827335
67541: 0.827337
67542: 0.82734
67543: 0.827342
67544: 0.827345
67545: 0.827332
67546: 0.82732
67547: 0.827323
67548: 0.827325
67549: 0.827328
67550: 0.82733
67551: 0.827333
67552: 0.827336
67553: 0.827338
67554: 0.827341
67555: 0.827343
67556: 0.827346
67557: 0.827348
67558: 0.827351
67559: 0.827353
67560: 0.827356
67561: 0.827359
67562: 0.827361
67563: 0.827364
67564: 0.827366
67565: 0.827369
67566: 0.827357
67567: 0.827359
67568: 0.827362
67569: 0.827364
67570: 0.827367
67571: 0.827369
67572: 0.827372
67573: 0.827374
67574: 0.827377
67575: 0.82738
67576: 0.827382
67577: 0.827385
67578: 0.827387
67579: 0.82739
67580: 0.827392
67581: 0.827395
67582: 0.827397
67583: 0.8274
67584: 0.827403
67585: 0.827405
67586: 0.827408
67587: 0.82741
67588: 0.827413
67589: 0.827415
67590: 0.827418
67591: 0.827406
67592: 0.827408
67593: 0.827411
67594: 0.827413
67595: 0.827416
67596: 0.827418
67597: 0.827421
67598: 0.827409
67599: 0.827396
67600: 0.827384
67601: 0.827372
67602: 0.82736
67603: 0.827347
67604: 0.82735
67605: 0.827353
67606: 0.827355
67607: 0.827358
67608: 0.82736
67609: 0.827363
67610: 0.827351
67611: 0.827353
67612: 0.827356
67613: 0.827358
67614: 0.827361
67615: 0.827363
67616: 0.827366
67617: 0.827368
67618: 0.827371
67619: 0.827374
67620: 0.827376
67621: 0.827379
67622: 0.827381
67623: 0.827384
67624: 0.827386
67625: 0.827389
67626: 0.827377
67627: 0.827364
67628: 0.827367
67629: 0.82737
67630: 0.827372
67631: 0.827375
67632: 0.827377
67633: 0.82738
67634: 0.827367
67635: 0.82737
67636: 0.827373
67637: 0.827375
67638: 0.827378
67639: 0.827365
67640: 0.827353
67641: 0.827341
67642: 0.827344
67643: 0.827346
67644: 0.827349
67645: 0.827351
67646: 0.827354
67647: 0.827356
67648: 0.827344
67649: 0.827347
67650: 0.827334
67651: 0.827337
67652: 0.82734
67653: 0.827342
67654: 0.827345
67655: 0.827347
67656: 0.82735
67657: 0.827352
67658: 0.827355
67659: 0.827357
67660: 0.82736
67661: 0.827362
67662: 0.827365
67663: 0.827368
67664: 0.82737
67665: 0.827373
67666: 0.827375
67667: 0.827378
67668: 0.82738
67669: 0.827383
67670: 0.827385
67671: 0.827388
67672: 0.827391
67673: 0.827393
67674: 0.827396
67675: 0.827398
67676: 0.827401
67677: 0.827403
67678: 0.827406
67679: 0.827394
67680: 0.827381
67681: 0.827369
67682: 0.827357
67683: 0.827345
67684: 0.827347
67685: 0.82735
67686: 0.827352
67687: 0.827355
67688: 0.827357
67689: 0.82736
67690: 0.827363
67691: 0.82735
67692: 0.827353
67693: 0.827355
67694: 0.827358
67695: 0.827346
67696: 0.827334
67697: 0.827336
67698: 0.827339
67699: 0.827341
67700: 0.827344
67701: 0.827346
67702: 0.827349
67703: 0.827351
67704: 0.827354
67705: 0.827357
67706: 0.827359
67707: 0.827347
67708: 0.827349
67709: 0.827352
67710: 0.827354
67711: 0.827342
67712: 0.827345
67713: 0.827347
67714: 0.82735
67715: 0.827352
67716: 0.827355
67717: 0.827358
67718: 0.82736
67719: 0.827363
67720: 0.827365
67721: 0.827368
67722: 0.82737
67723: 0.827373
67724: 0.827361
67725: 0.827348
67726: 0.827336
67727: 0.827324
67728: 0.827312
67729: 0.827314
67730: 0.827317
67731: 0.827305
67732: 0.827307
67733: 0.82731
67734: 0.827312
67735: 0.827315
67736: 0.827317
67737: 0.82732
67738: 0.827323
67739: 0.827325
67740: 0.827328
67741: 0.82733
67742: 0.827333
67743: 0.827335
67744: 0.827338
67745: 0.827326
67746: 0.827313
67747: 0.827316
67748: 0.827318
67749: 0.827321
67750: 0.827324
67751: 0.827311
67752: 0.827299
67753: 0.827287
67754: 0.827289
67755: 0.827292
67756: 0.827295
67757: 0.827297
67758: 0.827285
67759: 0.827287
67760: 0.82729
67761: 0.827293
67762: 0.827295
67763: 0.827298
67764: 0.8273
67765: 0.827303
67766: 0.827305
67767: 0.827308
67768: 0.82731
67769: 0.827313
67770: 0.827316
67771: 0.827318
67772: 0.827321
67773: 0.827323
67774: 0.827326
67775: 0.827314
67776: 0.827316
67777: 0.827319
67778: 0.827321
67779: 0.827324
67780: 0.827326
67781: 0.827329
67782: 0.827331
67783: 0.827334
67784: 0.827336
67785: 0.827339
67786: 0.827342
67787: 0.827344
67788: 0.827347
67789: 0.827349
67790: 0.827352
67791: 0.827354
67792: 0.827357
67793: 0.827359
67794: 0.827362
67795: 0.827364
67796: 0.827367
67797: 0.82737
67798: 0.827372
67799: 0.827375
67800: 0.827377
67801: 0.82738
67802: 0.827368
67803: 0.82737
67804: 0.827373
67805: 0.827375
67806: 0.827378
67807: 0.82738
67808: 0.827383
67809: 0.827371
67810: 0.827358
67811: 0.827361
67812: 0.827363
67813: 0.827366
67814: 0.827369
67815: 0.827371
67816: 0.827359
67817: 0.827347
67818: 0.827349
67819: 0.827352
67820: 0.827354
67821: 0.827357
67822: 0.827359
67823: 0.827362
67824: 0.827365
67825: 0.827367
67826: 0.82737
67827: 0.827372
67828: 0.827375
67829: 0.827377
67830: 0.82738
67831: 0.827382
67832: 0.827385
67833: 0.827387
67834: 0.827375
67835: 0.827363
67836: 0.827351
67837: 0.827339
67838: 0.827326
67839: 0.827314
67840: 0.827317
67841: 0.827319
67842: 0.827322
67843: 0.827324
67844: 0.827327
67845: 0.82733
67846: 0.827332
67847: 0.827335
67848: 0.827337
67849: 0.82734
67850: 0.827342
67851: 0.827345
67852: 0.827347
67853: 0.82735
67854: 0.827352
67855: 0.827355
67856: 0.827358
67857: 0.82736
67858: 0.827363
67859: 0.827365
67860: 0.827368
67861: 0.82737
67862: 0.827373
67863: 0.827375
67864: 0.827378
67865: 0.827366
67866: 0.827368
67867: 0.827371
67868: 0.827373
67869: 0.827376
67870: 0.827378
67871: 0.827381
67872: 0.827383
67873: 0.827386
67874: 0.827389
67875: 0.827391
67876: 0.827394
67877: 0.827396
67878: 0.827399
67879: 0.827387
67880: 0.827374
67881: 0.827362
67882: 0.82735
67883: 0.827353
67884: 0.827355
67885: 0.827358
67886: 0.82736
67887: 0.827348
67888: 0.827336
67889: 0.827338
67890: 0.827341
67891: 0.827343
67892: 0.827346
67893: 0.827349
67894: 0.827351
67895: 0.827339
67896: 0.827341
67897: 0.827344
67898: 0.827346
67899: 0.827349
67900: 0.827337
67901: 0.827339
67902: 0.827342
67903: 0.82733
67904: 0.827332
67905: 0.827335
67906: 0.827337
67907: 0.82734
67908: 0.827342
67909: 0.82733
67910: 0.827318
67911: 0.827321
67912: 0.827323
67913: 0.827326
67914: 0.827328
67915: 0.827331
67916: 0.827333
67917: 0.827336
67918: 0.827338
67919: 0.827341
67920: 0.827344
67921: 0.827346
67922: 0.827349
67923: 0.827351
67924: 0.827354
67925: 0.827356
67926: 0.827359
67927: 0.827361
67928: 0.827349
67929: 0.827352
67930: 0.827354
67931: 0.827357
67932: 0.827359
67933: 0.827347
67934: 0.82735
67935: 0.827352
67936: 0.827355
67937: 0.827357
67938: 0.82736
67939: 0.827348
67940: 0.82735
67941: 0.827353
67942: 0.827355
67943: 0.827358
67944: 0.827346
67945: 0.827348
67946: 0.827351
67947: 0.827353
67948: 0.827356
67949: 0.827358
67950: 0.827346
67951: 0.827349
67952: 0.827351
67953: 0.827339
67954: 0.827327
67955: 0.827315
67956: 0.827317
67957: 0.82732
67958: 0.827322
67959: 0.827325
67960: 0.827327
67961: 0.82733
67962: 0.827333
67963: 0.827335
67964: 0.827338
67965: 0.82734
67966: 0.827328
67967: 0.827331
67968: 0.827333
67969: 0.827336
67970: 0.827338
67971: 0.827341
67972: 0.827328
67973: 0.827316
67974: 0.827304
67975: 0.827292
67976: 0.827295
67977: 0.827297
67978: 0.8273
67979: 0.827302
67980: 0.827305
67981: 0.827307
67982: 0.82731
67983: 0.827312
67984: 0.827315
67985: 0.827317
67986: 0.82732
67987: 0.827322
67988: 0.827325
67989: 0.827313
67990: 0.827301
67991: 0.827303
67992: 0.827306
67993: 0.827308
67994: 0.827311
67995: 0.827313
67996: 0.827316
67997: 0.827318
67998: 0.827321
67999: 0.827324
68000: 0.827326
68001: 0.827329
68002: 0.827331
68003: 0.827334
68004: 0.827336
68005: 0.827339
68006: 0.827341
68007: 0.827344
68008: 0.827346
68009: 0.827349
68010: 0.827351
68011: 0.827354
68012: 0.827357
68013: 0.827359
68014: 0.827362
68015: 0.827364
68016: 0.827367
68017: 0.827355
68018: 0.827342
68019: 0.827345
68020: 0.827347
68021: 0.82735
68022: 0.827353
68023: 0.827355
68024: 0.827358
68025: 0.82736
68026: 0.827363
68027: 0.827365
68028: 0.827368
68029: 0.82737
68030: 0.827373
68031: 0.827375
68032: 0.827378
68033: 0.82738
68034: 0.827383
68035: 0.827386
68036: 0.827388
68037: 0.827391
68038: 0.827393
68039: 0.827396
68040: 0.827398
68041: 0.827401
68042: 0.827403
68043: 0.827406
68044: 0.827408
68045: 0.827411
68046: 0.827413
68047: 0.827416
68048: 0.827418
68049: 0.827421
68050: 0.827424
68051: 0.827426
68052: 0.827429
68053: 0.827431
68054: 0.827434
68055: 0.827422
68056: 0.827409
68057: 0.827412
68058: 0.827414
68059: 0.827417
68060: 0.82742
68061: 0.827407
68062: 0.82741
68063: 0.827398
68064: 0.827386
68065: 0.827388
68066: 0.827391
68067: 0.827393
68068: 0.827396
68069: 0.827398
68070: 0.827401
68071: 0.827403
68072: 0.827406
68073: 0.827408
68074: 0.827411
68075: 0.827413
68076: 0.827401
68077: 0.827404
68078: 0.827406
68079: 0.827409
68080: 0.827411
68081: 0.827414
68082: 0.827417
68083: 0.827419
68084: 0.827422
68085: 0.827409
68086: 0.827397
68087: 0.8274
68088: 0.827388
68089: 0.82739
68090: 0.827378
68091: 0.827381
68092: 0.827383
68093: 0.827386
68094: 0.827388
68095: 0.827391
68096: 0.827379
68097: 0.827381
68098: 0.827384
68099: 0.827386
68100: 0.827389
68101: 0.827391
68102: 0.827379
68103: 0.827382
68104: 0.827384
68105: 0.827387
68106: 0.827389
68107: 0.827392
68108: 0.827394
68109: 0.827397
68110: 0.827399
68111: 0.827402
68112: 0.827404
68113: 0.827392
68114: 0.82738
68115: 0.827383
68116: 0.827385
68117: 0.827388
68118: 0.827376
68119: 0.827363
68120: 0.827351
68121: 0.827339
68122: 0.827342
68123: 0.827344
68124: 0.827347
68125: 0.827335
68126: 0.827323
68127: 0.82731
68128: 0.827313
68129: 0.827315
68130: 0.827318
68131: 0.82732
68132: 0.827323
68133: 0.827326
68134: 0.827328
68135: 0.827331
68136: 0.827333
68137: 0.827321
68138: 0.827324
68139: 0.827326
68140: 0.827329
68141: 0.827331
68142: 0.827334
68143: 0.827336
68144: 0.827339
68145: 0.827341
68146: 0.827344
68147: 0.827346
68148: 0.827349
68149: 0.827351
68150: 0.827354
68151: 0.827356
68152: 0.827359
68153: 0.827362
68154: 0.827364
68155: 0.827367
68156: 0.827369
68157: 0.827372
68158: 0.82736
68159: 0.827347
68160: 0.827335
68161: 0.827338
68162: 0.82734
68163: 0.827343
68164: 0.827345
68165: 0.827348
68166: 0.82735
68167: 0.827353
68168: 0.827341
68169: 0.827329
68170: 0.827331
68171: 0.827334
68172: 0.827336
68173: 0.827339
68174: 0.827341
68175: 0.827344
68176: 0.827346
68177: 0.827349
68178: 0.827352
68179: 0.827339
68180: 0.827327
68181: 0.827315
68182: 0.827318
68183: 0.82732
68184: 0.827308
68185: 0.827296
68186: 0.827298
68187: 0.827301
68188: 0.827304
68189: 0.827306
68190: 0.827294
68191: 0.827296
68192: 0.827299
68193: 0.827302
68194: 0.827304
68195: 0.827307
68196: 0.827309
68197: 0.827312
68198: 0.827314
68199: 0.827317
68200: 0.827319
68201: 0.827322
68202: 0.827324
68203: 0.827327
68204: 0.827315
68205: 0.827303
68206: 0.82729
68207: 0.827293
68208: 0.827281
68209: 0.827283
68210: 0.827286
68211: 0.827288
68212: 0.827291
68213: 0.827294
68214: 0.827296
68215: 0.827299
68216: 0.827301
68217: 0.827304
68218: 0.827306
68219: 0.827309
68220: 0.827311
68221: 0.827314
68222: 0.827316
68223: 0.827319
68224: 0.827321
68225: 0.827324
68226: 0.827326
68227: 0.827329
68228: 0.827331
68229: 0.827334
68230: 0.827337
68231: 0.827339
68232: 0.827342
68233: 0.827344
68234: 0.827347
68235: 0.827349
68236: 0.827337
68237: 0.82734
68238: 0.827342
68239: 0.827345
68240: 0.827347
68241: 0.82735
68242: 0.827338
68243: 0.82734
68244: 0.827343
68245: 0.827345
68246: 0.827348
68247: 0.82735
68248: 0.827338
68249: 0.827341
68250: 0.827343
68251: 0.827346
68252: 0.827348
68253: 0.827336
68254: 0.827324
68255: 0.827312
68256: 0.8273
68257: 0.827302
68258: 0.827305
68259: 0.827307
68260: 0.82731
68261: 0.827312
68262: 0.8273
68263: 0.827303
68264: 0.827305
68265: 0.827308
68266: 0.82731
68267: 0.827313
68268: 0.827315
68269: 0.827318
68270: 0.827321
68271: 0.827323
68272: 0.827326
68273: 0.827328
68274: 0.827331
68275: 0.827333
68276: 0.827336
68277: 0.827338
68278: 0.827326
68279: 0.827314
68280: 0.827302
68281: 0.827304
68282: 0.827307
68283: 0.827309
68284: 0.827297
68285: 0.827285
68286: 0.827273
68287: 0.827261
68288: 0.827249
68289: 0.827251
68290: 0.827254
68291: 0.827256
68292: 0.827259
68293: 0.827262
68294: 0.827264
68295: 0.827267
68296: 0.827269
68297: 0.827272
68298: 0.827274
68299: 0.827277
68300: 0.827279
68301: 0.827282
68302: 0.827284
68303: 0.827287
68304: 0.827289
68305: 0.827277
68306: 0.82728
68307: 0.827282
68308: 0.827285
68309: 0.827287
68310: 0.82729
68311: 0.827292
68312: 0.827295
68313: 0.827297
68314: 0.8273
68315: 0.827303
68316: 0.827305
68317: 0.827308
68318: 0.82731
68319: 0.827313
68320: 0.827315
68321: 0.827303
68322: 0.827291
68323: 0.827279
68324: 0.827267
68325: 0.827269
68326: 0.827272
68327: 0.82726
68328: 0.827262
68329: 0.827265
68330: 0.827253
68331: 0.827255
68332: 0.827258
68333: 0.82726
68334: 0.827248
68335: 0.827251
68336: 0.827253
68337: 0.827256
68338: 0.827258
68339: 0.827261
68340: 0.827263
68341: 0.827266
68342: 0.827268
68343: 0.827271
68344: 0.827273
68345: 0.827276
68346: 0.827278
68347: 0.827281
68348: 0.827284
68349: 0.827271
68350: 0.827259
68351: 0.827262
68352: 0.827264
68353: 0.827267
68354: 0.827269
68355: 0.827272
68356: 0.827274
68357: 0.827277
68358: 0.82728
68359: 0.827282
68360: 0.827285
68361: 0.827287
68362: 0.82729
68363: 0.827292
68364: 0.827295
68365: 0.827297
68366: 0.827285
68367: 0.827288
68368: 0.82729
68369: 0.827293
68370: 0.827295
68371: 0.827298
68372: 0.8273
68373: 0.827303
68374: 0.827305
68375: 0.827308
68376: 0.82731
68377: 0.827313
68378: 0.827315
68379: 0.827318
68380: 0.82732
68381: 0.827323
68382: 0.827326
68383: 0.827328
68384: 0.827331
68385: 0.827333
68386: 0.827336
68387: 0.827338
68388: 0.827341
68389: 0.827343
68390: 0.827346
68391: 0.827348
68392: 0.827351
68393: 0.827353
68394: 0.827356
68395: 0.827344
68396: 0.827332
68397: 0.827334
68398: 0.827337
68399: 0.827339
68400: 0.827342
68401: 0.827344
68402: 0.827347
68403: 0.827335
68404: 0.827337
68405: 0.82734
68406: 0.827342
68407: 0.827345
68408: 0.827347
68409: 0.82735
68410: 0.827352
68411: 0.827355
68412: 0.827357
68413: 0.82736
68414: 0.827362
68415: 0.827365
68416: 0.827367
68417: 0.82737
68418: 0.827358
68419: 0.827346
68420: 0.827348
68421: 0.827351
68422: 0.827353
68423: 0.827341
68424: 0.827344
68425: 0.827346
68426: 0.827349
68427: 0.827351
68428: 0.827354
68429: 0.827356
68430: 0.827359
68431: 0.827361
68432: 0.827364
68433: 0.827367
68434: 0.827354
68435: 0.827357
68436: 0.827359
68437: 0.827362
68438: 0.827365
68439: 0.827367
68440: 0.82737
68441: 0.827372
68442: 0.827375
68443: 0.827363
68444: 0.82735
68445: 0.827353
68446: 0.827355
68447: 0.827358
68448: 0.827361
68449: 0.827363
68450: 0.827366
68451: 0.827368
68452: 0.827371
68453: 0.827373
68454: 0.827361
68455: 0.827364
68456: 0.827351
68457: 0.827354
68458: 0.827357
68459: 0.827359
68460: 0.827362
68461: 0.827364
68462: 0.827367
68463: 0.827369
68464: 0.827372
68465: 0.827374
68466: 0.827377
68467: 0.827365
68468: 0.827353
68469: 0.827355
68470: 0.827343
68471: 0.827331
68472: 0.827333
68473: 0.827336
68474: 0.827338
68475: 0.827326
68476: 0.827329
68477: 0.827317
68478: 0.827305
68479: 0.827293
68480: 0.827281
68481: 0.827268
68482: 0.827271
68483: 0.827274
68484: 0.827276
68485: 0.827279
68486: 0.827281
68487: 0.827284
68488: 0.827286
68489: 0.827289
68490: 0.827291
68491: 0.827294
68492: 0.827296
68493: 0.827299
68494: 0.827301
68495: 0.827304
68496: 0.827306
68497: 0.827309
68498: 0.827311
68499: 0.827314
68500: 0.827316
68501: 0.827304
68502: 0.827307
68503: 0.827309
68504: 0.827312
68505: 0.827314
68506: 0.827317
68507: 0.827319
68508: 0.827322
68509: 0.827324
68510: 0.827327
68511: 0.82733
68512: 0.827317
68513: 0.82732
68514: 0.827322
68515: 0.827325
68516: 0.827328
68517: 0.827315
68518: 0.827303
68519: 0.827291
68520: 0.827279
68521: 0.827282
68522: 0.827284
68523: 0.827287
68524: 0.827289
68525: 0.827292
68526: 0.827294
68527: 0.827282
68528: 0.827285
68529: 0.827287
68530: 0.82729
68531: 0.827278
68532: 0.827266
68533: 0.827254
68534: 0.827256
68535: 0.827259
68536: 0.827261
68537: 0.827264
68538: 0.827266
68539: 0.827269
68540: 0.827271
68541: 0.827274
68542: 0.827276
68543: 0.827279
68544: 0.827267
68545: 0.827269
68546: 0.827272
68547: 0.827274
68548: 0.827277
68549: 0.827279
68550: 0.827282
68551: 0.827284
68552: 0.827287
68553: 0.827275
68554: 0.827263
68555: 0.827251
68556: 0.827253
68557: 0.827256
68558: 0.827258
68559: 0.827261
68560: 0.827263
68561: 0.827266
68562: 0.827268
68563: 0.827256
68564: 0.827259
68565: 0.827261
68566: 0.827264
68567: 0.827252
68568: 0.827254
68569: 0.827257
68570: 0.827259
68571: 0.827262
68572: 0.827264
68573: 0.827267
68574: 0.827269
68575: 0.827272
68576: 0.827274
68577: 0.827277
68578: 0.827279
68579: 0.827267
68580: 0.82727
68581: 0.827272
68582: 0.82726
68583: 0.827248
68584: 0.827236
68585: 0.827239
68586: 0.827241
68587: 0.827244
68588: 0.827246
68589: 0.827249
68590: 0.827251
68591: 0.827254
68592: 0.827256
68593: 0.827259
68594: 0.827261
68595: 0.827264
68596: 0.827266
68597: 0.827269
68598: 0.827272
68599: 0.827274
68600: 0.827262
68601: 0.827265
68602: 0.827267
68603: 0.82727
68604: 0.827272
68605: 0.827275
68606: 0.827277
68607: 0.82728
68608: 0.827282
68609: 0.82727
68610: 0.827258
68611: 0.827246
68612: 0.827234
68613: 0.827236
68614: 0.827239
68615: 0.827241
68616: 0.827244
68617: 0.827246
68618: 0.827234
68619: 0.827237
68620: 0.827239
68621: 0.827242
68622: 0.827245
68623: 0.827247
68624: 0.82725
68625: 0.827252
68626: 0.827255
68627: 0.827257
68628: 0.82726
68629: 0.827262
68630: 0.827265
68631: 0.827267
68632: 0.82727
68633: 0.827272
68634: 0.827275
68635: 0.827263
68636: 0.827265
68637: 0.827268
68638: 0.827256
68639: 0.827258
68640: 0.827261
68641: 0.827263
68642: 0.827266
68643: 0.827268
68644: 0.827271
68645: 0.827273
68646: 0.827276
68647: 0.827264
68648: 0.827252
68649: 0.827254
68650: 0.827257
68651: 0.827259
68652: 0.827262
68653: 0.827264
68654: 0.827267
68655: 0.827269
68656: 0.827272
68657: 0.82726
68658: 0.827248
68659: 0.82725
68660: 0.827253
68661: 0.827255
68662: 0.827258
68663: 0.82726
68664: 0.827263
68665: 0.827265
68666: 0.827268
68667: 0.82727
68668: 0.827273
68669: 0.827275
68670: 0.827278
68671: 0.82728
68672: 0.827283
68673: 0.827285
68674: 0.827288
68675: 0.827276
68676: 0.827278
68677: 0.827281
68678: 0.827283
68679: 0.827286
68680: 0.827288
68681: 0.827291
68682: 0.827279
68683: 0.827281
68684: 0.827284
68685: 0.827286
68686: 0.827274
68687: 0.827262
68688: 0.82725
68689: 0.827238
68690: 0.827241
68691: 0.827229
68692: 0.827217
68693: 0.827205
68694: 0.827193
68695: 0.827195
68696: 0.827183
68697: 0.827186
68698: 0.827188
68699: 0.827191
68700: 0.827193
68701: 0.827196
68702: 0.827198
68703: 0.827201
68704: 0.827203
68705: 0.827206
68706: 0.827208
68707: 0.827211
68708: 0.827213
68709: 0.827216
68710: 0.827218
68711: 0.827221
68712: 0.827223
68713: 0.827226
68714: 0.827228
68715: 0.827231
68716: 0.827233
68717: 0.827236
68718: 0.827238
68719: 0.827241
68720: 0.827243
68721: 0.827231
68722: 0.827234
68723: 0.827236
68724: 0.827239
68725: 0.827242
68726: 0.827244
68727: 0.827247
68728: 0.827249
68729: 0.827252
68730: 0.827254
68731: 0.827257
68732: 0.827259
68733: 0.827262
68734: 0.827264
68735: 0.827267
68736: 0.827255
68737: 0.827257
68738: 0.82726
68739: 0.827262
68740: 0.827265
68741: 0.827253
68742: 0.827241
68743: 0.827229
68744: 0.827217
68745: 0.827219
68746: 0.827222
68747: 0.827224
68748: 0.827227
68749: 0.827229
68750: 0.827232
68751: 0.827234
68752: 0.827237
68753: 0.827239
68754: 0.827242
68755: 0.827244
68756: 0.827247
68757: 0.827249
68758: 0.827252
68759: 0.827254
68760: 0.827257
68761: 0.827259
68762: 0.827262
68763: 0.827264
68764: 0.827252
68765: 0.827255
68766: 0.827257
68767: 0.82726
68768: 0.827262
68769: 0.827265
68770: 0.827267
68771: 0.82727
68772: 0.827272
68773: 0.827275
68774: 0.827263
68775: 0.827251
68776: 0.827239
68777: 0.827227
68778: 0.827215
68779: 0.827217
68780: 0.82722
68781: 0.827222
68782: 0.827225
68783: 0.827227
68784: 0.82723
68785: 0.827232
68786: 0.82722
68787: 0.827223
68788: 0.827225
68789: 0.827228
68790: 0.82723
68791: 0.827233
68792: 0.827235
68793: 0.827238
68794: 0.82724
68795: 0.827243
68796: 0.827245
68797: 0.827248
68798: 0.82725
68799: 0.827253
68800: 0.827255
68801: 0.827258
68802: 0.827246
68803: 0.827248
68804: 0.827251
68805: 0.827253
68806: 0.827256
68807: 0.827258
68808: 0.827261
68809: 0.827263
68810: 0.827266
68811: 0.827268
68812: 0.827271
68813: 0.827274
68814: 0.827276
68815: 0.827279
68816: 0.827281
68817: 0.827284
68818: 0.827286
68819: 0.827289
68820: 0.827291
68821: 0.827294
68822: 0.827296
68823: 0.827299
68824: 0.827301
68825: 0.827304
68826: 0.827306
68827: 0.827309
68828: 0.827311
68829: 0.827314
68830: 0.827302
68831: 0.82729
68832: 0.827292
68833: 0.827295
68834: 0.827297
68835: 0.8273
68836: 0.827288
68837: 0.82729
68838: 0.827293
68839: 0.827295
68840: 0.827298
68841: 0.8273
68842: 0.827303
68843: 0.827305
68844: 0.827308
68845: 0.827296
68846: 0.827284
68847: 0.827286
68848: 0.827289
68849: 0.827291
68850: 0.827294
68851: 0.827296
68852: 0.827284
68853: 0.827272
68854: 0.827275
68855: 0.827277
68856: 0.82728
68857: 0.827282
68858: 0.827285
68859: 0.827287
68860: 0.82729
68861: 0.827292
68862: 0.827295
68863: 0.827297
68864: 0.8273
68865: 0.827302
68866: 0.827305
68867: 0.827307
68868: 0.82731
68869: 0.827312
68870: 0.827315
68871: 0.827317
68872: 0.82732
68873: 0.827322
68874: 0.827325
68875: 0.827327
68876: 0.827315
68877: 0.827318
68878: 0.82732
68879: 0.827323
68880: 0.827325
68881: 0.827328
68882: 0.82733
68883: 0.827333
68884: 0.827335
68885: 0.827338
68886: 0.82734
68887: 0.827343
68888: 0.827345
68889: 0.827348
68890: 0.82735
68891: 0.827338
68892: 0.827326
68893: 0.827314
68894: 0.827317
68895: 0.827319
68896: 0.827322
68897: 0.82731
68898: 0.827298
68899: 0.827286
68900: 0.827288
68901: 0.827291
68902: 0.827293
68903: 0.827296
68904: 0.827284
68905: 0.827286
68906: 0.827289
68907: 0.827291
68908: 0.827279
68909: 0.827282
68910: 0.827284
68911: 0.827287
68912: 0.827289
68913: 0.827292
68914: 0.827294
68915: 0.827297
68916: 0.8273
68917: 0.827302
68918: 0.827305
68919: 0.827307
68920: 0.82731
68921: 0.827312
68922: 0.827315
68923: 0.827317
68924: 0.82732
68925: 0.827322
68926: 0.827325
68927: 0.827327
68928: 0.827315
68929: 0.827318
68930: 0.82732
68931: 0.827323
68932: 0.827325
68933: 0.827313
68934: 0.827301
68935: 0.827289
68936: 0.827277
68937: 0.82728
68938: 0.827282
68939: 0.827285
68940: 0.827287
68941: 0.82729
68942: 0.827292
68943: 0.827295
68944: 0.827297
68945: 0.827285
68946: 0.827273
68947: 0.827276
68948: 0.827278
68949: 0.827281
68950: 0.827283
68951: 0.827286
68952: 0.827288
68953: 0.827291
68954: 0.827293
68955: 0.827296
68956: 0.827284
68957: 0.827286
68958: 0.827274
68959: 0.827277
68960: 0.827279
68961: 0.827282
68962: 0.827284
68963: 0.827287
68964: 0.827289
68965: 0.827292
68966: 0.827294
68967: 0.827297
68968: 0.827299
68969: 0.827302
68970: 0.827304
68971: 0.827307
68972: 0.827309
68973: 0.827312
68974: 0.827314
68975: 0.827317
68976: 0.827305
68977: 0.827293
68978: 0.827281
68979: 0.827283
68980: 0.827286
68981: 0.827288
68982: 0.827291
68983: 0.827279
68984: 0.827267
68985: 0.827269
68986: 0.827272
68987: 0.82726
68988: 0.827248
68989: 0.82725
68990: 0.827238
68991: 0.827241
68992: 0.827243
68993: 0.827246
68994: 0.827248
68995: 0.827251
68996: 0.827239
68997: 0.827227
68998: 0.827215
68999: 0.827203
69000: 0.827191
69001: 0.827179
69002: 0.827181
69003: 0.827184
69004: 0.827186
69005: 0.827189
69006: 0.827191
69007: 0.827194
69008: 0.827182
69009: 0.82717
69010: 0.827158
69011: 0.82716
69012: 0.827163
69013: 0.827166
69014: 0.827168
69015: 0.827171
69016: 0.827173
69017: 0.827161
69018: 0.827149
69019: 0.827152
69020: 0.827154
69021: 0.827157
69022: 0.827159
69023: 0.827147
69024: 0.827135
69025: 0.827138
69026: 0.82714
69027: 0.827143
69028: 0.827145
69029: 0.827148
69030: 0.82715
69031: 0.827153
69032: 0.827155
69033: 0.827158
69034: 0.82716
69035: 0.827163
69036: 0.827165
69037: 0.827168
69038: 0.82717
69039: 0.827173
69040: 0.827175
69041: 0.827178
69042: 0.82718
69043: 0.827183
69044: 0.827185
69045: 0.827188
69046: 0.82719
69047: 0.827193
69048: 0.827181
69049: 0.827169
69050: 0.827171
69051: 0.827174
69052: 0.827176
69053: 0.827164
69054: 0.827167
69055: 0.827169
69056: 0.827172
69057: 0.82716
69058: 0.827162
69059: 0.827165
69060: 0.827167
69061: 0.82717
69062: 0.827172
69063: 0.827175
69064: 0.827177
69065: 0.82718
69066: 0.827182
69067: 0.827185
69068: 0.827187
69069: 0.82719
69070: 0.827192
69071: 0.827195
69072: 0.827197
69073: 0.8272
69074: 0.827202
69075: 0.827205
69076: 0.827207
69077: 0.82721
69078: 0.827212
69079: 0.827215
69080: 0.827217
69081: 0.82722
69082: 0.827222
69083: 0.827225
69084: 0.827227
69085: 0.82723
69086: 0.827232
69087: 0.827235
69088: 0.827237
69089: 0.82724
69090: 0.827242
69091: 0.827245
69092: 0.827233
69093: 0.827221
69094: 0.827223
69095: 0.827226
69096: 0.827228
69097: 0.827231
69098: 0.827219
69099: 0.827221
69100: 0.827224
69101: 0.827212
69102: 0.8272
69103: 0.827188
69104: 0.827191
69105: 0.827193
69106: 0.827196
69107: 0.827198
69108: 0.827201
69109: 0.827203
69110: 0.827206
69111: 0.827208
69112: 0.827211
69113: 0.827213
69114: 0.827216
69115: 0.827218
69116: 0.827221
69117: 0.827223
69118: 0.827211
69119: 0.827199
69120: 0.827202
69121: 0.827204
69122: 0.827207
69123: 0.827209
69124: 0.827212
69125: 0.827214
69126: 0.827217
69127: 0.827219
69128: 0.827222
69129: 0.827224
69130: 0.827227
69131: 0.827215
69132: 0.827217
69133: 0.82722
69134: 0.827222
69135: 0.827225
69136: 0.827227
69137: 0.82723
69138: 0.827232
69139: 0.827235
69140: 0.827237
69141: 0.82724
69142: 0.827242
69143: 0.827245
69144: 0.827247
69145: 0.82725
69146: 0.827238
69147: 0.82724
69148: 0.827228
69149: 0.827216
69150: 0.827204
69151: 0.827192
69152: 0.82718
69153: 0.827168
69154: 0.827156
69155: 0.827144
69156: 0.827132
69157: 0.827121
69158: 0.827123
69159: 0.827126
69160: 0.827128
69161: 0.827131
69162: 0.827119
69163: 0.827121
69164: 0.827124
69165: 0.827126
69166: 0.827129
69167: 0.827131
69168: 0.827134
69169: 0.827136
69170: 0.827139
69171: 0.827141
69172: 0.827144
69173: 0.827146
69174: 0.827149
69175: 0.827151
69176: 0.827139
69177: 0.827127
69178: 0.827115
69179: 0.827103
69180: 0.827106
69181: 0.827108
69182: 0.827111
69183: 0.827113
69184: 0.827116
69185: 0.827118
69186: 0.827121
69187: 0.827123
69188: 0.827126
69189: 0.827128
69190: 0.827131
69191: 0.827133
69192: 0.827136
69193: 0.827138
69194: 0.827126
69195: 0.827129
69196: 0.827131
69197: 0.827134
69198: 0.827136
69199: 0.827139
69200: 0.827141
69201: 0.827144
69202: 0.827146
69203: 0.827149
69204: 0.827151
69205: 0.827154
69206: 0.827156
69207: 0.827159
69208: 0.827161
69209: 0.827164
69210: 0.827166
69211: 0.827169
69212: 0.827171
69213: 0.827174
69214: 0.827176
69215: 0.827179
69216: 0.827181
69217: 0.827184
69218: 0.827186
69219: 0.827189
69220: 0.827191
69221: 0.827194
69222: 0.827182
69223: 0.827184
69224: 0.827187
69225: 0.827189
69226: 0.827192
69227: 0.827194
69228: 0.827197
69229: 0.827185
69230: 0.827173
69231: 0.827175
69232: 0.827178
69233: 0.82718
69234: 0.827183
69235: 0.827185
69236: 0.827188
69237: 0.82719
69238: 0.827193
69239: 0.827195
69240: 0.827198
69241: 0.8272
69242: 0.827203
69243: 0.827205
69244: 0.827208
69245: 0.82721
69246: 0.827213
69247: 0.827215
69248: 0.827218
69249: 0.82722
69250: 0.827223
69251: 0.827225
69252: 0.827228
69253: 0.82723
69254: 0.827233
69255: 0.827235
69256: 0.827223
69257: 0.827211
69258: 0.827199
69259: 0.827187
69260: 0.82719
69261: 0.827192
69262: 0.827195
69263: 0.827197
69264: 0.8272
69265: 0.827202
69266: 0.827205
69267: 0.827193
69268: 0.827195
69269: 0.827198
69270: 0.8272
69271: 0.827188
69272: 0.827191
69273: 0.827193
69274: 0.827182
69275: 0.827184
69276: 0.827187
69277: 0.827189
69278: 0.827192
69279: 0.827194
69280: 0.827196
69281: 0.827199
69282: 0.827187
69283: 0.82719
69284: 0.827192
69285: 0.827195
69286: 0.827197
69287: 0.8272
69288: 0.827202
69289: 0.827205
69290: 0.827207
69291: 0.827209
69292: 0.827212
69293: 0.827214
69294: 0.827217
69295: 0.827219
69296: 0.827208
69297: 0.827196
69298: 0.827198
69299: 0.827201
69300: 0.827203
69301: 0.827206
69302: 0.827208
69303: 0.827211
69304: 0.827213
69305: 0.827216
69306: 0.827218
69307: 0.827221
69308: 0.827223
69309: 0.827211
69310: 0.827199
69311: 0.827202
69312: 0.827204
69313: 0.827207
69314: 0.827209
69315: 0.827212
69316: 0.827214
69317: 0.827217
69318: 0.827219
69319: 0.827222
69320: 0.827224
69321: 0.827212
69322: 0.827215
69323: 0.827217
69324: 0.827205
69325: 0.827193
69326: 0.827196
69327: 0.827198
69328: 0.827201
69329: 0.827203
69330: 0.827206
69331: 0.827194
69332: 0.827182
69333: 0.82717
69334: 0.827158
69335: 0.827146
69336: 0.827134
69337: 0.827137
69338: 0.827139
69339: 0.827142
69340: 0.827144
69341: 0.827147
69342: 0.827149
69343: 0.827152
69344: 0.82714
69345: 0.827142
69346: 0.827145
69347: 0.827133
69348: 0.827135
69349: 0.827138
69350: 0.827126
69351: 0.827128
69352: 0.827131
69353: 0.827133
69354: 0.827136
69355: 0.827138
69356: 0.827141
69357: 0.827143
69358: 0.827146
69359: 0.827148
69360: 0.827151
69361: 0.827153
69362: 0.827156
69363: 0.827158
69364: 0.827161
69365: 0.827149
69366: 0.827151
69367: 0.827154
69368: 0.827156
69369: 0.827144
69370: 0.827147
69371: 0.827149
69372: 0.827152
69373: 0.82714
69374: 0.827142
69375: 0.827145
69376: 0.827147
69377: 0.82715
69378: 0.827152
69379: 0.827155
69380: 0.827157
69381: 0.82716
69382: 0.827162
69383: 0.827165
69384: 0.827167
69385: 0.82717
69386: 0.827172
69387: 0.827175
69388: 0.827177
69389: 0.82718
69390: 0.827182
69391: 0.82717
69392: 0.827158
69393: 0.827146
69394: 0.827135
69395: 0.827123
69396: 0.827111
69397: 0.827113
69398: 0.827116
69399: 0.827104
69400: 0.827092
69401: 0.82708
69402: 0.827068
69403: 0.82707
69404: 0.827073
69405: 0.827075
69406: 0.827078
69407: 0.82708
69408: 0.827083
69409: 0.827085
69410: 0.827088
69411: 0.82709
69412: 0.827093
69413: 0.827081
69414: 0.827069
69415: 0.827072
69416: 0.827074
69417: 0.827077
69418: 0.827079
69419: 0.827082
69420: 0.827084
69421: 0.827087
69422: 0.827089
69423: 0.827091
69424: 0.827094
69425: 0.827096
69426: 0.827099
69427: 0.827101
69428: 0.827104
69429: 0.827106
69430: 0.827095
69431: 0.827083
69432: 0.827085
69433: 0.827088
69434: 0.82709
69435: 0.827078
69436: 0.827081
69437: 0.827083
69438: 0.827086
69439: 0.827088
69440: 0.827091
69441: 0.827093
69442: 0.827096
69443: 0.827084
69444: 0.827086
69445: 0.827089
69446: 0.827091
69447: 0.827094
69448: 0.827096
69449: 0.827099
69450: 0.827101
69451: 0.827089
69452: 0.827092
69453: 0.827094
69454: 0.827097
69455: 0.827099
69456: 0.827102
69457: 0.827104
69458: 0.827107
69459: 0.827109
69460: 0.827112
69461: 0.827114
69462: 0.827117
69463: 0.827119
69464: 0.827122
69465: 0.827124
69466: 0.827127
69467: 0.827129
69468: 0.827132
69469: 0.827134
69470: 0.827137
69471: 0.827139
69472: 0.827141
69473: 0.827144
69474: 0.827146
69475: 0.827149
69476: 0.827151
69477: 0.827154
69478: 0.827156
69479: 0.827159
69480: 0.827161
69481: 0.827164
69482: 0.827166
69483: 0.827154
69484: 0.827157
69485: 0.827159
69486: 0.827162
69487: 0.827164
69488: 0.827167
69489: 0.827169
69490: 0.827172
69491: 0.827174
69492: 0.827162
69493: 0.827165
69494: 0.827153
69495: 0.827156
69496: 0.827158
69497: 0.82716
69498: 0.827163
69499: 0.827165
69500: 0.827168
69501: 0.82717
69502: 0.827173
69503: 0.827175
69504: 0.827178
69505: 0.82718
69506: 0.827168
69507: 0.827171
69508: 0.827173
69509: 0.827176
69510: 0.827178
69511: 0.827181
69512: 0.827183
69513: 0.827186
69514: 0.827188
69515: 0.827191
69516: 0.827193
69517: 0.827196
69518: 0.827184
69519: 0.827186
69520: 0.827189
69521: 0.827191
69522: 0.827194
69523: 0.827196
69524: 0.827199
69525: 0.827201
69526: 0.827204
69527: 0.827206
69528: 0.827209
69529: 0.827211
69530: 0.827214
69531: 0.827216
69532: 0.827219
69533: 0.827221
69534: 0.827224
69535: 0.827226
69536: 0.827229
69537: 0.827231
69538: 0.827234
69539: 0.827236
69540: 0.827239
69541: 0.827241
69542: 0.827229
69543: 0.827232
69544: 0.827234
69545: 0.827237
69546: 0.827239
69547: 0.827242
69548: 0.827244
69549: 0.827247
69550: 0.827249
69551: 0.827252
69552: 0.827254
69553: 0.827257
69554: 0.827259
69555: 0.827261
69556: 0.827264
69557: 0.827266
69558: 0.827269
69559: 0.827271
69560: 0.827274
69561: 0.827276
69562: 0.827279
69563: 0.827281
69564: 0.827284
69565: 0.827286
69566: 0.827274
69567: 0.827277
69568: 0.827279
69569: 0.827282
69570: 0.82727
69571: 0.827258
69572: 0.827261
69573: 0.827263
69574: 0.827266
69575: 0.827268
69576: 0.827271
69577: 0.827273
69578: 0.827275
69579: 0.827278
69580: 0.82728
69581: 0.827283
69582: 0.827285
69583: 0.827288
69584: 0.82729
69585: 0.827293
69586: 0.827295
69587: 0.827298
69588: 0.8273
69589: 0.827303
69590: 0.827305
69591: 0.827293
69592: 0.827296
69593: 0.827298
69594: 0.827301
69595: 0.827303
69596: 0.827306
69597: 0.827308
69598: 0.827311
69599: 0.827313
69600: 0.827316
69601: 0.827318
69602: 0.827321
69603: 0.827323
69604: 0.827326
69605: 0.827328
69606: 0.827331
69607: 0.827333
69608: 0.827336
69609: 0.827338
69610: 0.827326
69611: 0.827329
69612: 0.827331
69613: 0.827334
69614: 0.827336
69615: 0.827339
69616: 0.827327
69617: 0.827315
69618: 0.827303
69619: 0.827305
69620: 0.827308
69621: 0.82731
69622: 0.827298
69623: 0.827301
69624: 0.827303
69625: 0.827306
69626: 0.827308
69627: 0.827311
69628: 0.827313
69629: 0.827316
69630: 0.827318
69631: 0.827321
69632: 0.827323
69633: 0.827326
69634: 0.827328
69635: 0.827331
69636: 0.827333
69637: 0.827336
69638: 0.827338
69639: 0.827341
69640: 0.827343
69641: 0.827346
69642: 0.827348
69643: 0.827351
69644: 0.827353
69645: 0.827355
69646: 0.827358
69647: 0.82736
69648: 0.827363
69649: 0.827365
69650: 0.827368
69651: 0.82737
69652: 0.827373
69653: 0.827375
69654: 0.827363
69655: 0.827352
69656: 0.82734
69657: 0.827342
69658: 0.827345
69659: 0.827347
69660: 0.82735
69661: 0.827352
69662: 0.827355
69663: 0.827357
69664: 0.82736
69665: 0.827362
69666: 0.827364
69667: 0.827367
69668: 0.827369
69669: 0.827372
69670: 0.827374
69671: 0.827377
69672: 0.827379
69673: 0.827382
69674: 0.827384
69675: 0.827387
69676: 0.827389
69677: 0.827392
69678: 0.827394
69679: 0.827397
69680: 0.827399
69681: 0.827402
69682: 0.827404
69683: 0.827407
69684: 0.827409
69685: 0.827397
69686: 0.8274
69687: 0.827402
69688: 0.827405
69689: 0.827407
69690: 0.82741
69691: 0.827412
69692: 0.827415
69693: 0.827403
69694: 0.827391
69695: 0.827379
69696: 0.827381
69697: 0.82737
69698: 0.827358
69699: 0.827346
69700: 0.827348
69701: 0.827351
69702: 0.827353
69703: 0.827356
69704: 0.827358
69705: 0.827361
69706: 0.827363
69707: 0.827366
69708: 0.827354
69709: 0.827356
69710: 0.827359
69711: 0.827361
69712: 0.827364
69713: 0.827366
69714: 0.827369
69715: 0.827371
69716: 0.827359
69717: 0.827347
69718: 0.82735
69719: 0.827352
69720: 0.827355
69721: 0.827357
69722: 0.827345
69723: 0.827333
69724: 0.827336
69725: 0.827324
69726: 0.827312
69727: 0.8273
69728: 0.827303
69729: 0.827291
69730: 0.827293
69731: 0.827282
69732: 0.827284
69733: 0.827287
69734: 0.827289
69735: 0.827291
69736: 0.827294
69737: 0.827296
69738: 0.827285
69739: 0.827287
69740: 0.82729
69741: 0.827292
69742: 0.827294
69743: 0.827297
69744: 0.827299
69745: 0.827302
69746: 0.827304
69747: 0.827307
69748: 0.827309
69749: 0.827312
69750: 0.827314
69751: 0.827317
69752: 0.827319
69753: 0.827322
69754: 0.827324
69755: 0.827327
69756: 0.827329
69757: 0.827332
69758: 0.827334
69759: 0.827337
69760: 0.827339
69761: 0.827342
69762: 0.827344
69763: 0.827346
69764: 0.827349
69765: 0.827351
69766: 0.827354
69767: 0.827356
69768: 0.827359
69769: 0.827361
69770: 0.827364
69771: 0.827366
69772: 0.827369
69773: 0.827371
69774: 0.827374
69775: 0.827376
69776: 0.827379
69777: 0.827381
69778: 0.827384
69779: 0.827372
69780: 0.82736
69781: 0.827362
69782: 0.827365
69783: 0.827367
69784: 0.82737
69785: 0.827372
69786: 0.827375
69787: 0.827363
69788: 0.827351
69789: 0.827339
69790: 0.827342
69791: 0.827344
69792: 0.827347
69793: 0.827349
69794: 0.827352
69795: 0.827354
69796: 0.827356
69797: 0.827359
69798: 0.827361
69799: 0.827364
69800: 0.827366
69801: 0.827369
69802: 0.827371
69803: 0.827359
69804: 0.827362
69805: 0.827364
69806: 0.827367
69807: 0.827369
69808: 0.827372
69809: 0.827374
69810: 0.827377
69811: 0.827379
69812: 0.827382
69813: 0.827384
69814: 0.827387
69815: 0.827389
69816: 0.827392
69817: 0.827394
69818: 0.827397
69819: 0.827399
69820: 0.827401
69821: 0.827404
69822: 0.827406
69823: 0.827409
69824: 0.827411
69825: 0.827414
69826: 0.827402
69827: 0.827404
69828: 0.827407
69829: 0.827409
69830: 0.827412
69831: 0.827414
69832: 0.827403
69833: 0.827405
69834: 0.827407
69835: 0.82741
69836: 0.827412
69837: 0.827415
69838: 0.827417
69839: 0.82742
69840: 0.827422
69841: 0.827425
69842: 0.827427
69843: 0.827415
69844: 0.827404
69845: 0.827406
69846: 0.827408
69847: 0.827411
69848: 0.827399
69849: 0.827387
69850: 0.82739
69851: 0.827392
69852: 0.82738
69853: 0.827383
69854: 0.827385
69855: 0.827388
69856: 0.827376
69857: 0.827378
69858: 0.827381
69859: 0.827383
69860: 0.827386
69861: 0.827374
69862: 0.827376
69863: 0.827379
69864: 0.827381
69865: 0.827384
69866: 0.827386
69867: 0.827389
69868: 0.827391
69869: 0.827394
69870: 0.827396
69871: 0.827399
69872: 0.827401
69873: 0.827404
69874: 0.827406
69875: 0.827409
69876: 0.827411
69877: 0.827413
69878: 0.827416
69879: 0.827418
69880: 0.827421
69881: 0.827423
69882: 0.827412
69883: 0.8274
69884: 0.827388
69885: 0.82739
69886: 0.827393
69887: 0.827395
69888: 0.827398
69889: 0.8274
69890: 0.827403
69891: 0.827391
69892: 0.827393
69893: 0.827396
69894: 0.827398
69895: 0.827401
69896: 0.827403
69897: 0.827406
69898: 0.827408
69899: 0.827411
69900: 0.827413
69901: 0.827416
69902: 0.827418
69903: 0.82742
69904: 0.827423
69905: 0.827425
69906: 0.827414
69907: 0.827416
69908: 0.827419
69909: 0.827407
69910: 0.827409
69911: 0.827412
69912: 0.827414
69913: 0.827402
69914: 0.82739
69915: 0.827393
69916: 0.827395
69917: 0.827398
69918: 0.8274
69919: 0.827388
69920: 0.827377
69921: 0.827379
69922: 0.827382
69923: 0.82737
69924: 0.827372
69925: 0.82736
69926: 0.827349
69927: 0.827337
69928: 0.827325
69929: 0.827327
69930: 0.82733
69931: 0.827332
69932: 0.827335
69933: 0.827337
69934: 0.82734
69935: 0.827342
69936: 0.827345
69937: 0.827347
69938: 0.82735
69939: 0.827352
69940: 0.827354
69941: 0.827357
69942: 0.827345
69943: 0.827348
69944: 0.827336
69945: 0.827324
69946: 0.827312
69947: 0.8273
69948: 0.827303
69949: 0.827305
69950: 0.827308
69951: 0.82731
69952: 0.827298
69953: 0.827301
69954: 0.827303
69955: 0.827306
69956: 0.827308
69957: 0.827311
69958: 0.827299
69959: 0.827301
69960: 0.827304
69961: 0.827306
69962: 0.827309
69963: 0.827311
69964: 0.827314
69965: 0.827316
69966: 0.827304
69967: 0.827307
69968: 0.827309
69969: 0.827312
69970: 0.827314
69971: 0.827317
69972: 0.827319
69973: 0.827322
69974: 0.827324
69975: 0.827327
69976: 0.827329
69977: 0.827331
69978: 0.827334
69979: 0.827322
69980: 0.82731
69981: 0.827313
69982: 0.827315
69983: 0.827318
69984: 0.827306
69985: 0.827308
69986: 0.827311
69987: 0.827313
69988: 0.827316
69989: 0.827318
69990: 0.827321
69991: 0.827323
69992: 0.827326
69993: 0.827328
69994: 0.827331
69995: 0.827333
69996: 0.827335
69997: 0.827338
69998: 0.82734
69999: 0.827343
70000: 0.827345
70001: 0.827334
70002: 0.827322
70003: 0.82731
70004: 0.827312
70005: 0.827315
70006: 0.827317
70007: 0.82732
70008: 0.827308
70009: 0.82731
70010: 0.827313
70011: 0.827315
70012: 0.827318
70013: 0.82732
70014: 0.827323
70015: 0.827325
70016: 0.827328
70017: 0.82733
70018: 0.827333
70019: 0.827321
70020: 0.827323
70021: 0.827311
70022: 0.8273
70023: 0.827302
70024: 0.827305
70025: 0.827307
70026: 0.827309
70027: 0.827312
70028: 0.827314
70029: 0.827317
70030: 0.827319
70031: 0.827322
70032: 0.827324
70033: 0.827327
70034: 0.827329
70035: 0.827332
70036: 0.827334
70037: 0.827337
70038: 0.827339
70039: 0.827342
70040: 0.827344
70041: 0.827346
70042: 0.827349
70043: 0.827351
70044: 0.82734
70045: 0.827342
70046: 0.827344
70047: 0.827347
70048: 0.827335
70049: 0.827338
70050: 0.82734
70051: 0.827343
70052: 0.827331
70053: 0.827319
70054: 0.827321
70055: 0.827324
70056: 0.827312
70057: 0.827315
70058: 0.827317
70059: 0.827319
70060: 0.827322
70061: 0.827324
70062: 0.827327
70063: 0.827329
70064: 0.827332
70065: 0.827334
70066: 0.827337
70067: 0.827339
70068: 0.827327
70069: 0.827316
70070: 0.827318
70071: 0.82732
70072: 0.827323
70073: 0.827325
70074: 0.827328
70075: 0.82733
70076: 0.827333
70077: 0.827335
70078: 0.827323
70079: 0.827326
70080: 0.827328
70081: 0.827331
70082: 0.827333
70083: 0.827336
70084: 0.827324
70085: 0.827312
70086: 0.827315
70087: 0.827317
70088: 0.82732
70089: 0.827322
70090: 0.827324
70091: 0.827327
70092: 0.827329
70093: 0.827332
70094: 0.827334
70095: 0.827337
70096: 0.827339
70097: 0.827342
70098: 0.827344
70099: 0.827332
70100: 0.827335
70101: 0.827337
70102: 0.82734
70103: 0.827342
70104: 0.827345
70105: 0.827347
70106: 0.82735
70107: 0.827352
70108: 0.827355
70109: 0.827357
70110: 0.827359
70111: 0.827362
70112: 0.827364
70113: 0.827367
70114: 0.827369
70115: 0.827372
70116: 0.827374
70117: 0.827377
70118: 0.827379
70119: 0.827382
70120: 0.827384
70121: 0.827387
70122: 0.827389
70123: 0.827391
70124: 0.827394
70125: 0.827396
70126: 0.827399
70127: 0.827401
70128: 0.827404
70129: 0.827406
70130: 0.827409
70131: 0.827411
70132: 0.827414
70133: 0.827416
70134: 0.827404
70135: 0.827392
70136: 0.827395
70137: 0.827397
70138: 0.8274
70139: 0.827388
70140: 0.827376
70141: 0.827379
70142: 0.827381
70143: 0.827384
70144: 0.827372
70145: 0.82736
70146: 0.827363
70147: 0.827365
70148: 0.827367
70149: 0.82737
70150: 0.827372
70151: 0.827375
70152: 0.827377
70153: 0.82738
70154: 0.827382
70155: 0.827385
70156: 0.827387
70157: 0.82739
70158: 0.827392
70159: 0.827395
70160: 0.827397
70161: 0.827399
70162: 0.827402
70163: 0.827404
70164: 0.827407
70165: 0.827395
70166: 0.827383
70167: 0.827371
70168: 0.827374
70169: 0.827376
70170: 0.827379
70171: 0.827381
70172: 0.827384
70173: 0.827386
70174: 0.827389
70175: 0.827391
70176: 0.827379
70177: 0.827368
70178: 0.827356
70179: 0.827344
70180: 0.827346
70181: 0.827349
70182: 0.827351
70183: 0.827354
70184: 0.827356
70185: 0.827359
70186: 0.827361
70187: 0.827364
70188: 0.827366
70189: 0.827369
70190: 0.827371
70191: 0.827373
70192: 0.827376
70193: 0.827378
70194: 0.827381
70195: 0.827383
70196: 0.827386
70197: 0.827388
70198: 0.827391
70199: 0.827393
70200: 0.827396
70201: 0.827398
70202: 0.827401
70203: 0.827403
70204: 0.827405
70205: 0.827408
70206: 0.82741
70207: 0.827413
70208: 0.827415
70209: 0.827418
70210: 0.82742
70211: 0.827423
70212: 0.827425
70213: 0.827428
70214: 0.82743
70215: 0.827432
70216: 0.827435
70217: 0.827437
70218: 0.82744
70219: 0.827442
70220: 0.827445
70221: 0.827447
70222: 0.82745
70223: 0.827452
70224: 0.827455
70225: 0.827457
70226: 0.82746
70227: 0.827462
70228: 0.827464
70229: 0.827467
70230: 0.827469
70231: 0.827472
70232: 0.827474
70233: 0.827477
70234: 0.827479
70235: 0.827482
70236: 0.827484
70237: 0.827487
70238: 0.827489
70239: 0.827491
70240: 0.827494
70241: 0.827496
70242: 0.827499
70243: 0.827501
70244: 0.827504
70245: 0.827492
70246: 0.827494
70247: 0.827497
70248: 0.827499
70249: 0.827502
70250: 0.827504
70251: 0.827507
70252: 0.827509
70253: 0.827512
70254: 0.827514
70255: 0.827517
70256: 0.827519
70257: 0.827521
70258: 0.827524
70259: 0.827526
70260: 0.827529
70261: 0.827531
70262: 0.827534
70263: 0.827536
70264: 0.827539
70265: 0.827541
70266: 0.827544
70267: 0.827546
70268: 0.827548
70269: 0.827537
70270: 0.827539
70271: 0.827542
70272: 0.827544
70273: 0.827546
70274: 0.827549
70275: 0.827551
70276: 0.827554
70277: 0.827556
70278: 0.827559
70279: 0.827561
70280: 0.827564
70281: 0.827552
70282: 0.82754
70283: 0.827528
70284: 0.827531
70285: 0.827533
70286: 0.827536
70287: 0.827538
70288: 0.827541
70289: 0.827543
70290: 0.827545
70291: 0.827548
70292: 0.82755
70293: 0.827539
70294: 0.827541
70295: 0.827544
70296: 0.827546
70297: 0.827548
70298: 0.827551
70299: 0.827553
70300: 0.827556
70301: 0.827558
70302: 0.827561
70303: 0.827563
70304: 0.827566
70305: 0.827568
70306: 0.827571
70307: 0.827573
70308: 0.827575
70309: 0.827578
70310: 0.827566
70311: 0.827569
70312: 0.827571
70313: 0.827559
70314: 0.827562
70315: 0.827564
70316: 0.827567
70317: 0.827569
70318: 0.827571
70319: 0.827574
70320: 0.827576
70321: 0.827579
70322: 0.827581
70323: 0.827584
70324: 0.827586
70325: 0.827589
70326: 0.827591
70327: 0.827594
70328: 0.827582
70329: 0.827584
70330: 0.827587
70331: 0.827589
70332: 0.827592
70333: 0.827594
70334: 0.827597
70335: 0.827599
70336: 0.827601
70337: 0.827604
70338: 0.827606
70339: 0.827609
70340: 0.827597
70341: 0.827585
70342: 0.827588
70343: 0.82759
70344: 0.827593
70345: 0.827595
70346: 0.827597
70347: 0.8276
70348: 0.827602
70349: 0.827605
70350: 0.827593
70351: 0.827581
70352: 0.82757
70353: 0.827558
70354: 0.827546
70355: 0.827534
70356: 0.827522
70357: 0.827525
70358: 0.827527
70359: 0.82753
70360: 0.827532
70361: 0.827535
70362: 0.827523
70363: 0.827511
70364: 0.827514
70365: 0.827516
70366: 0.827519
70367: 0.827507
70368: 0.827509
70369: 0.827512
70370: 0.827514
70371: 0.827517
70372: 0.827519
70373: 0.827522
70374: 0.827524
70375: 0.827526
70376: 0.827529
70377: 0.827531
70378: 0.827534
70379: 0.827536
70380: 0.827539
70381: 0.827527
70382: 0.827515
70383: 0.827503
70384: 0.827506
70385: 0.827508
70386: 0.827511
70387: 0.827513
70388: 0.827516
70389: 0.827518
70390: 0.827521
70391: 0.827523
70392: 0.827525
70393: 0.827528
70394: 0.82753
70395: 0.827533
70396: 0.827535
70397: 0.827538
70398: 0.82754
70399: 0.827543
70400: 0.827545
70401: 0.827548
70402: 0.82755
70403: 0.827552
70404: 0.827555
70405: 0.827557
70406: 0.82756
70407: 0.827562
70408: 0.827565
70409: 0.827567
70410: 0.82757
70411: 0.827572
70412: 0.827574
70413: 0.827577
70414: 0.827579
70415: 0.827582
70416: 0.827584
70417: 0.827587
70418: 0.827589
70419: 0.827592
70420: 0.827594
70421: 0.827596
70422: 0.827599
70423: 0.827601
70424: 0.827604
70425: 0.827592
70426: 0.82758
70427: 0.827583
70428: 0.827585
70429: 0.827588
70430: 0.82759
70431: 0.827593
70432: 0.827595
70433: 0.827597
70434: 0.8276
70435: 0.827602
70436: 0.827605
70437: 0.827607
70438: 0.82761
70439: 0.827612
70440: 0.827615
70441: 0.827617
70442: 0.827619
70443: 0.827622
70444: 0.827624
70445: 0.827627
70446: 0.827629
70447: 0.827632
70448: 0.827634
70449: 0.827637
70450: 0.827639
70451: 0.827642
70452: 0.827644
70453: 0.827632
70454: 0.82762
70455: 0.827609
70456: 0.827611
70457: 0.827614
70458: 0.827616
70459: 0.827619
70460: 0.827607
70461: 0.827609
70462: 0.827612
70463: 0.827614
70464: 0.827617
70465: 0.827619
70466: 0.827621
70467: 0.827624
70468: 0.827612
70469: 0.8276
70470: 0.827589
70471: 0.827591
70472: 0.827594
70473: 0.827596
70474: 0.827598
70475: 0.827601
70476: 0.827603
70477: 0.827606
70478: 0.827608
70479: 0.827611
70480: 0.827613
70481: 0.827616
70482: 0.827618
70483: 0.82762
70484: 0.827623
70485: 0.827625
70486: 0.827628
70487: 0.82763
70488: 0.827633
70489: 0.827621
70490: 0.827623
70491: 0.827626
70492: 0.827628
70493: 0.827631
70494: 0.827633
70495: 0.827636
70496: 0.827638
70497: 0.827641
70498: 0.827643
70499: 0.827631
70500: 0.827634
70501: 0.827636
70502: 0.827639
70503: 0.827641
70504: 0.827643
70505: 0.827646
70506: 0.827648
70507: 0.827651
70508: 0.827653
70509: 0.827656
70510: 0.827658
70511: 0.827661
70512: 0.827663
70513: 0.827665
70514: 0.827668
70515: 0.82767
70516: 0.827659
70517: 0.827661
70518: 0.827663
70519: 0.827666
70520: 0.827668
70521: 0.827671
70522: 0.827673
70523: 0.827676
70524: 0.827664
70525: 0.827666
70526: 0.827669
70527: 0.827671
70528: 0.827674
70529: 0.827676
70530: 0.827664
70531: 0.827667
70532: 0.827669
70533: 0.827672
70534: 0.827674
70535: 0.827677
70536: 0.827679
70537: 0.827682
70538: 0.827684
70539: 0.827686
70540: 0.827689
70541: 0.827691
70542: 0.827694
70543: 0.827696
70544: 0.827699
70545: 0.827701
70546: 0.827704
70547: 0.827706
70548: 0.827708
70549: 0.827697
70550: 0.827699
70551: 0.827687
70552: 0.82769
70553: 0.827692
70554: 0.827695
70555: 0.827697
70556: 0.8277
70557: 0.827702
70558: 0.827704
70559: 0.827707
70560: 0.827709
70561: 0.827698
70562: 0.827686
70563: 0.827688
70564: 0.827691
70565: 0.827693
70566: 0.827696
70567: 0.827698
70568: 0.827701
70569: 0.827703
70570: 0.827705
70571: 0.827708
70572: 0.82771
70573: 0.827713
70574: 0.827715
70575: 0.827718
70576: 0.827706
70577: 0.827708
70578: 0.827711
70579: 0.827699
70580: 0.827702
70581: 0.827704
70582: 0.827706
70583: 0.827709
70584: 0.827697
70585: 0.8277
70586: 0.827702
70587: 0.827704
70588: 0.827693
70589: 0.827681
70590: 0.827669
70591: 0.827672
70592: 0.827674
70593: 0.827677
70594: 0.827679
70595: 0.827681
70596: 0.827684
70597: 0.827686
70598: 0.827689
70599: 0.827691
70600: 0.827694
70601: 0.827696
70602: 0.827699
70603: 0.827701
70604: 0.827689
70605: 0.827692
70606: 0.827694
70607: 0.827682
70608: 0.827685
70609: 0.827687
70610: 0.82769
70611: 0.827692
70612: 0.827695
70613: 0.827697
70614: 0.827685
70615: 0.827688
70616: 0.82769
70617: 0.827693
70618: 0.827695
70619: 0.827698
70620: 0.8277
70621: 0.827702
70622: 0.827705
70623: 0.827707
70624: 0.827696
70625: 0.827684
70626: 0.827686
70627: 0.827689
70628: 0.827691
70629: 0.827694
70630: 0.827682
70631: 0.827684
70632: 0.827673
70633: 0.827661
70634: 0.827663
70635: 0.827666
70636: 0.827668
70637: 0.827671
70638: 0.827659
70639: 0.827661
70640: 0.827664
70641: 0.827666
70642: 0.827669
70643: 0.827657
70644: 0.827645
70645: 0.827648
70646: 0.82765
70647: 0.827653
70648: 0.827655
70649: 0.827657
70650: 0.82766
70651: 0.827662
70652: 0.827665
70653: 0.827667
70654: 0.82767
70655: 0.827672
70656: 0.827675
70657: 0.827677
70658: 0.827665
70659: 0.827668
70660: 0.82767
70661: 0.827673
70662: 0.827675
70663: 0.827677
70664: 0.827666
70665: 0.827668
70666: 0.827671
70667: 0.827659
70668: 0.827647
70669: 0.827635
70670: 0.827638
70671: 0.827626
70672: 0.827629
70673: 0.827631
70674: 0.827634
70675: 0.827636
70676: 0.827638
70677: 0.827641
70678: 0.827643
70679: 0.827646
70680: 0.827648
70681: 0.827636
70682: 0.827625
70683: 0.827627
70684: 0.82763
70685: 0.827632
70686: 0.827635
70687: 0.827623
70688: 0.827625
70689: 0.827628
70690: 0.82763
70691: 0.827618
70692: 0.827607
70693: 0.827609
70694: 0.827597
70695: 0.8276
70696: 0.827602
70697: 0.827605
70698: 0.827607
70699: 0.827595
70700: 0.827598
70701: 0.8276
70702: 0.827603
70703: 0.827605
70704: 0.827608
70705: 0.82761
70706: 0.827613
70707: 0.827615
70708: 0.827617
70709: 0.82762
70710: 0.827622
70711: 0.827625
70712: 0.827627
70713: 0.82763
70714: 0.827632
70715: 0.827634
70716: 0.827637
70717: 0.827639
70718: 0.827642
70719: 0.827644
70720: 0.827647
70721: 0.827649
70722: 0.827652
70723: 0.82764
70724: 0.827642
70725: 0.827645
70726: 0.827647
70727: 0.82765
70728: 0.827652
70729: 0.827654
70730: 0.827657
70731: 0.827659
70732: 0.827662
70733: 0.827664
70734: 0.827667
70735: 0.827669
70736: 0.827672
70737: 0.827674
70738: 0.827676
70739: 0.827679
70740: 0.827681
70741: 0.827684
70742: 0.827686
70743: 0.827689
70744: 0.827691
70745: 0.827679
70746: 0.827668
70747: 0.827656
70748: 0.827644
70749: 0.827633
70750: 0.827621
70751: 0.827623
70752: 0.827626
70753: 0.827628
70754: 0.827631
70755: 0.827633
70756: 0.827621
70757: 0.82761
70758: 0.827598
70759: 0.827586
70760: 0.827589
70761: 0.827591
70762: 0.827594
70763: 0.827596
70764: 0.827598
70765: 0.827601
70766: 0.827603
70767: 0.827606
70768: 0.827608
70769: 0.827611
70770: 0.827613
70771: 0.827615
70772: 0.827604
70773: 0.827606
70774: 0.827609
70775: 0.827611
70776: 0.827599
70777: 0.827588
70778: 0.82759
70779: 0.827593
70780: 0.827595
70781: 0.827597
70782: 0.8276
70783: 0.827602
70784: 0.827605
70785: 0.827607
70786: 0.82761
70787: 0.827612
70788: 0.827614
70789: 0.827603
70790: 0.827591
70791: 0.827579
70792: 0.827568
70793: 0.827556
70794: 0.827558
70795: 0.827561
70796: 0.827563
70797: 0.827552
70798: 0.827554
70799: 0.827556
70800: 0.827559
70801: 0.827561
70802: 0.827564
70803: 0.827566
70804: 0.827569
70805: 0.827571
70806: 0.827574
70807: 0.827576
70808: 0.827564
70809: 0.827567
70810: 0.827569
70811: 0.827572
70812: 0.827574
70813: 0.827576
70814: 0.827579
70815: 0.827581
70816: 0.827584
70817: 0.827586
70818: 0.827589
70819: 0.827591
70820: 0.827594
70821: 0.827596
70822: 0.827598
70823: 0.827601
70824: 0.827603
70825: 0.827606
70826: 0.827608
70827: 0.827611
70828: 0.827613
70829: 0.827615
70830: 0.827618
70831: 0.82762
70832: 0.827623
70833: 0.827625
70834: 0.827628
70835: 0.82763
70836: 0.827618
70837: 0.827607
70838: 0.827609
70839: 0.827612
70840: 0.827614
70841: 0.827616
70842: 0.827619
70843: 0.827621
70844: 0.827624
70845: 0.827626
70846: 0.827629
70847: 0.827631
70848: 0.827633
70849: 0.827622
70850: 0.82761
70851: 0.827612
70852: 0.827615
70853: 0.827603
70854: 0.827606
70855: 0.827608
70856: 0.827611
70857: 0.827613
70858: 0.827601
70859: 0.82759
70860: 0.827578
70861: 0.82758
70862: 0.827583
70863: 0.827585
70864: 0.827588
70865: 0.82759
70866: 0.827593
70867: 0.827595
70868: 0.827597
70869: 0.8276
70870: 0.827602
70871: 0.827605
70872: 0.827607
70873: 0.82761
70874: 0.827598
70875: 0.8276
70876: 0.827603
70877: 0.827605
70878: 0.827608
70879: 0.82761
70880: 0.827612
70881: 0.827615
70882: 0.827617
70883: 0.82762
70884: 0.827622
70885: 0.827625
70886: 0.827627
70887: 0.82763
70888: 0.827632
70889: 0.82762
70890: 0.827623
70891: 0.827625
70892: 0.827628
70893: 0.82763
70894: 0.827632
70895: 0.827635
70896: 0.827637
70897: 0.82764
70898: 0.827642
70899: 0.827645
70900: 0.827647
70901: 0.827635
70902: 0.827638
70903: 0.82764
70904: 0.827629
70905: 0.827617
70906: 0.827619
70907: 0.827622
70908: 0.827624
70909: 0.827627
70910: 0.827629
70911: 0.827631
70912: 0.82762
70913: 0.827608
70914: 0.827596
70915: 0.827599
70916: 0.827601
70917: 0.827604
70918: 0.827606
70919: 0.827609
70920: 0.827611
70921: 0.827613
70922: 0.827602
70923: 0.82759
70924: 0.827593
70925: 0.827595
70926: 0.827597
70927: 0.8276
70928: 0.827602
70929: 0.827605
70930: 0.827607
70931: 0.82761
70932: 0.827612
70933: 0.827614
70934: 0.827617
70935: 0.827605
70936: 0.827608
70937: 0.82761
70938: 0.827612
70939: 0.827615
70940: 0.827617
70941: 0.82762
70942: 0.827622
70943: 0.827625
70944: 0.827627
70945: 0.827629
70946: 0.827632
70947: 0.827634
70948: 0.827637
70949: 0.827639
70950: 0.827642
70951: 0.827644
70952: 0.827646
70953: 0.827649
70954: 0.827651
70955: 0.827654
70956: 0.827656
70957: 0.827659
70958: 0.827647
70959: 0.827649
70960: 0.827652
70961: 0.827654
70962: 0.827657
70963: 0.827659
70964: 0.827662
70965: 0.827664
70966: 0.827666
70967: 0.827669
70968: 0.827671
70969: 0.827674
70970: 0.827676
70971: 0.827679
70972: 0.827681
70973: 0.827683
70974: 0.827686
70975: 0.827688
70976: 0.827677
70977: 0.827665
70978: 0.827653
70979: 0.827642
70980: 0.827644
70981: 0.827646
70982: 0.827649
70983: 0.827651
70984: 0.827654
70985: 0.827642
70986: 0.82763
70987: 0.827619
70988: 0.827621
70989: 0.827624
70990: 0.827626
70991: 0.827628
70992: 0.827631
70993: 0.827633
70994: 0.827622
70995: 0.82761
70996: 0.827598
70997: 0.827601
70998: 0.827603
70999: 0.827606
71000: 0.827608
71001: 0.82761
71002: 0.827613
71003: 0.827615
71004: 0.827618
71005: 0.82762
71006: 0.827623
71007: 0.827625
71008: 0.827627
71009: 0.82763
71010: 0.827618
71011: 0.827607
71012: 0.827595
71013: 0.827583
71014: 0.827572
71015: 0.827574
71016: 0.827576
71017: 0.827579
71018: 0.827581
71019: 0.827584
71020: 0.827572
71021: 0.82756
71022: 0.827563
71023: 0.827565
71024: 0.827568
71025: 0.82757
71026: 0.827573
71027: 0.827575
71028: 0.827577
71029: 0.82758
71030: 0.827582
71031: 0.827585
71032: 0.827587
71033: 0.82759
71034: 0.827592
71035: 0.827594
71036: 0.827583
71037: 0.827571
71038: 0.82756
71039: 0.827562
71040: 0.827564
71041: 0.827567
71042: 0.827569
71043: 0.827558
71044: 0.82756
71045: 0.827548
71046: 0.827551
71047: 0.827539
71048: 0.827542
71049: 0.827544
71050: 0.827546
71051: 0.827549
71052: 0.827537
71053: 0.827526
71054: 0.827528
71055: 0.82753
71056: 0.827533
71057: 0.827535
71058: 0.827538
71059: 0.82754
71060: 0.827528
71061: 0.827517
71062: 0.827519
71063: 0.827508
71064: 0.82751
71065: 0.827512
71066: 0.827515
71067: 0.827517
71068: 0.82752
71069: 0.827522
71070: 0.827525
71071: 0.827527
71072: 0.827529
71073: 0.827532
71074: 0.82752
71075: 0.827509
71076: 0.827511
71077: 0.827513
71078: 0.827516
71079: 0.827518
71080: 0.827521
71081: 0.827523
71082: 0.827526
71083: 0.827528
71084: 0.82753
71085: 0.827533
71086: 0.827535
71087: 0.827538
71088: 0.82754
71089: 0.827543
71090: 0.827545
71091: 0.827547
71092: 0.82755
71093: 0.827552
71094: 0.827555
71095: 0.827557
71096: 0.82756
71097: 0.827562
71098: 0.827564
71099: 0.827567
71100: 0.827569
71101: 0.827572
71102: 0.827574
71103: 0.827577
71104: 0.827579
71105: 0.827581
71106: 0.827584
71107: 0.827586
71108: 0.827589
71109: 0.827591
71110: 0.827593
71111: 0.827596
71112: 0.827598
71113: 0.827587
71114: 0.827575
71115: 0.827577
71116: 0.82758
71117: 0.827582
71118: 0.827585
71119: 0.827587
71120: 0.82759
71121: 0.827592
71122: 0.827594
71123: 0.827597
71124: 0.827599
71125: 0.827602
71126: 0.827604
71127: 0.827607
71128: 0.827609
71129: 0.827611
71130: 0.827614
71131: 0.827602
71132: 0.827605
71133: 0.827607
71134: 0.827609
71135: 0.827612
71136: 0.827614
71137: 0.827617
71138: 0.827619
71139: 0.827622
71140: 0.827624
71141: 0.827626
71142: 0.827629
71143: 0.827617
71144: 0.82762
71145: 0.827622
71146: 0.82761
71147: 0.827613
71148: 0.827615
71149: 0.827618
71150: 0.82762
71151: 0.827623
71152: 0.827625
71153: 0.827613
71154: 0.827616
71155: 0.827618
71156: 0.827621
71157: 0.827623
71158: 0.827625
71159: 0.827614
71160: 0.827602
71161: 0.827605
71162: 0.827607
71163: 0.827595
71164: 0.827598
71165: 0.8276
71166: 0.827603
71167: 0.827591
71168: 0.827593
71169: 0.827596
71170: 0.827584
71171: 0.827587
71172: 0.827589
71173: 0.827592
71174: 0.827594
71175: 0.827596
71176: 0.827599
71177: 0.827601
71178: 0.827604
71179: 0.827606
71180: 0.827608
71181: 0.827611
71182: 0.827613
71183: 0.827616
71184: 0.827618
71185: 0.827621
71186: 0.827623
71187: 0.827625
71188: 0.827628
71189: 0.82763
71190: 0.827619
71191: 0.827607
71192: 0.827609
71193: 0.827612
71194: 0.827614
71195: 0.827617
71196: 0.827619
71197: 0.827622
71198: 0.827624
71199: 0.827626
71200: 0.827629
71201: 0.827631
71202: 0.827634
71203: 0.827622
71204: 0.827624
71205: 0.827627
71206: 0.827629
71207: 0.827632
71208: 0.827634
71209: 0.827637
71210: 0.827639
71211: 0.827641
71212: 0.827644
71213: 0.827646
71214: 0.827649
71215: 0.827651
71216: 0.827654
71217: 0.827656
71218: 0.827644
71219: 0.827633
71220: 0.827621
71221: 0.827623
71222: 0.827626
71223: 0.827628
71224: 0.827631
71225: 0.827633
71226: 0.827636
71227: 0.827624
71228: 0.827612
71229: 0.827615
71230: 0.827617
71231: 0.82762
71232: 0.827622
71233: 0.827624
71234: 0.827627
71235: 0.827615
71236: 0.827604
71237: 0.827592
71238: 0.827594
71239: 0.827597
71240: 0.827599
71241: 0.827602
71242: 0.82759
71243: 0.827592
71244: 0.827595
71245: 0.827597
71246: 0.8276
71247: 0.827602
71248: 0.827605
71249: 0.827607
71250: 0.827609
71251: 0.827612
71252: 0.8276
71253: 0.827603
71254: 0.827605
71255: 0.827593
71256: 0.827582
71257: 0.827584
71258: 0.827587
71259: 0.827589
71260: 0.827592
71261: 0.827594
71262: 0.827596
71263: 0.827599
71264: 0.827587
71265: 0.827576
71266: 0.827564
71267: 0.827552
71268: 0.827555
71269: 0.827557
71270: 0.82756
71271: 0.827562
71272: 0.827564
71273: 0.827567
71274: 0.827555
71275: 0.827558
71276: 0.82756
71277: 0.827563
71278: 0.827565
71279: 0.827567
71280: 0.82757
71281: 0.827572
71282: 0.827561
71283: 0.827549
71284: 0.827551
71285: 0.827554
71286: 0.827556
71287: 0.827559
71288: 0.827561
71289: 0.827563
71290: 0.827552
71291: 0.827554
71292: 0.827557
71293: 0.827559
71294: 0.827562
71295: 0.827564
71296: 0.827566
71297: 0.827555
71298: 0.827557
71299: 0.82756
71300: 0.827562
71301: 0.827564
71302: 0.827567
71303: 0.827569
71304: 0.827558
71305: 0.827546
71306: 0.827534
71307: 0.827537
71308: 0.827539
71309: 0.827542
71310: 0.827544
71311: 0.827547
71312: 0.827549
71313: 0.827537
71314: 0.82754
71315: 0.827528
71316: 0.827517
71317: 0.827505
71318: 0.827507
71319: 0.82751
71320: 0.827512
71321: 0.827515
71322: 0.827517
71323: 0.827519
71324: 0.827522
71325: 0.827524
71326: 0.827527
71327: 0.827529
71328: 0.827532
71329: 0.82752
71330: 0.827522
71331: 0.827525
71332: 0.827527
71333: 0.82753
71334: 0.827532
71335: 0.827534
71336: 0.827537
71337: 0.827539
71338: 0.827542
71339: 0.827544
71340: 0.827547
71341: 0.827549
71342: 0.827551
71343: 0.827554
71344: 0.827556
71345: 0.827545
71346: 0.827547
71347: 0.827549
71348: 0.827538
71349: 0.827526
71350: 0.827529
71351: 0.827531
71352: 0.827534
71353: 0.827536
71354: 0.827538
71355: 0.827541
71356: 0.827543
71357: 0.827546
71358: 0.827548
71359: 0.82755
71360: 0.827539
71361: 0.827541
71362: 0.827544
71363: 0.827546
71364: 0.827535
71365: 0.827523
71366: 0.827525
71367: 0.827528
71368: 0.82753
71369: 0.827533
71370: 0.827535
71371: 0.827537
71372: 0.82754
71373: 0.827542
71374: 0.827545
71375: 0.827547
71376: 0.827549
71377: 0.827538
71378: 0.827526
71379: 0.827515
71380: 0.827517
71381: 0.82752
71382: 0.827522
71383: 0.827524
71384: 0.827527
71385: 0.827529
71386: 0.827532
71387: 0.827534
71388: 0.827536
71389: 0.827539
71390: 0.827541
71391: 0.827544
71392: 0.827532
71393: 0.827535
71394: 0.827537
71395: 0.827525
71396: 0.827514
71397: 0.827502
71398: 0.827505
71399: 0.827493
71400: 0.827481
71401: 0.827484
71402: 0.827486
71403: 0.827475
71404: 0.827463
71405: 0.827465
71406: 0.827454
71407: 0.827442
71408: 0.827431
71409: 0.827433
71410: 0.827436
71411: 0.827438
71412: 0.82744
71413: 0.827443
71414: 0.827431
71415: 0.82742
71416: 0.827422
71417: 0.827424
71418: 0.827427
71419: 0.827415
71420: 0.827404
71421: 0.827392
71422: 0.827395
71423: 0.827397
71424: 0.827399
71425: 0.827402
71426: 0.82739
71427: 0.827379
71428: 0.827381
71429: 0.827383
71430: 0.827386
71431: 0.827374
71432: 0.827377
71433: 0.827379
71434: 0.827382
71435: 0.827384
71436: 0.827386
71437: 0.827375
71438: 0.827377
71439: 0.82738
71440: 0.827382
71441: 0.827384
71442: 0.827387
71443: 0.827389
71444: 0.827378
71445: 0.82738
71446: 0.827383
71447: 0.827385
71448: 0.827387
71449: 0.82739
71450: 0.827392
71451: 0.827395
71452: 0.827397
71453: 0.827385
71454: 0.827374
71455: 0.827376
71456: 0.827365
71457: 0.827367
71458: 0.82737
71459: 0.827372
71460: 0.827374
71461: 0.827377
71462: 0.827379
71463: 0.827382
71464: 0.827384
71465: 0.827386
71466: 0.827389
71467: 0.827391
71468: 0.827394
71469: 0.827396
71470: 0.827399
71471: 0.827401
71472: 0.827403
71473: 0.827392
71474: 0.827394
71475: 0.827397
71476: 0.827399
71477: 0.827401
71478: 0.827404
71479: 0.827406
71480: 0.827409
71481: 0.827411
71482: 0.827414
71483: 0.827416
71484: 0.827418
71485: 0.827421
71486: 0.827423
71487: 0.827426
71488: 0.827428
71489: 0.82743
71490: 0.827419
71491: 0.827421
71492: 0.827424
71493: 0.827426
71494: 0.827428
71495: 0.827431
71496: 0.827433
71497: 0.827436
71498: 0.827438
71499: 0.827441
71500: 0.827443
71501: 0.827445
71502: 0.827434
71503: 0.827436
71504: 0.827439
71505: 0.827441
71506: 0.827443
71507: 0.827446
71508: 0.827448
71509: 0.827451
71510: 0.827453
71511: 0.827456
71512: 0.827458
71513: 0.82746
71514: 0.827463
71515: 0.827465
71516: 0.827468
71517: 0.82747
71518: 0.827458
71519: 0.827447
71520: 0.827449
71521: 0.827452
71522: 0.827454
71523: 0.827457
71524: 0.827459
71525: 0.827461
71526: 0.827464
71527: 0.827466
71528: 0.827469
71529: 0.827471
71530: 0.827473
71531: 0.827476
71532: 0.827478
71533: 0.827481
71534: 0.827483
71535: 0.827485
71536: 0.827488
71537: 0.82749
71538: 0.827493
71539: 0.827495
71540: 0.827498
71541: 0.8275
71542: 0.827502
71543: 0.827505
71544: 0.827493
71545: 0.827496
71546: 0.827498
71547: 0.8275
71548: 0.827503
71549: 0.827505
71550: 0.827508
71551: 0.82751
71552: 0.827512
71553: 0.827515
71554: 0.827517
71555: 0.82752
71556: 0.827522
71557: 0.827525
71558: 0.827527
71559: 0.827529
71560: 0.827518
71561: 0.82752
71562: 0.827523
71563: 0.827525
71564: 0.827527
71565: 0.82753
71566: 0.827532
71567: 0.827535
71568: 0.827537
71569: 0.827539
71570: 0.827542
71571: 0.827544
71572: 0.827533
71573: 0.827521
71574: 0.82751
71575: 0.827512
71576: 0.827514
71577: 0.827517
71578: 0.827519
71579: 0.827522
71580: 0.827524
71581: 0.827526
71582: 0.827529
71583: 0.827531
71584: 0.82752
71585: 0.827508
71586: 0.827511
71587: 0.827513
71588: 0.827515
71589: 0.827518
71590: 0.827506
71591: 0.827509
71592: 0.827511
71593: 0.827513
71594: 0.827516
71595: 0.827518
71596: 0.827521
71597: 0.827523
71598: 0.827526
71599: 0.827528
71600: 0.827516
71601: 0.827519
71602: 0.827507
71603: 0.82751
71604: 0.827512
71605: 0.827514
71606: 0.827517
71607: 0.827519
71608: 0.827522
71609: 0.827524
71610: 0.827526
71611: 0.827529
71612: 0.827531
71613: 0.827534
71614: 0.827536
71615: 0.827539
71616: 0.827541
71617: 0.827543
71618: 0.827546
71619: 0.827548
71620: 0.827551
71621: 0.827553
71622: 0.827555
71623: 0.827558
71624: 0.82756
71625: 0.827563
71626: 0.827551
71627: 0.827553
71628: 0.827556
71629: 0.827558
71630: 0.827561
71631: 0.827563
71632: 0.827552
71633: 0.827554
71634: 0.827542
71635: 0.827531
71636: 0.827533
71637: 0.827536
71638: 0.827538
71639: 0.82754
71640: 0.827543
71641: 0.827545
71642: 0.827548
71643: 0.82755
71644: 0.827553
71645: 0.827555
71646: 0.827557
71647: 0.82756
71648: 0.827562
71649: 0.827565
71650: 0.827567
71651: 0.827569
71652: 0.827572
71653: 0.827574
71654: 0.827577
71655: 0.827579
71656: 0.827581
71657: 0.827584
71658: 0.827586
71659: 0.827589
71660: 0.827591
71661: 0.827593
71662: 0.827596
71663: 0.827598
71664: 0.827601
71665: 0.827603
71666: 0.827591
71667: 0.82758
71668: 0.827568
71669: 0.827557
71670: 0.827559
71671: 0.827562
71672: 0.827564
71673: 0.827566
71674: 0.827569
71675: 0.827571
71676: 0.827574
71677: 0.827576
71678: 0.827579
71679: 0.827581
71680: 0.827583
71681: 0.827572
71682: 0.827574
71683: 0.827577
71684: 0.827565
71685: 0.827567
71686: 0.82757
71687: 0.827558
71688: 0.827547
71689: 0.827549
71690: 0.827552
71691: 0.827554
71692: 0.827542
71693: 0.827531
71694: 0.827519
71695: 0.827522
71696: 0.827524
71697: 0.827527
71698: 0.827529
71699: 0.827531
71700: 0.827534
71701: 0.827536
71702: 0.827539
71703: 0.827527
71704: 0.827529
71705: 0.827532
71706: 0.82752
71707: 0.827509
71708: 0.827497
71709: 0.8275
71710: 0.827502
71711: 0.827504
71712: 0.827507
71713: 0.827509
71714: 0.827512
71715: 0.8275
71716: 0.827489
71717: 0.827477
71718: 0.827466
71719: 0.827468
71720: 0.82747
71721: 0.827473
71722: 0.827475
71723: 0.827464
71724: 0.827452
71725: 0.827454
71726: 0.827457
71727: 0.827459
71728: 0.827462
71729: 0.827464
71730: 0.827467
71731: 0.827469
71732: 0.827471
71733: 0.82746
71734: 0.827462
71735: 0.827465
71736: 0.827467
71737: 0.827469
71738: 0.827472
71739: 0.827474
71740: 0.827477
71741: 0.827479
71742: 0.827481
71743: 0.827484
71744: 0.827486
71745: 0.827489
71746: 0.827491
71747: 0.827493
71748: 0.827496
71749: 0.827498
71750: 0.827501
71751: 0.827503
71752: 0.827505
71753: 0.827508
71754: 0.82751
71755: 0.827499
71756: 0.827487
71757: 0.82749
71758: 0.827492
71759: 0.827494
71760: 0.827497
71761: 0.827499
71762: 0.827502
71763: 0.82749
71764: 0.827479
71765: 0.827467
71766: 0.827469
71767: 0.827458
71768: 0.827446
71769: 0.827449
71770: 0.827451
71771: 0.82744
71772: 0.827428
71773: 0.827417
71774: 0.827419
71775: 0.827421
71776: 0.827424
71777: 0.827426
71778: 0.827429
71779: 0.827431
71780: 0.827433
71781: 0.827436
71782: 0.827438
71783: 0.827441
71784: 0.827443
71785: 0.827445
71786: 0.827434
71787: 0.827422
71788: 0.827425
71789: 0.827427
71790: 0.82743
71791: 0.827418
71792: 0.827421
71793: 0.827423
71794: 0.827425
71795: 0.827428
71796: 0.82743
71797: 0.827433
71798: 0.827421
71799: 0.827409
71800: 0.827412
71801: 0.827414
71802: 0.827417
71803: 0.827405
71804: 0.827394
71805: 0.827396
71806: 0.827385
71807: 0.827387
71808: 0.827389
71809: 0.827392
71810: 0.827394
71811: 0.827397
71812: 0.827399
71813: 0.827401
71814: 0.827404
71815: 0.827406
71816: 0.827409
71817: 0.827411
71818: 0.827413
71819: 0.827416
71820: 0.827418
71821: 0.827421
71822: 0.827423
71823: 0.827425
71824: 0.827428
71825: 0.82743
71826: 0.827433
71827: 0.827435
71828: 0.827437
71829: 0.82744
71830: 0.827442
71831: 0.827431
71832: 0.827433
71833: 0.827435
71834: 0.827438
71835: 0.82744
71836: 0.827443
71837: 0.827445
71838: 0.827447
71839: 0.82745
71840: 0.827452
71841: 0.827455
71842: 0.827457
71843: 0.827459
71844: 0.827462
71845: 0.827464
71846: 0.827467
71847: 0.827469
71848: 0.827472
71849: 0.827474
71850: 0.827476
71851: 0.827465
71852: 0.827467
71853: 0.82747
71854: 0.827472
71855: 0.827474
71856: 0.827477
71857: 0.827479
71858: 0.827482
71859: 0.827484
71860: 0.827486
71861: 0.827489
71862: 0.827491
71863: 0.827494
71864: 0.827496
71865: 0.827498
71866: 0.827501
71867: 0.827503
71868: 0.827506
71869: 0.827508
71870: 0.827496
71871: 0.827499
71872: 0.827501
71873: 0.827504
71874: 0.827506
71875: 0.827508
71876: 0.827511
71877: 0.827513
71878: 0.827516
71879: 0.827518
71880: 0.82752
71881: 0.827523
71882: 0.827525
71883: 0.827528
71884: 0.82753
71885: 0.827519
71886: 0.827521
71887: 0.827523
71888: 0.827526
71889: 0.827528
71890: 0.827531
71891: 0.827533
71892: 0.827535
71893: 0.827538
71894: 0.82754
71895: 0.827543
71896: 0.827531
71897: 0.827533
71898: 0.827536
71899: 0.827538
71900: 0.827527
71901: 0.827529
71902: 0.827532
71903: 0.827534
71904: 0.827536
71905: 0.827539
71906: 0.827541
71907: 0.827544
71908: 0.827546
71909: 0.827534
71910: 0.827537
71911: 0.827539
71912: 0.827528
71913: 0.827516
71914: 0.827519
71915: 0.827521
71916: 0.827523
71917: 0.827512
71918: 0.8275
71919: 0.827489
71920: 0.827491
71921: 0.827494
71922: 0.827496
71923: 0.827498
71924: 0.827487
71925: 0.827489
71926: 0.827492
71927: 0.827494
71928: 0.827497
71929: 0.827499
71930: 0.827501
71931: 0.827504
71932: 0.827506
71933: 0.827509
71934: 0.827511
71935: 0.827513
71936: 0.827516
71937: 0.827504
71938: 0.827507
71939: 0.827509
71940: 0.827511
71941: 0.8275
71942: 0.827502
71943: 0.827505
71944: 0.827507
71945: 0.82751
71946: 0.827512
71947: 0.827514
71948: 0.827517
71949: 0.827519
71950: 0.827522
71951: 0.827524
71952: 0.827512
71953: 0.827515
71954: 0.827517
71955: 0.82752
71956: 0.827508
71957: 0.827497
71958: 0.827499
71959: 0.827501
71960: 0.827504
71961: 0.827506
71962: 0.827495
71963: 0.827497
71964: 0.827499
71965: 0.827502
71966: 0.827504
71967: 0.827507
71968: 0.827509
71969: 0.827511
71970: 0.827514
71971: 0.827516
71972: 0.827519
71973: 0.827521
71974: 0.827523
71975: 0.827526
71976: 0.827528
71977: 0.827531
71978: 0.827519
71979: 0.827508
71980: 0.827496
71981: 0.827485
71982: 0.827473
71983: 0.827462
71984: 0.82745
71985: 0.827439
71986: 0.827441
71987: 0.827443
71988: 0.827446
71989: 0.827448
71990: 0.827437
71991: 0.827439
71992: 0.827442
71993: 0.827444
71994: 0.827446
71995: 0.827449
71996: 0.827451
71997: 0.827454
71998: 0.827456
71999: 0.827458
72000: 0.827461
72001: 0.827463
72002: 0.827466
72003: 0.827468
72004: 0.82747
72005: 0.827473
72006: 0.827475
72007: 0.827464
72008: 0.827466
72009: 0.827468
72010: 0.827471
72011: 0.827473
72012: 0.827476
72013: 0.827478
72014: 0.82748
72015: 0.827483
72016: 0.827471
72017: 0.827474
72018: 0.827476
72019: 0.827478
72020: 0.827481
72021: 0.827469
72022: 0.827458
72023: 0.827446
72024: 0.827435
72025: 0.827423
72026: 0.827412
72027: 0.827414
72028: 0.827417
72029: 0.827419
72030: 0.827422
72031: 0.827424
72032: 0.827426
72033: 0.827429
72034: 0.827431
72035: 0.827434
72036: 0.827436
72037: 0.827438
72038: 0.827441
72039: 0.827443
72040: 0.827445
72041: 0.827448
72042: 0.82745
72043: 0.827453
72044: 0.827455
72045: 0.827457
72046: 0.827446
72047: 0.827448
72048: 0.827451
72049: 0.827453
72050: 0.827456
72051: 0.827458
72052: 0.82746
72053: 0.827463
72054: 0.827465
72055: 0.827468
72056: 0.82747
72057: 0.827472
72058: 0.827475
72059: 0.827477
72060: 0.827479
72061: 0.827482
72062: 0.827484
72063: 0.827487
72064: 0.827489
72065: 0.827491
72066: 0.827494
72067: 0.827496
72068: 0.827499
72069: 0.827487
72070: 0.827476
72071: 0.827464
72072: 0.827453
72073: 0.827441
72074: 0.82743
72075: 0.827418
72076: 0.827421
72077: 0.827423
72078: 0.827412
72079: 0.827414
72080: 0.827403
72081: 0.827391
72082: 0.827393
72083: 0.827396
72084: 0.827398
72085: 0.827401
72086: 0.827403
72087: 0.827405
72088: 0.827408
72089: 0.82741
72090: 0.827413
72091: 0.827415
72092: 0.827417
72093: 0.827406
72094: 0.827394
72095: 0.827397
72096: 0.827399
72097: 0.827402
72098: 0.827404
72099: 0.827406
72100: 0.827409
72101: 0.827411
72102: 0.827414
72103: 0.827416
72104: 0.827404
72105: 0.827407
72106: 0.827409
72107: 0.827412
72108: 0.827414
72109: 0.827416
72110: 0.827419
72111: 0.827421
72112: 0.827424
72113: 0.827426
72114: 0.827428
72115: 0.827417
72116: 0.827419
72117: 0.827422
72118: 0.827424
72119: 0.827413
72120: 0.827401
72121: 0.82739
72122: 0.827378
72123: 0.827381
72124: 0.827383
72125: 0.827385
72126: 0.827388
72127: 0.82739
72128: 0.827393
72129: 0.827395
72130: 0.827397
72131: 0.8274
72132: 0.827402
72133: 0.827405
72134: 0.827407
72135: 0.827409
72136: 0.827412
72137: 0.827414
72138: 0.827417
72139: 0.827419
72140: 0.827407
72141: 0.82741
72142: 0.827412
72143: 0.827401
72144: 0.827403
72145: 0.827406
72146: 0.827408
72147: 0.82741
72148: 0.827413
72149: 0.827415
72150: 0.827417
72151: 0.82742
72152: 0.827422
72153: 0.827425
72154: 0.827427
72155: 0.827429
72156: 0.827432
72157: 0.827434
72158: 0.827437
72159: 0.827439
72160: 0.827441
72161: 0.827444
72162: 0.827446
72163: 0.827449
72164: 0.827451
72165: 0.827453
72166: 0.827442
72167: 0.827444
72168: 0.827447
72169: 0.827449
72170: 0.827451
72171: 0.827454
72172: 0.827456
72173: 0.827459
72174: 0.827461
72175: 0.827463
72176: 0.827466
72177: 0.827468
72178: 0.827471
72179: 0.827473
72180: 0.827462
72181: 0.82745
72182: 0.827439
72183: 0.827441
72184: 0.827443
72185: 0.827446
72186: 0.827448
72187: 0.827437
72188: 0.827425
72189: 0.827428
72190: 0.82743
72191: 0.827432
72192: 0.827435
72193: 0.827437
72194: 0.82744
72195: 0.827442
72196: 0.827444
72197: 0.827447
72198: 0.827449
72199: 0.827452
72200: 0.827454
72201: 0.827442
72202: 0.827431
72203: 0.82742
72204: 0.827408
72205: 0.827397
72206: 0.827399
72207: 0.827401
72208: 0.827404
72209: 0.827392
72210: 0.827395
72211: 0.827397
72212: 0.827399
72213: 0.827402
72214: 0.827404
72215: 0.827407
72216: 0.827409
72217: 0.827411
72218: 0.827414
72219: 0.827416
72220: 0.827419
72221: 0.827421
72222: 0.827423
72223: 0.827426
72224: 0.827428
72225: 0.827431
72226: 0.827433
72227: 0.827421
72228: 0.82741
72229: 0.827412
72230: 0.827415
72231: 0.827417
72232: 0.82742
72233: 0.827422
72234: 0.827424
72235: 0.827427
72236: 0.827429
72237: 0.827432
72238: 0.827434
72239: 0.827436
72240: 0.827439
72241: 0.827441
72242: 0.827443
72243: 0.827446
72244: 0.827448
72245: 0.827451
72246: 0.827453
72247: 0.827455
72248: 0.827458
72249: 0.82746
72250: 0.827463
72251: 0.827465
72252: 0.827454
72253: 0.827456
72254: 0.827458
72255: 0.827461
72256: 0.827463
72257: 0.827452
72258: 0.827454
72259: 0.827456
72260: 0.827459
72261: 0.827461
72262: 0.827464
72263: 0.827466
72264: 0.827468
72265: 0.827471
72266: 0.827473
72267: 0.827476
72268: 0.827478
72269: 0.82748
72270: 0.827483
72271: 0.827485
72272: 0.827487
72273: 0.82749
72274: 0.827478
72275: 0.827481
72276: 0.827483
72277: 0.827486
72278: 0.827474
72279: 0.827463
72280: 0.827451
72281: 0.82744
72282: 0.827442
72283: 0.827445
72284: 0.827447
72285: 0.827449
72286: 0.827452
72287: 0.827454
72288: 0.827456
72289: 0.827459
72290: 0.827461
72291: 0.827464
72292: 0.827466
72293: 0.827468
72294: 0.827471
72295: 0.827473
72296: 0.827476
72297: 0.827478
72298: 0.82748
72299: 0.827469
72300: 0.827457
72301: 0.82746
72302: 0.827462
72303: 0.827465
72304: 0.827467
72305: 0.827469
72306: 0.827472
72307: 0.827474
72308: 0.827477
72309: 0.827479
72310: 0.827481
72311: 0.827484
72312: 0.827486
72313: 0.827488
72314: 0.827491
72315: 0.827493
72316: 0.827496
72317: 0.827498
72318: 0.8275
72319: 0.827503
72320: 0.827505
72321: 0.827508
72322: 0.82751
72323: 0.827512
72324: 0.827515
72325: 0.827517
72326: 0.827519
72327: 0.827522
72328: 0.827524
72329: 0.827527
72330: 0.827529
72331: 0.827531
72332: 0.827534
72333: 0.827536
72334: 0.827539
72335: 0.827541
72336: 0.827529
72337: 0.827532
72338: 0.82752
72339: 0.827523
72340: 0.827525
72341: 0.827528
72342: 0.827516
72343: 0.827519
72344: 0.827521
72345: 0.827523
72346: 0.827526
72347: 0.827514
72348: 0.827517
72349: 0.827519
72350: 0.827521
72351: 0.827524
72352: 0.827526
72353: 0.827529
72354: 0.827517
72355: 0.827506
72356: 0.827508
72357: 0.827497
72358: 0.827485
72359: 0.827474
72360: 0.827476
72361: 0.827479
72362: 0.827481
72363: 0.827483
72364: 0.827486
72365: 0.827488
72366: 0.82749
72367: 0.827479
72368: 0.827481
72369: 0.827484
72370: 0.827486
72371: 0.827489
72372: 0.827491
72373: 0.827493
72374: 0.827496
72375: 0.827498
72376: 0.8275
72377: 0.827503
72378: 0.827491
72379: 0.827494
72380: 0.827496
72381: 0.827499
72382: 0.827501
72383: 0.82749
72384: 0.827492
72385: 0.827494
72386: 0.827497
72387: 0.827499
72388: 0.827501
72389: 0.827504
72390: 0.827506
72391: 0.827509
72392: 0.827511
72393: 0.827513
72394: 0.827516
72395: 0.827518
72396: 0.82752
72397: 0.827523
72398: 0.827511
72399: 0.827514
72400: 0.827516
72401: 0.827519
72402: 0.827521
72403: 0.827523
72404: 0.827526
72405: 0.827528
72406: 0.82753
72407: 0.827533
72408: 0.827535
72409: 0.827524
72410: 0.827526
72411: 0.827529
72412: 0.827531
72413: 0.827533
72414: 0.827522
72415: 0.82751
72416: 0.827499
72417: 0.827488
72418: 0.82749
72419: 0.827492
72420: 0.827495
72421: 0.827497
72422: 0.8275
72423: 0.827502
72424: 0.827491
72425: 0.827493
72426: 0.827495
72427: 0.827498
72428: 0.8275
72429: 0.827502
72430: 0.827505
72431: 0.827507
72432: 0.82751
72433: 0.827512
72434: 0.827514
72435: 0.827517
72436: 0.827519
72437: 0.827521
72438: 0.827524
72439: 0.827526
72440: 0.827529
72441: 0.827531
72442: 0.827533
72443: 0.827536
72444: 0.827538
72445: 0.827541
72446: 0.827543
72447: 0.827545
72448: 0.827534
72449: 0.827536
72450: 0.827539
72451: 0.827541
72452: 0.827543
72453: 0.827546
72454: 0.827548
72455: 0.827551
72456: 0.827553
72457: 0.827555
72458: 0.827558
72459: 0.82756
72460: 0.827549
72461: 0.827551
72462: 0.827553
72463: 0.827556
72464: 0.827558
72465: 0.827561
72466: 0.827563
72467: 0.827565
72468: 0.827568
72469: 0.82757
72470: 0.827572
72471: 0.827575
72472: 0.827577
72473: 0.82758
72474: 0.827582
72475: 0.827584
72476: 0.827587
72477: 0.827589
72478: 0.827591
72479: 0.827594
72480: 0.827582
72481: 0.827585
72482: 0.827587
72483: 0.82759
72484: 0.827592
72485: 0.827594
72486: 0.827597
72487: 0.827599
72488: 0.827601
72489: 0.82759
72490: 0.827579
72491: 0.827581
72492: 0.827583
72493: 0.827572
72494: 0.827561
72495: 0.827563
72496: 0.827565
72497: 0.827568
72498: 0.82757
72499: 0.827559
72500: 0.827547
72501: 0.82755
72502: 0.827552
72503: 0.827554
72504: 0.827557
72505: 0.827559
72506: 0.827561
72507: 0.827564
72508: 0.827566
72509: 0.827569
72510: 0.827571
72511: 0.827573
72512: 0.827576
72513: 0.827578
72514: 0.827581
72515: 0.827583
72516: 0.827585
72517: 0.827588
72518: 0.827576
72519: 0.827565
72520: 0.827567
72521: 0.82757
72522: 0.827558
72523: 0.827547
72524: 0.827535
72525: 0.827538
72526: 0.82754
72527: 0.827542
72528: 0.827545
72529: 0.827547
72530: 0.82755
72531: 0.827552
72532: 0.827554
72533: 0.827543
72534: 0.827532
72535: 0.82752
72536: 0.827509
72537: 0.827511
72538: 0.827513
72539: 0.827516
72540: 0.827518
72541: 0.827521
72542: 0.827509
72543: 0.827512
72544: 0.827514
72545: 0.827516
72546: 0.827505
72547: 0.827507
72548: 0.82751
72549: 0.827512
72550: 0.827514
72551: 0.827517
72552: 0.827519
72553: 0.827522
72554: 0.827524
72555: 0.827526
72556: 0.827529
72557: 0.827531
72558: 0.827533
72559: 0.827536
72560: 0.827538
72561: 0.827541
72562: 0.827543
72563: 0.827545
72564: 0.827548
72565: 0.82755
72566: 0.827539
72567: 0.827541
72568: 0.827543
72569: 0.827546
72570: 0.827548
72571: 0.827551
72572: 0.827553
72573: 0.827555
72574: 0.827558
72575: 0.82756
72576: 0.827562
72577: 0.827565
72578: 0.827553
72579: 0.827542
72580: 0.827531
72581: 0.827533
72582: 0.827535
72583: 0.827538
72584: 0.827526
72585: 0.827515
72586: 0.827517
72587: 0.82752
72588: 0.827522
72589: 0.827524
72590: 0.827527
72591: 0.827529
72592: 0.827532
72593: 0.827534
72594: 0.827536
72595: 0.827539
72596: 0.827541
72597: 0.827543
72598: 0.827546
72599: 0.827548
72600: 0.827551
72601: 0.827539
72602: 0.827528
72603: 0.82753
72604: 0.827533
72605: 0.827535
72606: 0.827537
72607: 0.82754
72608: 0.827542
72609: 0.827544
72610: 0.827533
72611: 0.827522
72612: 0.827524
72613: 0.827526
72614: 0.827529
72615: 0.827531
72616: 0.827533
72617: 0.827536
72618: 0.827538
72619: 0.827541
72620: 0.827543
72621: 0.827545
72622: 0.827548
72623: 0.82755
72624: 0.827552
72625: 0.827555
72626: 0.827557
72627: 0.82756
72628: 0.827562
72629: 0.827564
72630: 0.827567
72631: 0.827569
72632: 0.827571
72633: 0.82756
72634: 0.827549
72635: 0.827551
72636: 0.827553
72637: 0.827556
72638: 0.827558
72639: 0.827561
72640: 0.827563
72641: 0.827565
72642: 0.827554
72643: 0.827556
72644: 0.827559
72645: 0.827561
72646: 0.827563
72647: 0.827566
72648: 0.827568
72649: 0.827571
72650: 0.827573
72651: 0.827562
72652: 0.82755
72653: 0.827539
72654: 0.827541
72655: 0.827543
72656: 0.827546
72657: 0.827548
72658: 0.827551
72659: 0.827553
72660: 0.827542
72661: 0.827544
72662: 0.827546
72663: 0.827549
72664: 0.827551
72665: 0.827553
72666: 0.827556
72667: 0.827558
72668: 0.827547
72669: 0.827535
72670: 0.827538
72671: 0.82754
72672: 0.827543
72673: 0.827545
72674: 0.827547
72675: 0.827536
72676: 0.827525
72677: 0.827527
72678: 0.827529
72679: 0.827532
72680: 0.827534
72681: 0.827536
72682: 0.827539
72683: 0.827541
72684: 0.827544
72685: 0.827546
72686: 0.827548
72687: 0.827551
72688: 0.827553
72689: 0.827555
72690: 0.827558
72691: 0.82756
72692: 0.827562
72693: 0.827565
72694: 0.827567
72695: 0.82757
72696: 0.827572
72697: 0.827574
72698: 0.827577
72699: 0.827565
72700: 0.827568
72701: 0.82757
72702: 0.827559
72703: 0.827561
72704: 0.827563
72705: 0.827552
72706: 0.827554
72707: 0.827557
72708: 0.827559
72709: 0.827562
72710: 0.827564
72711: 0.827566
72712: 0.827555
72713: 0.827557
72714: 0.82756
72715: 0.827562
72716: 0.827564
72717: 0.827567
72718: 0.827555
72719: 0.827544
72720: 0.827546
72721: 0.827549
72722: 0.827551
72723: 0.827553
72724: 0.827556
72725: 0.827558
72726: 0.827561
72727: 0.827563
72728: 0.827565
72729: 0.827568
72730: 0.82757
72731: 0.827572
72732: 0.827561
72733: 0.827563
72734: 0.827566
72735: 0.827568
72736: 0.827571
72737: 0.827573
72738: 0.827575
72739: 0.827578
72740: 0.82758
72741: 0.827582
72742: 0.827585
72743: 0.827587
72744: 0.82759
72745: 0.827592
72746: 0.827594
72747: 0.827597
72748: 0.827599
72749: 0.827601
72750: 0.827604
72751: 0.827606
72752: 0.827608
72753: 0.827611
72754: 0.827613
72755: 0.827616
72756: 0.827618
72757: 0.82762
72758: 0.827623
72759: 0.827611
72760: 0.827614
72761: 0.827616
72762: 0.827605
72763: 0.827593
72764: 0.827596
72765: 0.827598
72766: 0.8276
72767: 0.827589
72768: 0.827591
72769: 0.827594
72770: 0.827596
72771: 0.827599
72772: 0.827601
72773: 0.827603
72774: 0.827606
72775: 0.827608
72776: 0.82761
72777: 0.827613
72778: 0.827615
72779: 0.827617
72780: 0.82762
72781: 0.827608
72782: 0.827611
72783: 0.827613
72784: 0.827616
72785: 0.827618
72786: 0.82762
72787: 0.827623
72788: 0.827625
72789: 0.827627
72790: 0.82763
72791: 0.827618
72792: 0.827621
72793: 0.827623
72794: 0.827626
72795: 0.827628
72796: 0.82763
72797: 0.827633
72798: 0.827621
72799: 0.82761
72800: 0.827612
72801: 0.827615
72802: 0.827617
72803: 0.827619
72804: 0.827608
72805: 0.827597
72806: 0.827599
72807: 0.827601
72808: 0.827604
72809: 0.827606
72810: 0.827608
72811: 0.827611
72812: 0.827613
72813: 0.827616
72814: 0.827618
72815: 0.82762
72816: 0.827623
72817: 0.827625
72818: 0.827627
72819: 0.82763
72820: 0.827632
72821: 0.827635
72822: 0.827637
72823: 0.827639
72824: 0.827642
72825: 0.827644
72826: 0.827633
72827: 0.827635
72828: 0.827637
72829: 0.82764
72830: 0.827642
72831: 0.827644
72832: 0.827633
72833: 0.827622
72834: 0.827624
72835: 0.827626
72836: 0.827629
72837: 0.827631
72838: 0.827634
72839: 0.827636
72840: 0.827638
72841: 0.827627
72842: 0.827629
72843: 0.827632
72844: 0.827634
72845: 0.827636
72846: 0.827625
72847: 0.827627
72848: 0.82763
72849: 0.827632
72850: 0.827634
72851: 0.827637
72852: 0.827639
72853: 0.827628
72854: 0.82763
72855: 0.827633
72856: 0.827621
72857: 0.82761
72858: 0.827612
72859: 0.827615
72860: 0.827617
72861: 0.827619
72862: 0.827622
72863: 0.827624
72864: 0.827626
72865: 0.827629
72866: 0.827631
72867: 0.827634
72868: 0.827636
72869: 0.827638
72870: 0.827641
72871: 0.827643
72872: 0.827645
72873: 0.827648
72874: 0.82765
72875: 0.827652
72876: 0.827655
72877: 0.827657
72878: 0.82766
72879: 0.827648
72880: 0.827637
72881: 0.827639
72882: 0.827642
72883: 0.827644
72884: 0.827646
72885: 0.827649
72886: 0.827651
72887: 0.827653
72888: 0.827656
72889: 0.827658
72890: 0.827647
72891: 0.827649
72892: 0.827651
72893: 0.827654
72894: 0.827656
72895: 0.827659
72896: 0.827661
72897: 0.827663
72898: 0.827666
72899: 0.827668
72900: 0.82767
72901: 0.827673
72902: 0.827675
72903: 0.827677
72904: 0.82768
72905: 0.827682
72906: 0.827685
72907: 0.827687
72908: 0.827689
72909: 0.827692
72910: 0.827694
72911: 0.827696
72912: 0.827699
72913: 0.827701
72914: 0.827703
72915: 0.827706
72916: 0.827708
72917: 0.827711
72918: 0.827713
72919: 0.827715
72920: 0.827718
72921: 0.82772
72922: 0.827722
72923: 0.827725
72924: 0.827727
72925: 0.827729
72926: 0.827732
72927: 0.827734
72928: 0.827737
72929: 0.827739
72930: 0.827741
72931: 0.827744
72932: 0.827746
72933: 0.827748
72934: 0.827751
72935: 0.827739
72936: 0.827728
72937: 0.827717
72938: 0.827719
72939: 0.827721
72940: 0.827724
72941: 0.827712
72942: 0.827701
72943: 0.82769
72944: 0.827692
72945: 0.827681
72946: 0.827683
72947: 0.827685
72948: 0.827688
72949: 0.82769
72950: 0.827679
72951: 0.827668
72952: 0.82767
72953: 0.827672
72954: 0.827675
72955: 0.827677
72956: 0.827679
72957: 0.827682
72958: 0.82767
72959: 0.827673
72960: 0.827675
72961: 0.827677
72962: 0.82768
72963: 0.827682
72964: 0.827685
72965: 0.827687
72966: 0.827689
72967: 0.827692
72968: 0.827694
72969: 0.827696
72970: 0.827699
72971: 0.827701
72972: 0.827703
72973: 0.827692
72974: 0.827681
72975: 0.827683
72976: 0.827685
72977: 0.827674
72978: 0.827676
72979: 0.827679
72980: 0.827681
72981: 0.827684
72982: 0.827686
72983: 0.827688
72984: 0.827691
72985: 0.827693
72986: 0.827695
72987: 0.827684
72988: 0.827686
72989: 0.827689
72990: 0.827691
72991: 0.827693
72992: 0.827696
72993: 0.827684
72994: 0.827673
72995: 0.827675
72996: 0.827678
72997: 0.82768
72998: 0.827683
72999: 0.827685
73000: 0.827687
73001: 0.82769
73002: 0.827692
73003: 0.827694
73004: 0.827697
73005: 0.827699
73006: 0.827701
73007: 0.827704
73008: 0.827706
73009: 0.827709
73010: 0.827711
73011: 0.827713
73012: 0.827716
73013: 0.827718
73014: 0.82772
73015: 0.827723
73016: 0.827725
73017: 0.827727
73018: 0.82773
73019: 0.827718
73020: 0.827721
73021: 0.827709
73022: 0.827712
73023: 0.827714
73024: 0.827717
73025: 0.827705
73026: 0.827694
73027: 0.827696
73028: 0.827699
73029: 0.827687
73030: 0.827676
73031: 0.827678
73032: 0.827681
73033: 0.827683
73034: 0.827685
73035: 0.827688
73036: 0.827676
73037: 0.827679
73038: 0.827681
73039: 0.827683
73040: 0.827686
73041: 0.827688
73042: 0.827677
73043: 0.827679
73044: 0.827682
73045: 0.827684
73046: 0.827686
73047: 0.827689
73048: 0.827691
73049: 0.827693
73050: 0.827696
73051: 0.827698
73052: 0.8277
73053: 0.827703
73054: 0.827705
73055: 0.827708
73056: 0.82771
73057: 0.827712
73058: 0.827715
73059: 0.827717
73060: 0.827719
73061: 0.827722
73062: 0.827724
73063: 0.827713
73064: 0.827715
73065: 0.827717
73066: 0.82772
73067: 0.827722
73068: 0.827724
73069: 0.827727
73070: 0.827729
73071: 0.827732
73072: 0.827734
73073: 0.827736
73074: 0.827739
73075: 0.827741
73076: 0.827743
73077: 0.827746
73078: 0.827748
73079: 0.82775
73080: 0.827753
73081: 0.827755
73082: 0.827757
73083: 0.82776
73084: 0.827762
73085: 0.827765
73086: 0.827767
73087: 0.827756
73088: 0.827758
73089: 0.82776
73090: 0.827763
73091: 0.827765
73092: 0.827767
73093: 0.82777
73094: 0.827772
73095: 0.827774
73096: 0.827777
73097: 0.827779
73098: 0.827782
73099: 0.827784
73100: 0.827773
73101: 0.827761
73102: 0.827764
73103: 0.827766
73104: 0.827768
73105: 0.827771
73106: 0.827759
73107: 0.827762
73108: 0.827764
73109: 0.827766
73110: 0.827769
73111: 0.827771
73112: 0.82776
73113: 0.827748
73114: 0.827751
73115: 0.827739
73116: 0.827742
73117: 0.827744
73118: 0.827733
73119: 0.827735
73120: 0.827738
73121: 0.82774
73122: 0.827742
73123: 0.827745
73124: 0.827747
73125: 0.827749
73126: 0.827752
73127: 0.82774
73128: 0.827743
73129: 0.827745
73130: 0.827747
73131: 0.82775
73132: 0.827752
73133: 0.827755
73134: 0.827757
73135: 0.827759
73136: 0.827762
73137: 0.827764
73138: 0.827766
73139: 0.827769
73140: 0.827771
73141: 0.827773
73142: 0.827776
73143: 0.827778
73144: 0.82778
73145: 0.827783
73146: 0.827785
73147: 0.827787
73148: 0.82779
73149: 0.827792
73150: 0.827795
73151: 0.827797
73152: 0.827799
73153: 0.827788
73154: 0.82779
73155: 0.827793
73156: 0.827795
73157: 0.827797
73158: 0.8278
73159: 0.827802
73160: 0.827804
73161: 0.827807
73162: 0.827795
73163: 0.827798
73164: 0.8278
73165: 0.827803
73166: 0.827805
73167: 0.827794
73168: 0.827796
73169: 0.827798
73170: 0.827801
73171: 0.827803
73172: 0.827792
73173: 0.827794
73174: 0.827783
73175: 0.827785
73176: 0.827787
73177: 0.82779
73178: 0.827792
73179: 0.827794
73180: 0.827797
73181: 0.827799
73182: 0.827802
73183: 0.827804
73184: 0.827793
73185: 0.827781
73186: 0.82777
73187: 0.827772
73188: 0.827775
73189: 0.827777
73190: 0.827779
73191: 0.827782
73192: 0.827784
73193: 0.827786
73194: 0.827775
73195: 0.827777
73196: 0.82778
73197: 0.827782
73198: 0.827785
73199: 0.827787
73200: 0.827789
73201: 0.827792
73202: 0.827794
73203: 0.827796
73204: 0.827799
73205: 0.827801
73206: 0.827803
73207: 0.827792
73208: 0.827794
73209: 0.827783
73210: 0.827785
73211: 0.827788
73212: 0.82779
73213: 0.827792
73214: 0.827795
73215: 0.827797
73216: 0.8278
73217: 0.827802
73218: 0.827804
73219: 0.827807
73220: 0.827795
73221: 0.827784
73222: 0.827786
73223: 0.827789
73224: 0.827791
73225: 0.827793
73226: 0.827796
73227: 0.827798
73228: 0.8278
73229: 0.827803
73230: 0.827805
73231: 0.827808
73232: 0.82781
73233: 0.827812
73234: 0.827801
73235: 0.827803
73236: 0.827806
73237: 0.827794
73238: 0.827797
73239: 0.827799
73240: 0.827801
73241: 0.827804
73242: 0.827806
73243: 0.827808
73244: 0.827811
73245: 0.827813
73246: 0.827815
73247: 0.827818
73248: 0.82782
73249: 0.827823
73250: 0.827825
73251: 0.827827
73252: 0.82783
73253: 0.827832
73254: 0.827834
73255: 0.827837
73256: 0.827839
73257: 0.827841
73258: 0.827844
73259: 0.827846
73260: 0.827835
73261: 0.827837
73262: 0.827839
73263: 0.827842
73264: 0.827844
73265: 0.827846
73266: 0.827849
73267: 0.827851
73268: 0.827854
73269: 0.827856
73270: 0.827858
73271: 0.827861
73272: 0.827863
73273: 0.827865
73274: 0.827868
73275: 0.827856
73276: 0.827859
73277: 0.827861
73278: 0.827863
73279: 0.827866
73280: 0.827868
73281: 0.82787
73282: 0.827873
73283: 0.827875
73284: 0.827877
73285: 0.82788
73286: 0.827882
73287: 0.827885
73288: 0.827887
73289: 0.827889
73290: 0.827892
73291: 0.827894
73292: 0.827896
73293: 0.827899
73294: 0.827901
73295: 0.827903
73296: 0.827906
73297: 0.827908
73298: 0.82791
73299: 0.827913
73300: 0.827915
73301: 0.827917
73302: 0.82792
73303: 0.827922
73304: 0.827924
73305: 0.827913
73306: 0.827915
73307: 0.827904
73308: 0.827907
73309: 0.827895
73310: 0.827884
73311: 0.827873
73312: 0.827875
73313: 0.827864
73314: 0.827866
73315: 0.827868
73316: 0.827871
73317: 0.827873
73318: 0.827875
73319: 0.827878
73320: 0.82788
73321: 0.827869
73322: 0.827871
73323: 0.827874
73324: 0.827876
73325: 0.827878
73326: 0.827881
73327: 0.827883
73328: 0.827885
73329: 0.827888
73330: 0.82789
73331: 0.827892
73332: 0.827895
73333: 0.827897
73334: 0.827899
73335: 0.827888
73336: 0.82789
73337: 0.827879
73338: 0.827881
73339: 0.827884
73340: 0.827886
73341: 0.827889
73342: 0.827891
73343: 0.82788
73344: 0.827868
73345: 0.827871
73346: 0.827873
73347: 0.827875
73348: 0.827878
73349: 0.82788
73350: 0.827882
73351: 0.827885
73352: 0.827887
73353: 0.827889
73354: 0.827892
73355: 0.827894
73356: 0.827883
73357: 0.827885
73358: 0.827888
73359: 0.82789
73360: 0.827892
73361: 0.827895
73362: 0.827897
73363: 0.827899
73364: 0.827888
73365: 0.82789
73366: 0.827893
73367: 0.827895
73368: 0.827897
73369: 0.8279
73370: 0.827902
73371: 0.827904
73372: 0.827907
73373: 0.827909
73374: 0.827911
73375: 0.827914
73376: 0.827916
73377: 0.827918
73378: 0.827921
73379: 0.827923
73380: 0.827925
73381: 0.827928
73382: 0.82793
73383: 0.827933
73384: 0.827935
73385: 0.827937
73386: 0.82794
73387: 0.827942
73388: 0.827944
73389: 0.827947
73390: 0.827949
73391: 0.827951
73392: 0.827954
73393: 0.827956
73394: 0.827958
73395: 0.827947
73396: 0.827949
73397: 0.827952
73398: 0.827954
73399: 0.827956
73400: 0.827959
73401: 0.827947
73402: 0.82795
73403: 0.827952
73404: 0.827954
73405: 0.827957
73406: 0.827946
73407: 0.827934
73408: 0.827923
73409: 0.827925
73410: 0.827928
73411: 0.82793
73412: 0.827932
73413: 0.827935
73414: 0.827937
73415: 0.827939
73416: 0.827942
73417: 0.827944
73418: 0.827946
73419: 0.827949
73420: 0.827951
73421: 0.827953
73422: 0.827956
73423: 0.827958
73424: 0.827961
73425: 0.827963
73426: 0.827965
73427: 0.827968
73428: 0.82797
73429: 0.827972
73430: 0.827961
73431: 0.827963
73432: 0.827966
73433: 0.827968
73434: 0.82797
73435: 0.827973
73436: 0.827975
73437: 0.827977
73438: 0.82798
73439: 0.827982
73440: 0.827984
73441: 0.827987
73442: 0.827989
73443: 0.827991
73444: 0.827994
73445: 0.827996
73446: 0.827998
73447: 0.828001
73448: 0.828003
73449: 0.828005
73450: 0.828008
73451: 0.82801
73452: 0.827999
73453: 0.827988
73454: 0.827976
73455: 0.827979
73456: 0.827967
73457: 0.827956
73458: 0.827945
73459: 0.827947
73460: 0.82795
73461: 0.827952
73462: 0.827941
73463: 0.827943
73464: 0.827945
73465: 0.827948
73466: 0.82795
73467: 0.827952
73468: 0.827955
73469: 0.827957
73470: 0.827959
73471: 0.827962
73472: 0.827964
73473: 0.827966
73474: 0.827969
73475: 0.827971
73476: 0.827973
73477: 0.827976
73478: 0.827978
73479: 0.82798
73480: 0.827969
73481: 0.827958
73482: 0.827947
73483: 0.827935
73484: 0.827924
73485: 0.827913
73486: 0.827902
73487: 0.82789
73488: 0.827893
73489: 0.827895
73490: 0.827897
73491: 0.8279
73492: 0.827902
73493: 0.827904
73494: 0.827907
73495: 0.827909
73496: 0.827911
73497: 0.827914
73498: 0.827916
73499: 0.827918
73500: 0.827921
73501: 0.827923
73502: 0.827925
73503: 0.827928
73504: 0.82793
73505: 0.827932
73506: 0.827935
73507: 0.827923
73508: 0.827926
73509: 0.827928
73510: 0.827917
73511: 0.827906
73512: 0.827908
73513: 0.82791
73514: 0.827913
73515: 0.827915
73516: 0.827917
73517: 0.82792
73518: 0.827922
73519: 0.827924
73520: 0.827927
73521: 0.827929
73522: 0.827931
73523: 0.827934
73524: 0.827936
73525: 0.827938
73526: 0.827927
73527: 0.827929
73528: 0.827932
73529: 0.827934
73530: 0.827937
73531: 0.827939
73532: 0.827941
73533: 0.827944
73534: 0.827946
73535: 0.827948
73536: 0.827951
73537: 0.827953
73538: 0.827955
73539: 0.827958
73540: 0.82796
73541: 0.827962
73542: 0.827965
73543: 0.827967
73544: 0.827969
73545: 0.827972
73546: 0.827974
73547: 0.827976
73548: 0.827979
73549: 0.827981
73550: 0.82797
73551: 0.827972
73552: 0.827974
73553: 0.827977
73554: 0.827965
73555: 0.827954
73556: 0.827957
73557: 0.827959
73558: 0.827961
73559: 0.827964
73560: 0.827966
73561: 0.827968
73562: 0.827971
73563: 0.827973
73564: 0.827975
73565: 0.827978
73566: 0.82798
73567: 0.827982
73568: 0.827985
73569: 0.827987
73570: 0.827989
73571: 0.827992
73572: 0.827994
73573: 0.827996
73574: 0.827999
73575: 0.828001
73576: 0.828003
73577: 0.828006
73578: 0.827994
73579: 0.827997
73580: 0.827985
73581: 0.827974
73582: 0.827963
73583: 0.827952
73584: 0.82794
73585: 0.827943
73586: 0.827945
73587: 0.827947
73588: 0.82795
73589: 0.827952
73590: 0.827955
73591: 0.827957
73592: 0.827959
73593: 0.827962
73594: 0.827964
73595: 0.827966
73596: 0.827969
73597: 0.827971
73598: 0.827973
73599: 0.827976
73600: 0.827978
73601: 0.827967
73602: 0.827969
73603: 0.827971
73604: 0.827974
73605: 0.827976
73606: 0.827978
73607: 0.827981
73608: 0.827983
73609: 0.827985
73610: 0.827988
73611: 0.82799
73612: 0.827992
73613: 0.827995
73614: 0.827997
73615: 0.827999
73616: 0.828002
73617: 0.82799
73618: 0.827993
73619: 0.827995
73620: 0.827997
73621: 0.828
73622: 0.827989
73623: 0.827991
73624: 0.82798
73625: 0.827968
73626: 0.827957
73627: 0.827946
73628: 0.827948
73629: 0.827951
73630: 0.827953
73631: 0.827955
73632: 0.827958
73633: 0.82796
73634: 0.827962
73635: 0.827965
73636: 0.827967
73637: 0.827969
73638: 0.827972
73639: 0.827974
73640: 0.827976
73641: 0.827979
73642: 0.827967
73643: 0.827956
73644: 0.827945
73645: 0.827934
73646: 0.827922
73647: 0.827925
73648: 0.827927
73649: 0.827929
73650: 0.827932
73651: 0.82792
73652: 0.827923
73653: 0.827925
73654: 0.827927
73655: 0.82793
73656: 0.827932
73657: 0.827921
73658: 0.82791
73659: 0.827898
73660: 0.827887
73661: 0.82789
73662: 0.827878
73663: 0.827881
73664: 0.827883
73665: 0.827885
73666: 0.827888
73667: 0.82789
73668: 0.827879
73669: 0.827881
73670: 0.827883
73671: 0.827886
73672: 0.827888
73673: 0.82789
73674: 0.827879
73675: 0.827882
73676: 0.827884
73677: 0.827886
73678: 0.827889
73679: 0.827891
73680: 0.827893
73681: 0.827896
73682: 0.827898
73683: 0.8279
73684: 0.827903
73685: 0.827905
73686: 0.827907
73687: 0.82791
73688: 0.827912
73689: 0.827914
73690: 0.827917
73691: 0.827919
73692: 0.827921
73693: 0.827924
73694: 0.827912
73695: 0.827915
73696: 0.827917
73697: 0.827919
73698: 0.827922
73699: 0.827924
73700: 0.827926
73701: 0.827929
73702: 0.827931
73703: 0.82792
73704: 0.827922
73705: 0.827924
73706: 0.827913
73707: 0.827916
73708: 0.827918
73709: 0.82792
73710: 0.827909
73711: 0.827911
73712: 0.827914
73713: 0.827902
73714: 0.827905
73715: 0.827907
73716: 0.827909
73717: 0.827912
73718: 0.827914
73719: 0.827916
73720: 0.827919
73721: 0.827921
73722: 0.827923
73723: 0.827912
73724: 0.827915
73725: 0.827917
73726: 0.827919
73727: 0.827922
73728: 0.827924
73729: 0.827926
73730: 0.827929
73731: 0.827931
73732: 0.827933
73733: 0.827936
73734: 0.827938
73735: 0.82794
73736: 0.827929
73737: 0.827918
73738: 0.82792
73739: 0.827922
73740: 0.827925
73741: 0.827927
73742: 0.827929
73743: 0.827932
73744: 0.827934
73745: 0.827936
73746: 0.827939
73747: 0.827941
73748: 0.827943
73749: 0.827946
73750: 0.827948
73751: 0.82795
73752: 0.827939
73753: 0.827942
73754: 0.827944
73755: 0.827946
73756: 0.827949
73757: 0.827951
73758: 0.827953
73759: 0.827956
73760: 0.827944
73761: 0.827933
73762: 0.827935
73763: 0.827938
73764: 0.82794
73765: 0.827929
73766: 0.827931
73767: 0.827934
73768: 0.827936
73769: 0.827938
73770: 0.827941
73771: 0.827943
73772: 0.827945
73773: 0.827948
73774: 0.82795
73775: 0.827952
73776: 0.827955
73777: 0.827957
73778: 0.827959
73779: 0.827948
73780: 0.82795
73781: 0.827953
73782: 0.827955
73783: 0.827957
73784: 0.82796
73785: 0.827962
73786: 0.827964
73787: 0.827967
73788: 0.827969
73789: 0.827971
73790: 0.82796
73791: 0.827962
73792: 0.827965
73793: 0.827967
73794: 0.827956
73795: 0.827945
73796: 0.827933
73797: 0.827936
73798: 0.827938
73799: 0.827927
73800: 0.827916
73801: 0.827904
73802: 0.827907
73803: 0.827909
73804: 0.827911
73805: 0.827914
73806: 0.827916
73807: 0.827918
73808: 0.827921
73809: 0.827923
73810: 0.827925
73811: 0.827914
73812: 0.827903
73813: 0.827892
73814: 0.827881
73815: 0.827869
73816: 0.827872
73817: 0.827874
73818: 0.827863
73819: 0.827852
73820: 0.82784
73821: 0.827829
73822: 0.827831
73823: 0.827834
73824: 0.827836
73825: 0.827838
73826: 0.827841
73827: 0.827843
73828: 0.827845
73829: 0.827848
73830: 0.82785
73831: 0.827852
73832: 0.827855
73833: 0.827857
73834: 0.827859
73835: 0.827862
73836: 0.827851
73837: 0.827853
73838: 0.827855
73839: 0.827858
73840: 0.82786
73841: 0.827862
73842: 0.827851
73843: 0.827853
73844: 0.827856
73845: 0.827858
73846: 0.82786
73847: 0.827863
73848: 0.827865
73849: 0.827867
73850: 0.82787
73851: 0.827872
73852: 0.827874
73853: 0.827877
73854: 0.827879
73855: 0.827881
73856: 0.827884
73857: 0.827886
73858: 0.827888
73859: 0.827877
73860: 0.827866
73861: 0.827868
73862: 0.827857
73863: 0.827859
73864: 0.827862
73865: 0.827864
73866: 0.827853
73867: 0.827855
73868: 0.827857
73869: 0.82786
73870: 0.827849
73871: 0.827851
73872: 0.827853
73873: 0.827856
73874: 0.827858
73875: 0.82786
73876: 0.827863
73877: 0.827865
73878: 0.827867
73879: 0.827856
73880: 0.827858
73881: 0.827861
73882: 0.827863
73883: 0.827865
73884: 0.827868
73885: 0.82787
73886: 0.827872
73887: 0.827875
73888: 0.827877
73889: 0.827879
73890: 0.827882
73891: 0.827884
73892: 0.827886
73893: 0.827889
73894: 0.827891
73895: 0.827893
73896: 0.827882
73897: 0.827884
73898: 0.827873
73899: 0.827876
73900: 0.827878
73901: 0.82788
73902: 0.827869
73903: 0.827871
73904: 0.827874
73905: 0.827876
73906: 0.827878
73907: 0.827881
73908: 0.827883
73909: 0.827885
73910: 0.827888
73911: 0.82789
73912: 0.827892
73913: 0.827895
73914: 0.827897
73915: 0.827899
73916: 0.827902
73917: 0.827904
73918: 0.827906
73919: 0.827909
73920: 0.827911
73921: 0.827913
73922: 0.827916
73923: 0.827918
73924: 0.82792
73925: 0.827923
73926: 0.827925
73927: 0.827914
73928: 0.827916
73929: 0.827918
73930: 0.827921
73931: 0.827923
73932: 0.827925
73933: 0.827928
73934: 0.82793
73935: 0.827932
73936: 0.827935
73937: 0.827937
73938: 0.827939
73939: 0.827942
73940: 0.82793
73941: 0.827919
73942: 0.827908
73943: 0.82791
73944: 0.827913
73945: 0.827915
73946: 0.827917
73947: 0.82792
73948: 0.827922
73949: 0.827924
73950: 0.827927
73951: 0.827929
73952: 0.827931
73953: 0.827934
73954: 0.827936
73955: 0.827938
73956: 0.827941
73957: 0.827943
73958: 0.827945
73959: 0.827948
73960: 0.82795
73961: 0.827952
73962: 0.827955
73963: 0.827957
73964: 0.827946
73965: 0.827948
73966: 0.82795
73967: 0.827953
73968: 0.827955
73969: 0.827957
73970: 0.82796
73971: 0.827962
73972: 0.827964
73973: 0.827967
73974: 0.827969
73975: 0.827971
73976: 0.827974
73977: 0.827976
73978: 0.827978
73979: 0.827981
73980: 0.827983
73981: 0.827985
73982: 0.827988
73983: 0.82799
73984: 0.827992
73985: 0.827994
73986: 0.827997
73987: 0.827986
73988: 0.827974
73989: 0.827977
73990: 0.827979
73991: 0.827968
73992: 0.827957
73993: 0.827946
73994: 0.827948
73995: 0.82795
73996: 0.827952
73997: 0.827941
73998: 0.827944
73999: 0.827946
74000: 0.827948
74001: 0.827937
74002: 0.827939
74003: 0.827942
74004: 0.827944
74005: 0.827946
74006: 0.827949
74007: 0.827951
74008: 0.827953
74009: 0.827956
74010: 0.827958
74011: 0.82796
74012: 0.827963
74013: 0.827965
74014: 0.827967
74015: 0.827956
74016: 0.827945
74017: 0.827934
74018: 0.827936
74019: 0.827938
74020: 0.827941
74021: 0.827943
74022: 0.827945
74023: 0.827948
74024: 0.82795
74025: 0.827952
74026: 0.827955
74027: 0.827957
74028: 0.827959
74029: 0.827962
74030: 0.827964
74031: 0.827966
74032: 0.827969
74033: 0.827971
74034: 0.82796
74035: 0.827962
74036: 0.827964
74037: 0.827967
74038: 0.827969
74039: 0.827971
74040: 0.827974
74041: 0.827976
74042: 0.827978
74043: 0.827981
74044: 0.827983
74045: 0.827985
74046: 0.827988
74047: 0.82799
74048: 0.827992
74049: 0.827995
74050: 0.827983
74051: 0.827986
74052: 0.827988
74053: 0.82799
74054: 0.827993
74055: 0.827995
74056: 0.827997
74057: 0.828
74058: 0.828002
74059: 0.828004
74060: 0.827993
74061: 0.827982
74062: 0.827984
74063: 0.827987
74064: 0.827989
74065: 0.827991
74066: 0.827994
74067: 0.827996
74068: 0.827998
74069: 0.828001
74070: 0.828003
74071: 0.828005
74072: 0.828008
74073: 0.82801
74074: 0.828012
74075: 0.828014
74076: 0.828017
74077: 0.828006
74078: 0.828008
74079: 0.82801
74080: 0.828013
74081: 0.828015
74082: 0.828017
74083: 0.82802
74084: 0.828022
74085: 0.828024
74086: 0.828013
74087: 0.828015
74088: 0.828018
74089: 0.828006
74090: 0.828009
74091: 0.828011
74092: 0.828013
74093: 0.828016
74094: 0.828018
74095: 0.82802
74096: 0.828023
74097: 0.828025
74098: 0.828027
74099: 0.828016
74100: 0.828005
74101: 0.828007
74102: 0.82801
74103: 0.828012
74104: 0.828014
74105: 0.828017
74106: 0.828019
74107: 0.828021
74108: 0.828024
74109: 0.828026
74110: 0.828028
74111: 0.828031
74112: 0.828033
74113: 0.828035
74114: 0.828038
74115: 0.82804
74116: 0.828042
74117: 0.828044
74118: 0.828033
74119: 0.828022
74120: 0.828024
74121: 0.828027
74122: 0.828029
74123: 0.828031
74124: 0.828034
74125: 0.828036
74126: 0.828038
74127: 0.828041
74128: 0.828043
74129: 0.828045
74130: 0.828048
74131: 0.82805
74132: 0.828052
74133: 0.828055
74134: 0.828057
74135: 0.828059
74136: 0.828062
74137: 0.828064
74138: 0.828066
74139: 0.828069
74140: 0.828071
74141: 0.828073
74142: 0.828075
74143: 0.828078
74144: 0.828067
74145: 0.828055
74146: 0.828058
74147: 0.82806
74148: 0.828062
74149: 0.828065
74150: 0.828067
74151: 0.828069
74152: 0.828072
74153: 0.828074
74154: 0.828063
74155: 0.828065
74156: 0.828054
74157: 0.828043
74158: 0.828032
74159: 0.828034
74160: 0.828036
74161: 0.828025
74162: 0.828027
74163: 0.82803
74164: 0.828032
74165: 0.828034
74166: 0.828037
74167: 0.828026
74168: 0.828014
74169: 0.828017
74170: 0.828019
74171: 0.828021
74172: 0.82801
74173: 0.828013
74174: 0.828015
74175: 0.828017
74176: 0.828019
74177: 0.828022
74178: 0.828011
74179: 0.828013
74180: 0.828015
74181: 0.828018
74182: 0.82802
74183: 0.828022
74184: 0.828011
74185: 0.828013
74186: 0.828016
74187: 0.828018
74188: 0.828007
74189: 0.828009
74190: 0.828011
74191: 0.828014
74192: 0.828016
74193: 0.828018
74194: 0.828021
74195: 0.828023
74196: 0.828012
74197: 0.828001
74198: 0.828003
74199: 0.828005
74200: 0.828008
74201: 0.82801
74202: 0.828012
74203: 0.828015
74204: 0.828017
74205: 0.828019
74206: 0.828022
74207: 0.828024
74208: 0.828026
74209: 0.828029
74210: 0.828031
74211: 0.82802
74212: 0.828009
74213: 0.827997
74214: 0.828
74215: 0.828002
74216: 0.828004
74217: 0.828007
74218: 0.828009
74219: 0.828011
74220: 0.828014
74221: 0.828002
74222: 0.827991
74223: 0.82798
74224: 0.827982
74225: 0.827985
74226: 0.827987
74227: 0.827989
74228: 0.827992
74229: 0.827994
74230: 0.827996
74231: 0.827999
74232: 0.828001
74233: 0.828003
74234: 0.828006
74235: 0.828008
74236: 0.82801
74237: 0.828013
74238: 0.828015
74239: 0.828017
74240: 0.82802
74241: 0.828008
74242: 0.828011
74243: 0.828
74244: 0.828002
74245: 0.828004
74246: 0.828007
74247: 0.828009
74248: 0.827998
74249: 0.827987
74250: 0.827989
74251: 0.827991
74252: 0.827993
74253: 0.827996
74254: 0.827998
74255: 0.828
74256: 0.828003
74257: 0.827992
74258: 0.82798
74259: 0.827969
74260: 0.827972
74261: 0.827974
74262: 0.827976
74263: 0.827979
74264: 0.827981
74265: 0.827983
74266: 0.827986
74267: 0.827974
74268: 0.827963
74269: 0.827952
74270: 0.827954
74271: 0.827957
74272: 0.827959
74273: 0.827961
74274: 0.827964
74275: 0.827966
74276: 0.827955
74277: 0.827957
74278: 0.827959
74279: 0.827962
74280: 0.827964
74281: 0.827966
74282: 0.827969
74283: 0.827958
74284: 0.82796
74285: 0.827962
74286: 0.827951
74287: 0.82794
74288: 0.827942
74289: 0.827945
74290: 0.827933
74291: 0.827936
74292: 0.827938
74293: 0.827927
74294: 0.827929
74295: 0.827932
74296: 0.827934
74297: 0.827936
74298: 0.827938
74299: 0.827941
74300: 0.827943
74301: 0.827945
74302: 0.827948
74303: 0.82795
74304: 0.827952
74305: 0.827941
74306: 0.827944
74307: 0.827946
74308: 0.827948
74309: 0.82795
74310: 0.827953
74311: 0.827955
74312: 0.827957
74313: 0.82796
74314: 0.827962
74315: 0.827951
74316: 0.827953
74317: 0.827956
74318: 0.827958
74319: 0.82796
74320: 0.827962
74321: 0.827965
74322: 0.827967
74323: 0.827969
74324: 0.827972
74325: 0.827974
74326: 0.827976
74327: 0.827979
74328: 0.827981
74329: 0.827983
74330: 0.827986
74331: 0.827988
74332: 0.82799
74333: 0.827993
74334: 0.827995
74335: 0.827997
74336: 0.828
74337: 0.828002
74338: 0.828004
74339: 0.828006
74340: 0.828009
74341: 0.828011
74342: 0.828013
74343: 0.828016
74344: 0.828018
74345: 0.828007
74346: 0.827996
74347: 0.827985
74348: 0.827973
74349: 0.827976
74350: 0.827978
74351: 0.82798
74352: 0.827983
74353: 0.827985
74354: 0.827987
74355: 0.82799
74356: 0.827992
74357: 0.827994
74358: 0.827997
74359: 0.827999
74360: 0.828001
74361: 0.828004
74362: 0.828006
74363: 0.828008
74364: 0.82801
74365: 0.828013
74366: 0.828015
74367: 0.828017
74368: 0.82802
74369: 0.828022
74370: 0.828024
74371: 0.828027
74372: 0.828029
74373: 0.828031
74374: 0.828034
74375: 0.828036
74376: 0.828038
74377: 0.828041
74378: 0.828043
74379: 0.828032
74380: 0.828021
74381: 0.828009
74382: 0.828012
74383: 0.828014
74384: 0.828016
74385: 0.828019
74386: 0.828021
74387: 0.828023
74388: 0.828026
74389: 0.828028
74390: 0.828017
74391: 0.828019
74392: 0.828021
74393: 0.828024
74394: 0.828026
74395: 0.828028
74396: 0.828031
74397: 0.828033
74398: 0.828022
74399: 0.828011
74400: 0.828
74401: 0.827988
74402: 0.827977
74403: 0.82798
74404: 0.827982
74405: 0.827984
74406: 0.827987
74407: 0.827989
74408: 0.827978
74409: 0.82798
74410: 0.827982
74411: 0.827985
74412: 0.827987
74413: 0.827989
74414: 0.827992
74415: 0.827981
74416: 0.827969
74417: 0.827958
74418: 0.827947
74419: 0.827936
74420: 0.827925
74421: 0.827927
74422: 0.82793
74423: 0.827932
74424: 0.827921
74425: 0.827923
74426: 0.827925
74427: 0.827928
74428: 0.82793
74429: 0.827932
74430: 0.827935
74431: 0.827937
74432: 0.827939
74433: 0.827942
74434: 0.827944
74435: 0.827946
74436: 0.827948
74437: 0.827951
74438: 0.827953
74439: 0.827955
74440: 0.827958
74441: 0.82796
74442: 0.827962
74443: 0.827965
74444: 0.827954
74445: 0.827942
74446: 0.827945
74447: 0.827947
74448: 0.827949
74449: 0.827952
74450: 0.827954
74451: 0.827956
74452: 0.827959
74453: 0.827961
74454: 0.827963
74455: 0.827966
74456: 0.827968
74457: 0.82797
74458: 0.827972
74459: 0.827975
74460: 0.827977
74461: 0.827979
74462: 0.827982
74463: 0.827984
74464: 0.827986
74465: 0.827975
74466: 0.827977
74467: 0.827966
74468: 0.827969
74469: 0.827971
74470: 0.827973
74471: 0.827976
74472: 0.827978
74473: 0.82798
74474: 0.827983
74475: 0.827971
74476: 0.827974
74477: 0.827976
74478: 0.827978
74479: 0.827981
74480: 0.827983
74481: 0.827985
74482: 0.827988
74483: 0.82799
74484: 0.827992
74485: 0.827995
74486: 0.827997
74487: 0.827999
74488: 0.828001
74489: 0.828004
74490: 0.828006
74491: 0.828008
74492: 0.827997
74493: 0.827986
74494: 0.827988
74495: 0.827977
74496: 0.827966
74497: 0.827955
74498: 0.827944
74499: 0.827946
74500: 0.827935
74501: 0.827938
74502: 0.82794
74503: 0.827942
74504: 0.827944
74505: 0.827947
74506: 0.827949
74507: 0.827938
74508: 0.82794
74509: 0.827943
74510: 0.827945
74511: 0.827947
74512: 0.827936
74513: 0.827925
74514: 0.827914
74515: 0.827916
74516: 0.827918
74517: 0.827921
74518: 0.827923
74519: 0.827912
74520: 0.827914
74521: 0.827917
74522: 0.827919
74523: 0.827921
74524: 0.827924
74525: 0.827926
74526: 0.827928
74527: 0.82793
74528: 0.827933
74529: 0.827935
74530: 0.827937
74531: 0.82794
74532: 0.827942
74533: 0.827944
74534: 0.827947
74535: 0.827949
74536: 0.827938
74537: 0.82794
74538: 0.827942
74539: 0.827945
74540: 0.827947
74541: 0.827949
74542: 0.827952
74543: 0.827954
74544: 0.827956
74545: 0.827945
74546: 0.827934
74547: 0.827936
74548: 0.827939
74549: 0.827941
74550: 0.827943
74551: 0.827932
74552: 0.827934
74553: 0.827937
74554: 0.827939
74555: 0.827941
74556: 0.827944
74557: 0.827946
74558: 0.827948
74559: 0.827951
74560: 0.82794
74561: 0.827942
74562: 0.827944
74563: 0.827946
74564: 0.827949
74565: 0.827951
74566: 0.827953
74567: 0.827956
74568: 0.827958
74569: 0.82796
74570: 0.827949
74571: 0.827938
74572: 0.827927
74573: 0.827929
74574: 0.827918
74575: 0.827921
74576: 0.827923
74577: 0.827925
74578: 0.827927
74579: 0.82793
74580: 0.827932
74581: 0.827934
74582: 0.827937
74583: 0.827939
74584: 0.827941
74585: 0.827944
74586: 0.827946
74587: 0.827948
74588: 0.827951
74589: 0.827953
74590: 0.827955
74591: 0.827957
74592: 0.827946
74593: 0.827949
74594: 0.827951
74595: 0.827953
74596: 0.827956
74597: 0.827958
74598: 0.82796
74599: 0.827962
74600: 0.827965
74601: 0.827967
74602: 0.827969
74603: 0.827972
74604: 0.827974
74605: 0.827976
74606: 0.827965
74607: 0.827954
74608: 0.827943
74609: 0.827945
74610: 0.827948
74611: 0.82795
74612: 0.827939
74613: 0.827941
74614: 0.82793
74615: 0.827932
74616: 0.827935
74617: 0.827937
74618: 0.827939
74619: 0.827942
74620: 0.827944
74621: 0.827946
74622: 0.827948
74623: 0.827951
74624: 0.82794
74625: 0.827942
74626: 0.827944
74627: 0.827947
74628: 0.827949
74629: 0.827938
74630: 0.827927
74631: 0.827916
74632: 0.827918
74633: 0.82792
74634: 0.827923
74635: 0.827925
74636: 0.827927
74637: 0.827929
74638: 0.827932
74639: 0.827934
74640: 0.827936
74641: 0.827939
74642: 0.827941
74643: 0.82793
74644: 0.827932
74645: 0.827935
74646: 0.827937
74647: 0.827939
74648: 0.827941
74649: 0.827944
74650: 0.827933
74651: 0.827935
74652: 0.827937
74653: 0.82794
74654: 0.827942
74655: 0.827944
74656: 0.827933
74657: 0.827935
74658: 0.827938
74659: 0.82794
74660: 0.827942
74661: 0.827945
74662: 0.827947
74663: 0.827949
74664: 0.827952
74665: 0.827954
74666: 0.827956
74667: 0.827958
74668: 0.827961
74669: 0.827963
74670: 0.827965
74671: 0.827968
74672: 0.82797
74673: 0.827972
74674: 0.827975
74675: 0.827977
74676: 0.827979
74677: 0.827981
74678: 0.827984
74679: 0.827986
74680: 0.827988
74681: 0.827991
74682: 0.827993
74683: 0.827995
74684: 0.827998
74685: 0.828
74686: 0.828002
74687: 0.828004
74688: 0.828007
74689: 0.828009
74690: 0.828011
74691: 0.828014
74692: 0.828016
74693: 0.828018
74694: 0.828021
74695: 0.828023
74696: 0.828025
74697: 0.828028
74698: 0.82803
74699: 0.828032
74700: 0.828034
74701: 0.828037
74702: 0.828039
74703: 0.828041
74704: 0.828044
74705: 0.828046
74706: 0.828048
74707: 0.828051
74708: 0.828053
74709: 0.828055
74710: 0.828057
74711: 0.82806
74712: 0.828062
74713: 0.828064
74714: 0.828067
74715: 0.828069
74716: 0.828071
74717: 0.828074
74718: 0.828076
74719: 0.828078
74720: 0.82808
74721: 0.828083
74722: 0.828085
74723: 0.828087
74724: 0.82809
74725: 0.828092
74726: 0.828094
74727: 0.828097
74728: 0.828099
74729: 0.828101
74730: 0.828103
74731: 0.828106
74732: 0.828108
74733: 0.82811
74734: 0.828113
74735: 0.828115
74736: 0.828117
74737: 0.82812
74738: 0.828122
74739: 0.828124
74740: 0.828126
74741: 0.828129
74742: 0.828131
74743: 0.82812
74744: 0.828109
74745: 0.828111
74746: 0.828114
74747: 0.828116
74748: 0.828118
74749: 0.828107
74750: 0.828109
74751: 0.828112
74752: 0.828101
74753: 0.828103
74754: 0.828105
74755: 0.828107
74756: 0.82811
74757: 0.828112
74758: 0.828114
74759: 0.828117
74760: 0.828119
74761: 0.828121
74762: 0.828124
74763: 0.828126
74764: 0.828128
74765: 0.82813
74766: 0.828133
74767: 0.828135
74768: 0.828137
74769: 0.82814
74770: 0.828142
74771: 0.828144
74772: 0.828147
74773: 0.828149
74774: 0.828151
74775: 0.828153
74776: 0.828156
74777: 0.828158
74778: 0.82816
74779: 0.828163
74780: 0.828165
74781: 0.828167
74782: 0.82817
74783: 0.828172
74784: 0.828174
74785: 0.828176
74786: 0.828179
74787: 0.828181
74788: 0.828183
74789: 0.828186
74790: 0.828188
74791: 0.82819
74792: 0.828192
74793: 0.828181
74794: 0.82817
74795: 0.828159
74796: 0.828148
74797: 0.82815
74798: 0.828153
74799: 0.828155
74800: 0.828157
74801: 0.82816
74802: 0.828162
74803: 0.828164
74804: 0.828167
74805: 0.828169
74806: 0.828158
74807: 0.82816
74808: 0.828149
74809: 0.828151
74810: 0.828154
74811: 0.828156
74812: 0.828158
74813: 0.828161
74814: 0.828163
74815: 0.828165
74816: 0.828167
74817: 0.82817
74818: 0.828172
74819: 0.828174
74820: 0.828177
74821: 0.828179
74822: 0.828181
74823: 0.828183
74824: 0.828186
74825: 0.828188
74826: 0.82819
74827: 0.828193
74828: 0.828195
74829: 0.828197
74830: 0.8282
74831: 0.828202
74832: 0.828191
74833: 0.82818
74834: 0.828182
74835: 0.828184
74836: 0.828187
74837: 0.828189
74838: 0.828191
74839: 0.828193
74840: 0.828196
74841: 0.828198
74842: 0.8282
74843: 0.828203
74844: 0.828205
74845: 0.828207
74846: 0.828196
74847: 0.828185
74848: 0.828174
74849: 0.828163
74850: 0.828165
74851: 0.828168
74852: 0.828157
74853: 0.828145
74854: 0.828148
74855: 0.828137
74856: 0.828139
74857: 0.828141
74858: 0.82813
74859: 0.828119
74860: 0.828121
74861: 0.828124
74862: 0.828126
74863: 0.828128
74864: 0.828117
74865: 0.828106
74866: 0.828109
74867: 0.828111
74868: 0.828113
74869: 0.828102
74870: 0.828091
74871: 0.82808
74872: 0.828069
74873: 0.828071
74874: 0.828073
74875: 0.828076
74876: 0.828078
74877: 0.828067
74878: 0.828056
74879: 0.828058
74880: 0.828061
74881: 0.828063
74882: 0.828052
74883: 0.828041
74884: 0.828043
74885: 0.828045
74886: 0.828048
74887: 0.828037
74888: 0.828025
74889: 0.828028
74890: 0.82803
74891: 0.828032
74892: 0.828035
74893: 0.828024
74894: 0.828013
74895: 0.828001
74896: 0.82799
74897: 0.827979
74898: 0.827982
74899: 0.827984
74900: 0.827986
74901: 0.827989
74902: 0.827991
74903: 0.827993
74904: 0.827995
74905: 0.827984
74906: 0.827987
74907: 0.827989
74908: 0.827991
74909: 0.827994
74910: 0.827996
74911: 0.827998
74912: 0.828
74913: 0.828003
74914: 0.827992
74915: 0.827981
74916: 0.827983
74917: 0.827985
74918: 0.827988
74919: 0.82799
74920: 0.827979
74921: 0.827968
74922: 0.82797
74923: 0.827972
74924: 0.827975
74925: 0.827977
74926: 0.827966
74927: 0.827955
74928: 0.827944
74929: 0.827946
74930: 0.827948
74931: 0.827951
74932: 0.827953
74933: 0.827955
74934: 0.827958
74935: 0.82796
74936: 0.827962
74937: 0.827964
74938: 0.827953
74939: 0.827956
74940: 0.827958
74941: 0.82796
74942: 0.827949
74943: 0.827952
74944: 0.827954
74945: 0.827956
74946: 0.827958
74947: 0.827947
74948: 0.82795
74949: 0.827952
74950: 0.827954
74951: 0.827957
74952: 0.827959
74953: 0.827948
74954: 0.82795
74955: 0.827952
74956: 0.827955
74957: 0.827957
74958: 0.827959
74959: 0.827962
74960: 0.827964
74961: 0.827966
74962: 0.827968
74963: 0.827971
74964: 0.827973
74965: 0.827975
74966: 0.827964
74967: 0.827953
74968: 0.827956
74969: 0.827958
74970: 0.82796
74971: 0.827962
74972: 0.827965
74973: 0.827954
74974: 0.827956
74975: 0.827945
74976: 0.827934
74977: 0.827923
74978: 0.827925
74979: 0.827927
74980: 0.82793
74981: 0.827932
74982: 0.827934
74983: 0.827923
74984: 0.827912
74985: 0.827901
74986: 0.827904
74987: 0.827906
74988: 0.827908
74989: 0.82791
74990: 0.827913
74991: 0.827915
74992: 0.827917
74993: 0.82792
74994: 0.827909
74995: 0.827897
74996: 0.8279
74997: 0.827902
74998: 0.827904
74999: 0.827907
75000: 0.827909
75001: 0.827911
75002: 0.827914
75003: 0.827916
75004: 0.827918
75005: 0.82792
75006: 0.827923
75007: 0.827925
75008: 0.827927
75009: 0.82793
75010: 0.827932
75011: 0.827934
75012: 0.827936
75013: 0.827939
75014: 0.827941
75015: 0.827943
75016: 0.827946
75017: 0.827948
75018: 0.82795
75019: 0.827939
75020: 0.827928
75021: 0.82793
75022: 0.827933
75023: 0.827935
75024: 0.827924
75025: 0.827913
75026: 0.827915
75027: 0.827918
75028: 0.82792
75029: 0.827909
75030: 0.827898
75031: 0.827887
75032: 0.827876
75033: 0.827865
75034: 0.827867
75035: 0.827869
75036: 0.827872
75037: 0.827874
75038: 0.827876
75039: 0.827878
75040: 0.827881
75041: 0.827883
75042: 0.827885
75043: 0.827888
75044: 0.82789
75045: 0.827892
75046: 0.827895
75047: 0.827897
75048: 0.827899
75049: 0.827901
75050: 0.827904
75051: 0.827906
75052: 0.827908
75053: 0.827911
75054: 0.827913
75055: 0.827902
75056: 0.827891
75057: 0.827893
75058: 0.827895
75059: 0.827898
75060: 0.8279
75061: 0.827889
75062: 0.827878
75063: 0.827867
75064: 0.827856
75065: 0.827858
75066: 0.82786
75067: 0.827849
75068: 0.827852
75069: 0.827854
75070: 0.827856
75071: 0.827859
75072: 0.827861
75073: 0.827863
75074: 0.827852
75075: 0.827854
75076: 0.827857
75077: 0.827859
75078: 0.827861
75079: 0.827864
75080: 0.827866
75081: 0.827868
75082: 0.82787
75083: 0.827873
75084: 0.827875
75085: 0.827877
75086: 0.82788
75087: 0.827882
75088: 0.827884
75089: 0.827887
75090: 0.827889
75091: 0.827891
75092: 0.827893
75093: 0.827896
75094: 0.827898
75095: 0.827887
75096: 0.827876
75097: 0.827878
75098: 0.827867
75099: 0.82787
75100: 0.827872
75101: 0.827874
75102: 0.827876
75103: 0.827865
75104: 0.827868
75105: 0.82787
75106: 0.827872
75107: 0.827875
75108: 0.827877
75109: 0.827879
75110: 0.827881
75111: 0.82787
75112: 0.827859
75113: 0.827862
75114: 0.827864
75115: 0.827866
75116: 0.827869
75117: 0.827871
75118: 0.827873
75119: 0.827875
75120: 0.827878
75121: 0.82788
75122: 0.827882
75123: 0.827885
75124: 0.827887
75125: 0.827889
75126: 0.827891
75127: 0.827894
75128: 0.827896
75129: 0.827898
75130: 0.827901
75131: 0.827903
75132: 0.827905
75133: 0.827907
75134: 0.82791
75135: 0.827899
75136: 0.827901
75137: 0.827903
75138: 0.827906
75139: 0.827908
75140: 0.82791
75141: 0.827912
75142: 0.827915
75143: 0.827917
75144: 0.827919
75145: 0.827922
75146: 0.827924
75147: 0.827926
75148: 0.827929
75149: 0.827931
75150: 0.82792
75151: 0.827909
75152: 0.827911
75153: 0.827913
75154: 0.827916
75155: 0.827905
75156: 0.827907
75157: 0.827909
75158: 0.827911
75159: 0.8279
75160: 0.827889
75161: 0.827892
75162: 0.827894
75163: 0.827896
75164: 0.827899
75165: 0.827901
75166: 0.827903
75167: 0.827905
75168: 0.827908
75169: 0.82791
75170: 0.827912
75171: 0.827915
75172: 0.827904
75173: 0.827906
75174: 0.827908
75175: 0.827897
75176: 0.827899
75177: 0.827902
75178: 0.827904
75179: 0.827906
75180: 0.827909
75181: 0.827911
75182: 0.827913
75183: 0.827916
75184: 0.827918
75185: 0.82792
75186: 0.827922
75187: 0.827925
75188: 0.827927
75189: 0.827929
75190: 0.827932
75191: 0.827934
75192: 0.827936
75193: 0.827938
75194: 0.827927
75195: 0.827916
75196: 0.827905
75197: 0.827894
75198: 0.827897
75199: 0.827899
75200: 0.827901
75201: 0.827904
75202: 0.827906
75203: 0.827908
75204: 0.82791
75205: 0.827913
75206: 0.827915
75207: 0.827904
75208: 0.827906
75209: 0.827895
75210: 0.827898
75211: 0.8279
75212: 0.827902
75213: 0.827904
75214: 0.827907
75215: 0.827896
75216: 0.827898
75217: 0.8279
75218: 0.827903
75219: 0.827905
75220: 0.827907
75221: 0.827909
75222: 0.827912
75223: 0.827901
75224: 0.82789
75225: 0.827892
75226: 0.827894
75227: 0.827897
75228: 0.827899
75229: 0.827901
75230: 0.827903
75231: 0.827906
75232: 0.827908
75233: 0.82791
75234: 0.827913
75235: 0.827902
75236: 0.827891
75237: 0.827893
75238: 0.827895
75239: 0.827897
75240: 0.8279
75241: 0.827902
75242: 0.827904
75243: 0.827893
75244: 0.827896
75245: 0.827898
75246: 0.8279
75247: 0.827902
75248: 0.827905
75249: 0.827907
75250: 0.827909
75251: 0.827912
75252: 0.827914
75253: 0.827916
75254: 0.827918
75255: 0.827921
75256: 0.82791
75257: 0.827912
75258: 0.827914
75259: 0.827917
75260: 0.827919
75261: 0.827921
75262: 0.827923
75263: 0.827926
75264: 0.827928
75265: 0.82793
75266: 0.827933
75267: 0.827935
75268: 0.827937
75269: 0.827939
75270: 0.827942
75271: 0.827944
75272: 0.827946
75273: 0.827949
75274: 0.827951
75275: 0.827953
75276: 0.827942
75277: 0.827931
75278: 0.82792
75279: 0.827909
75280: 0.827898
75281: 0.827887
75282: 0.827876
75283: 0.827878
75284: 0.827881
75285: 0.827883
75286: 0.827885
75287: 0.827888
75288: 0.82789
75289: 0.827892
75290: 0.827894
75291: 0.827897
75292: 0.827899
75293: 0.827901
75294: 0.827904
75295: 0.827906
75296: 0.827908
75297: 0.82791
75298: 0.827913
75299: 0.827915
75300: 0.827917
75301: 0.82792
75302: 0.827922
75303: 0.827924
75304: 0.827926
75305: 0.827929
75306: 0.827931
75307: 0.827933
75308: 0.827936
75309: 0.827938
75310: 0.82794
75311: 0.827942
75312: 0.827945
75313: 0.827947
75314: 0.827936
75315: 0.827938
75316: 0.827941
75317: 0.827943
75318: 0.827945
75319: 0.827947
75320: 0.82795
75321: 0.827939
75322: 0.827941
75323: 0.827943
75324: 0.827946
75325: 0.827948
75326: 0.827937
75327: 0.827939
75328: 0.827941
75329: 0.827944
75330: 0.827946
75331: 0.827948
75332: 0.827951
75333: 0.827953
75334: 0.827955
75335: 0.827957
75336: 0.82796
75337: 0.827962
75338: 0.827964
75339: 0.827967
75340: 0.827969
75341: 0.827971
75342: 0.827973
75343: 0.827976
75344: 0.827978
75345: 0.82798
75346: 0.827983
75347: 0.827985
75348: 0.827987
75349: 0.827989
75350: 0.827992
75351: 0.827981
75352: 0.82797
75353: 0.827972
75354: 0.827974
75355: 0.827977
75356: 0.827979
75357: 0.827968
75358: 0.82797
75359: 0.827972
75360: 0.827975
75361: 0.827977
75362: 0.827979
75363: 0.827982
75364: 0.827984
75365: 0.827986
75366: 0.827988
75367: 0.827977
75368: 0.827966
75369: 0.827969
75370: 0.827971
75371: 0.827973
75372: 0.827976
75373: 0.827978
75374: 0.82798
75375: 0.827982
75376: 0.827985
75377: 0.827987
75378: 0.827989
75379: 0.827992
75380: 0.827994
75381: 0.827996
75382: 0.827985
75383: 0.827987
75384: 0.82799
75385: 0.827992
75386: 0.827994
75387: 0.827996
75388: 0.827999
75389: 0.828001
75390: 0.828003
75391: 0.828006
75392: 0.828008
75393: 0.82801
75394: 0.828012
75395: 0.828001
75396: 0.828004
75397: 0.828006
75398: 0.828008
75399: 0.828011
75400: 0.828013
75401: 0.828015
75402: 0.828017
75403: 0.82802
75404: 0.828009
75405: 0.828011
75406: 0.828013
75407: 0.828016
75408: 0.828018
75409: 0.82802
75410: 0.828022
75411: 0.828025
75412: 0.828027
75413: 0.828029
75414: 0.828032
75415: 0.828034
75416: 0.828023
75417: 0.828012
75418: 0.828014
75419: 0.828016
75420: 0.828019
75421: 0.828021
75422: 0.828023
75423: 0.828026
75424: 0.828028
75425: 0.82803
75426: 0.828032
75427: 0.828035
75428: 0.828037
75429: 0.828039
75430: 0.828042
75431: 0.828044
75432: 0.828046
75433: 0.828048
75434: 0.828051
75435: 0.828053
75436: 0.828055
75437: 0.828057
75438: 0.82806
75439: 0.828062
75440: 0.828064
75441: 0.828067
75442: 0.828069
75443: 0.828071
75444: 0.828073
75445: 0.828076
75446: 0.828078
75447: 0.82808
75448: 0.828083
75449: 0.828085
75450: 0.828087
75451: 0.828089
75452: 0.828092
75453: 0.828094
75454: 0.828096
75455: 0.828098
75456: 0.828101
75457: 0.828103
75458: 0.828105
75459: 0.828108
75460: 0.82811
75461: 0.828112
75462: 0.828114
75463: 0.828103
75464: 0.828092
75465: 0.828095
75466: 0.828097
75467: 0.828099
75468: 0.828102
75469: 0.828104
75470: 0.828106
75471: 0.828108
75472: 0.828111
75473: 0.828113
75474: 0.828115
75475: 0.828118
75476: 0.82812
75477: 0.828122
75478: 0.828124
75479: 0.828127
75480: 0.828129
75481: 0.828131
75482: 0.828133
75483: 0.828136
75484: 0.828138
75485: 0.82814
75486: 0.828143
75487: 0.828145
75488: 0.828134
75489: 0.828123
75490: 0.828125
75491: 0.828127
75492: 0.82813
75493: 0.828119
75494: 0.828108
75495: 0.82811
75496: 0.828112
75497: 0.828115
75498: 0.828117
75499: 0.828119
75500: 0.828121
75501: 0.828124
75502: 0.828126
75503: 0.828128
75504: 0.828131
75505: 0.828133
75506: 0.828135
75507: 0.828137
75508: 0.82814
75509: 0.828142
75510: 0.828144
75511: 0.828147
75512: 0.828149
75513: 0.828151
75514: 0.828153
75515: 0.828156
75516: 0.828158
75517: 0.828147
75518: 0.828149
75519: 0.828151
75520: 0.828141
75521: 0.82813
75522: 0.828119
75523: 0.828121
75524: 0.82811
75525: 0.828112
75526: 0.828114
75527: 0.828103
75528: 0.828106
75529: 0.828108
75530: 0.82811
75531: 0.828113
75532: 0.828115
75533: 0.828117
75534: 0.828119
75535: 0.828108
75536: 0.828097
75537: 0.828087
75538: 0.828089
75539: 0.828091
75540: 0.828093
75541: 0.828096
75542: 0.828098
75543: 0.8281
75544: 0.828102
75545: 0.828105
75546: 0.828107
75547: 0.828096
75548: 0.828098
75549: 0.828101
75550: 0.828103
75551: 0.828105
75552: 0.828107
75553: 0.82811
75554: 0.828112
75555: 0.828114
75556: 0.828117
75557: 0.828106
75558: 0.828095
75559: 0.828084
75560: 0.828086
75561: 0.828088
75562: 0.828077
75563: 0.828066
75564: 0.828069
75565: 0.828071
75566: 0.828073
75567: 0.828075
75568: 0.828078
75569: 0.82808
75570: 0.828082
75571: 0.828084
75572: 0.828087
75573: 0.828089
75574: 0.828091
75575: 0.828094
75576: 0.828096
75577: 0.828098
75578: 0.8281
75579: 0.828103
75580: 0.828105
75581: 0.828107
75582: 0.828109
75583: 0.828112
75584: 0.828114
75585: 0.828116
75586: 0.828119
75587: 0.828121
75588: 0.828123
75589: 0.828125
75590: 0.828128
75591: 0.82813
75592: 0.828132
75593: 0.828135
75594: 0.828137
75595: 0.828139
75596: 0.828141
75597: 0.828144
75598: 0.828146
75599: 0.828148
75600: 0.82815
75601: 0.828153
75602: 0.828155
75603: 0.828157
75604: 0.828146
75605: 0.828149
75606: 0.828138
75607: 0.82814
75608: 0.828129
75609: 0.828131
75610: 0.828133
75611: 0.828136
75612: 0.828138
75613: 0.82814
75614: 0.828129
75615: 0.828132
75616: 0.828134
75617: 0.828136
75618: 0.828138
75619: 0.828141
75620: 0.82813
75621: 0.828119
75622: 0.828121
75623: 0.828123
75624: 0.828126
75625: 0.828128
75626: 0.82813
75627: 0.828132
75628: 0.828135
75629: 0.828137
75630: 0.828139
75631: 0.828142
75632: 0.828131
75633: 0.828133
75634: 0.828135
75635: 0.828137
75636: 0.82814
75637: 0.828142
75638: 0.828131
75639: 0.828133
75640: 0.828136
75641: 0.828138
75642: 0.82814
75643: 0.828142
75644: 0.828145
75645: 0.828134
75646: 0.828123
75647: 0.828112
75648: 0.828114
75649: 0.828116
75650: 0.828119
75651: 0.828121
75652: 0.828123
75653: 0.828125
75654: 0.828128
75655: 0.82813
75656: 0.828132
75657: 0.828134
75658: 0.828137
75659: 0.828126
75660: 0.828115
75661: 0.828117
75662: 0.828119
75663: 0.828122
75664: 0.828124
75665: 0.828126
75666: 0.828129
75667: 0.828131
75668: 0.828133
75669: 0.828122
75670: 0.828111
75671: 0.8281
75672: 0.828089
75673: 0.828092
75674: 0.828094
75675: 0.828096
75676: 0.828098
75677: 0.828101
75678: 0.82809
75679: 0.828079
75680: 0.828068
75681: 0.82807
75682: 0.828072
75683: 0.828061
75684: 0.828064
75685: 0.828053
75686: 0.828055
75687: 0.828057
75688: 0.82806
75689: 0.828062
75690: 0.828064
75691: 0.828066
75692: 0.828069
75693: 0.828058
75694: 0.82806
75695: 0.828062
75696: 0.828065
75697: 0.828067
75698: 0.828069
75699: 0.828071
75700: 0.828074
75701: 0.828076
75702: 0.828078
75703: 0.82808
75704: 0.828083
75705: 0.828085
75706: 0.828087
75707: 0.82809
75708: 0.828079
75709: 0.828081
75710: 0.828083
75711: 0.828072
75712: 0.828061
75713: 0.828064
75714: 0.828066
75715: 0.828068
75716: 0.82807
75717: 0.828059
75718: 0.828062
75719: 0.828064
75720: 0.828066
75721: 0.828055
75722: 0.828044
75723: 0.828033
75724: 0.828022
75725: 0.828012
75726: 0.828001
75727: 0.828003
75728: 0.828005
75729: 0.827994
75730: 0.827996
75731: 0.827986
75732: 0.827975
75733: 0.827977
75734: 0.827979
75735: 0.827981
75736: 0.827984
75737: 0.827986
75738: 0.827988
75739: 0.82799
75740: 0.827993
75741: 0.827995
75742: 0.827997
75743: 0.828
75744: 0.828002
75745: 0.828004
75746: 0.828006
75747: 0.828009
75748: 0.827998
75749: 0.828
75750: 0.828002
75751: 0.828005
75752: 0.828007
75753: 0.828009
75754: 0.827998
75755: 0.827987
75756: 0.827989
75757: 0.827992
75758: 0.827981
75759: 0.82797
75760: 0.827972
75761: 0.827974
75762: 0.827977
75763: 0.827979
75764: 0.827981
75765: 0.827984
75766: 0.827986
75767: 0.827975
75768: 0.827964
75769: 0.827966
75770: 0.827968
75771: 0.827958
75772: 0.827947
75773: 0.827949
75774: 0.827951
75775: 0.827953
75776: 0.827956
75777: 0.827958
75778: 0.82796
75779: 0.827963
75780: 0.827965
75781: 0.827967
75782: 0.827969
75783: 0.827972
75784: 0.827974
75785: 0.827976
75786: 0.827978
75787: 0.827981
75788: 0.827983
75789: 0.827985
75790: 0.827987
75791: 0.82799
75792: 0.827979
75793: 0.827981
75794: 0.827983
75795: 0.827986
75796: 0.827988
75797: 0.82799
75798: 0.827992
75799: 0.827995
75800: 0.827997
75801: 0.827999
75802: 0.828002
75803: 0.828004
75804: 0.828006
75805: 0.828008
75806: 0.828011
75807: 0.828013
75808: 0.828015
75809: 0.828017
75810: 0.82802
75811: 0.828022
75812: 0.828024
75813: 0.828026
75814: 0.828029
75815: 0.828031
75816: 0.828033
75817: 0.828036
75818: 0.828038
75819: 0.82804
75820: 0.828042
75821: 0.828045
75822: 0.828047
75823: 0.828049
75824: 0.828038
75825: 0.828027
75826: 0.82803
75827: 0.828032
75828: 0.828034
75829: 0.828036
75830: 0.828039
75831: 0.828041
75832: 0.82803
75833: 0.828032
75834: 0.828035
75835: 0.828037
75836: 0.828026
75837: 0.828028
75838: 0.82803
75839: 0.828033
75840: 0.828035
75841: 0.828037
75842: 0.82804
75843: 0.828042
75844: 0.828044
75845: 0.828046
75846: 0.828049
75847: 0.828051
75848: 0.828053
75849: 0.828055
75850: 0.828058
75851: 0.82806
75852: 0.828062
75853: 0.828064
75854: 0.828067
75855: 0.828056
75856: 0.828045
75857: 0.828047
75858: 0.828049
75859: 0.828052
75860: 0.828041
75861: 0.828043
75862: 0.828045
75863: 0.828048
75864: 0.82805
75865: 0.828052
75866: 0.828054
75867: 0.828057
75868: 0.828059
75869: 0.828061
75870: 0.828063
75871: 0.828066
75872: 0.828068
75873: 0.82807
75874: 0.828072
75875: 0.828075
75876: 0.828064
75877: 0.828066
75878: 0.828068
75879: 0.828071
75880: 0.828073
75881: 0.828075
75882: 0.828077
75883: 0.828067
75884: 0.828069
75885: 0.828071
75886: 0.828073
75887: 0.828076
75888: 0.828078
75889: 0.82808
75890: 0.828082
75891: 0.828071
75892: 0.828061
75893: 0.828063
75894: 0.828065
75895: 0.828067
75896: 0.82807
75897: 0.828072
75898: 0.828074
75899: 0.828063
75900: 0.828066
75901: 0.828068
75902: 0.82807
75903: 0.828072
75904: 0.828061
75905: 0.82805
75906: 0.82804
75907: 0.828029
75908: 0.828018
75909: 0.828007
75910: 0.828009
75911: 0.828011
75912: 0.828014
75913: 0.828016
75914: 0.828018
75915: 0.82802
75916: 0.828023
75917: 0.828012
75918: 0.828001
75919: 0.828003
75920: 0.827992
75921: 0.827981
75922: 0.827984
75923: 0.827986
75924: 0.827975
75925: 0.827977
75926: 0.827966
75927: 0.827955
75928: 0.827945
75929: 0.827947
75930: 0.827949
75931: 0.827951
75932: 0.827954
75933: 0.827956
75934: 0.827958
75935: 0.82796
75936: 0.827949
75937: 0.827952
75938: 0.827954
75939: 0.827956
75940: 0.827959
75941: 0.827961
75942: 0.827963
75943: 0.827952
75944: 0.827954
75945: 0.827957
75946: 0.827959
75947: 0.827961
75948: 0.827964
75949: 0.827953
75950: 0.827942
75951: 0.827944
75952: 0.827946
75953: 0.827948
75954: 0.827951
75955: 0.827953
75956: 0.827955
75957: 0.827944
75958: 0.827933
75959: 0.827923
75960: 0.827925
75961: 0.827927
75962: 0.827929
75963: 0.827932
75964: 0.827921
75965: 0.82791
75966: 0.827912
75967: 0.827901
75968: 0.827903
75969: 0.827906
75970: 0.827908
75971: 0.82791
75972: 0.827913
75973: 0.827915
75974: 0.827917
75975: 0.827919
75976: 0.827922
75977: 0.827924
75978: 0.827926
75979: 0.827928
75980: 0.827931
75981: 0.82792
75982: 0.827909
75983: 0.827898
75984: 0.8279
75985: 0.827903
75986: 0.827905
75987: 0.827907
75988: 0.827909
75989: 0.827912
75990: 0.827914
75991: 0.827916
75992: 0.827918
75993: 0.827907
75994: 0.82791
75995: 0.827912
75996: 0.827901
75997: 0.827903
75998: 0.827906
75999: 0.827908
76000: 0.82791
76001: 0.827912
76002: 0.827915
76003: 0.827917
76004: 0.827919
76005: 0.827921
76006: 0.827911
76007: 0.8279
76008: 0.827902
76009: 0.827904
76010: 0.827893
76011: 0.827882
76012: 0.827872
76013: 0.827874
76014: 0.827876
76015: 0.827878
76016: 0.827881
76017: 0.827883
76018: 0.827885
76019: 0.827887
76020: 0.82789
76021: 0.827892
76022: 0.827881
76023: 0.82787
76024: 0.827872
76025: 0.827875
76026: 0.827864
76027: 0.827853
76028: 0.827855
76029: 0.827857
76030: 0.82786
76031: 0.827862
76032: 0.827864
76033: 0.827866
76034: 0.827869
76035: 0.827871
76036: 0.827873
76037: 0.827876
76038: 0.827878
76039: 0.82788
76040: 0.827882
76041: 0.827885
76042: 0.827887
76043: 0.827889
76044: 0.827891
76045: 0.82788
76046: 0.827883
76047: 0.827885
76048: 0.827874
76049: 0.827876
76050: 0.827879
76051: 0.827881
76052: 0.827883
76053: 0.827885
76054: 0.827888
76055: 0.82789
76056: 0.827892
76057: 0.827895
76058: 0.827897
76059: 0.827899
76060: 0.827888
76061: 0.82789
76062: 0.82788
76063: 0.827882
76064: 0.827884
76065: 0.827886
76066: 0.827889
76067: 0.827891
76068: 0.827893
76069: 0.827895
76070: 0.827898
76071: 0.8279
76072: 0.827902
76073: 0.827904
76074: 0.827907
76075: 0.827896
76076: 0.827898
76077: 0.8279
76078: 0.827903
76079: 0.827905
76080: 0.827907
76081: 0.827909
76082: 0.827912
76083: 0.827914
76084: 0.827916
76085: 0.827918
76086: 0.827908
76087: 0.827897
76088: 0.827886
76089: 0.827888
76090: 0.82789
76091: 0.827893
76092: 0.827895
76093: 0.827897
76094: 0.827899
76095: 0.827902
76096: 0.827904
76097: 0.827906
76098: 0.827908
76099: 0.827911
76100: 0.827913
76101: 0.827915
76102: 0.827904
76103: 0.827907
76104: 0.827909
76105: 0.827911
76106: 0.827913
76107: 0.827902
76108: 0.827892
76109: 0.827881
76110: 0.827883
76111: 0.827885
76112: 0.827887
76113: 0.82789
76114: 0.827892
76115: 0.827881
76116: 0.827883
76117: 0.827886
76118: 0.827888
76119: 0.82789
76120: 0.827892
76121: 0.827895
76122: 0.827897
76123: 0.827899
76124: 0.827901
76125: 0.827891
76126: 0.82788
76127: 0.827869
76128: 0.827858
76129: 0.827847
76130: 0.827849
76131: 0.827838
76132: 0.827841
76133: 0.827843
76134: 0.827845
76135: 0.827848
76136: 0.82785
76137: 0.827852
76138: 0.827854
76139: 0.827843
76140: 0.827846
76141: 0.827848
76142: 0.82785
76143: 0.827852
76144: 0.827855
76145: 0.827857
76146: 0.827859
76147: 0.827862
76148: 0.827864
76149: 0.827866
76150: 0.827868
76151: 0.827871
76152: 0.827873
76153: 0.827875
76154: 0.827877
76155: 0.82788
76156: 0.827882
76157: 0.827884
76158: 0.827886
76159: 0.827889
76160: 0.827891
76161: 0.827893
76162: 0.827895
76163: 0.827898
76164: 0.8279
76165: 0.827902
76166: 0.827891
76167: 0.827894
76168: 0.827896
76169: 0.827898
76170: 0.827887
76171: 0.82789
76172: 0.827892
76173: 0.827894
76174: 0.827883
76175: 0.827872
76176: 0.827875
76177: 0.827877
76178: 0.827879
76179: 0.827881
76180: 0.827884
76181: 0.827886
76182: 0.827888
76183: 0.82789
76184: 0.827893
76185: 0.827895
76186: 0.827897
76187: 0.827899
76188: 0.827902
76189: 0.827904
76190: 0.827906
76191: 0.827908
76192: 0.827898
76193: 0.827887
76194: 0.827889
76195: 0.827891
76196: 0.827893
76197: 0.827896
76198: 0.827898
76199: 0.8279
76200: 0.827903
76201: 0.827905
76202: 0.827907
76203: 0.827909
76204: 0.827912
76205: 0.827914
76206: 0.827916
76207: 0.827918
76208: 0.827921
76209: 0.827923
76210: 0.827925
76211: 0.827927
76212: 0.827916
76213: 0.827919
76214: 0.827921
76215: 0.827923
76216: 0.827926
76217: 0.827928
76218: 0.82793
76219: 0.827932
76220: 0.827935
76221: 0.827937
76222: 0.827939
76223: 0.827941
76224: 0.827944
76225: 0.827946
76226: 0.827948
76227: 0.82795
76228: 0.827953
76229: 0.827955
76230: 0.827957
76231: 0.827959
76232: 0.827962
76233: 0.827951
76234: 0.827953
76235: 0.827955
76236: 0.827958
76237: 0.82796
76238: 0.827962
76239: 0.827964
76240: 0.827967
76241: 0.827969
76242: 0.827971
76243: 0.827973
76244: 0.827962
76245: 0.827965
76246: 0.827954
76247: 0.827956
76248: 0.827958
76249: 0.827961
76250: 0.827963
76251: 0.827965
76252: 0.827967
76253: 0.82797
76254: 0.827972
76255: 0.827974
76256: 0.827976
76257: 0.827979
76258: 0.827981
76259: 0.827983
76260: 0.827972
76261: 0.827962
76262: 0.827951
76263: 0.827953
76264: 0.827955
76265: 0.827957
76266: 0.82796
76267: 0.827962
76268: 0.827964
76269: 0.827966
76270: 0.827969
76271: 0.827971
76272: 0.827973
76273: 0.827975
76274: 0.827978
76275: 0.82798
76276: 0.827982
76277: 0.827971
76278: 0.827961
76279: 0.827963
76280: 0.827965
76281: 0.827967
76282: 0.82797
76283: 0.827972
76284: 0.827974
76285: 0.827976
76286: 0.827979
76287: 0.827981
76288: 0.827983
76289: 0.827985
76290: 0.827988
76291: 0.82799
76292: 0.827992
76293: 0.827994
76294: 0.827997
76295: 0.827999
76296: 0.828001
76297: 0.828003
76298: 0.828006
76299: 0.828008
76300: 0.82801
76301: 0.827999
76302: 0.828002
76303: 0.828004
76304: 0.828006
76305: 0.828008
76306: 0.828011
76307: 0.828013
76308: 0.828015
76309: 0.828017
76310: 0.82802
76311: 0.828022
76312: 0.828024
76313: 0.828013
76314: 0.828015
76315: 0.828018
76316: 0.82802
76317: 0.828022
76318: 0.828024
76319: 0.828027
76320: 0.828029
76321: 0.828031
76322: 0.828033
76323: 0.828036
76324: 0.828038
76325: 0.82804
76326: 0.828043
76327: 0.828045
76328: 0.828047
76329: 0.828049
76330: 0.828052
76331: 0.828041
76332: 0.82803
76333: 0.828019
76334: 0.828021
76335: 0.82801
76336: 0.828013
76337: 0.828015
76338: 0.828017
76339: 0.828019
76340: 0.828009
76341: 0.827998
76342: 0.828
76343: 0.828002
76344: 0.828004
76345: 0.828007
76346: 0.828009
76347: 0.828011
76348: 0.828013
76349: 0.828016
76350: 0.828018
76351: 0.82802
76352: 0.828022
76353: 0.828025
76354: 0.828027
76355: 0.828029
76356: 0.828031
76357: 0.828034
76358: 0.828036
76359: 0.828025
76360: 0.828014
76361: 0.828017
76362: 0.828019
76363: 0.828021
76364: 0.828023
76365: 0.828026
76366: 0.828028
76367: 0.82803
76368: 0.828032
76369: 0.828035
76370: 0.828037
76371: 0.828039
76372: 0.828041
76373: 0.828044
76374: 0.828046
76375: 0.828048
76376: 0.82805
76377: 0.828053
76378: 0.828055
76379: 0.828057
76380: 0.828046
76381: 0.828048
76382: 0.828051
76383: 0.82804
76384: 0.828042
76385: 0.828044
76386: 0.828047
76387: 0.828049
76388: 0.828038
76389: 0.82804
76390: 0.828043
76391: 0.828045
76392: 0.828047
76393: 0.828049
76394: 0.828038
76395: 0.828028
76396: 0.82803
76397: 0.828032
76398: 0.828034
76399: 0.828037
76400: 0.828039
76401: 0.828028
76402: 0.828017
76403: 0.828019
76404: 0.828022
76405: 0.828024
76406: 0.828026
76407: 0.828028
76408: 0.828031
76409: 0.82802
76410: 0.828022
76411: 0.828024
76412: 0.828027
76413: 0.828029
76414: 0.828018
76415: 0.828007
76416: 0.827996
76417: 0.827999
76418: 0.828001
76419: 0.82799
76420: 0.827979
76421: 0.827981
76422: 0.827984
76423: 0.827986
76424: 0.827988
76425: 0.827977
76426: 0.827967
76427: 0.827969
76428: 0.827971
76429: 0.827973
76430: 0.827976
76431: 0.827978
76432: 0.82798
76433: 0.827982
76434: 0.827985
76435: 0.827987
76436: 0.827989
76437: 0.827991
76438: 0.827994
76439: 0.827996
76440: 0.827998
76441: 0.828
76442: 0.828003
76443: 0.828005
76444: 0.828007
76445: 0.828009
76446: 0.828012
76447: 0.828014
76448: 0.828016
76449: 0.828018
76450: 0.828021
76451: 0.828023
76452: 0.828025
76453: 0.828014
76454: 0.828003
76455: 0.828006
76456: 0.828008
76457: 0.827997
76458: 0.827986
76459: 0.827988
76460: 0.827991
76461: 0.827993
76462: 0.827995
76463: 0.827997
76464: 0.828
76465: 0.828002
76466: 0.828004
76467: 0.827993
76468: 0.827996
76469: 0.827998
76470: 0.828
76471: 0.828002
76472: 0.828005
76473: 0.828007
76474: 0.828009
76475: 0.827998
76476: 0.828001
76477: 0.828003
76478: 0.827992
76479: 0.827994
76480: 0.827996
76481: 0.827999
76482: 0.828001
76483: 0.828003
76484: 0.828005
76485: 0.828008
76486: 0.82801
76487: 0.828012
76488: 0.828014
76489: 0.828004
76490: 0.828006
76491: 0.828008
76492: 0.82801
76493: 0.828013
76494: 0.828002
76495: 0.827991
76496: 0.827993
76497: 0.827996
76498: 0.827985
76499: 0.827987
76500: 0.827989
76501: 0.827991
76502: 0.827994
76503: 0.827996
76504: 0.827998
76505: 0.828
76506: 0.828003
76507: 0.828005
76508: 0.828007
76509: 0.828009
76510: 0.828012
76511: 0.828014
76512: 0.828016
76513: 0.828018
76514: 0.828021
76515: 0.828023
76516: 0.828012
76517: 0.828014
76518: 0.828017
76519: 0.828019
76520: 0.828021
76521: 0.82801
76522: 0.827999
76523: 0.827989
76524: 0.827978
76525: 0.82798
76526: 0.827982
76527: 0.827971
76528: 0.827961
76529: 0.827963
76530: 0.827952
76531: 0.827954
76532: 0.827957
76533: 0.827959
76534: 0.827961
76535: 0.827963
76536: 0.827966
76537: 0.827968
76538: 0.82797
76539: 0.827972
76540: 0.827961
76541: 0.827964
76542: 0.827966
76543: 0.827968
76544: 0.827957
76545: 0.82796
76546: 0.827962
76547: 0.827964
76548: 0.827966
76549: 0.827969
76550: 0.827971
76551: 0.827973
76552: 0.827975
76553: 0.827978
76554: 0.82798
76555: 0.827982
76556: 0.827971
76557: 0.827974
76558: 0.827976
76559: 0.827965
76560: 0.827954
76561: 0.827943
76562: 0.827946
76563: 0.827948
76564: 0.82795
76565: 0.827952
76566: 0.827955
76567: 0.827957
76568: 0.827959
76569: 0.827961
76570: 0.827964
76571: 0.827966
76572: 0.827968
76573: 0.827957
76574: 0.82796
76575: 0.827962
76576: 0.827964
76577: 0.827966
76578: 0.827955
76579: 0.827958
76580: 0.82796
76581: 0.827962
76582: 0.827964
76583: 0.827967
76584: 0.827956
76585: 0.827945
76586: 0.827934
76587: 0.827923
76588: 0.827926
76589: 0.827915
76590: 0.827917
76591: 0.827906
76592: 0.827895
76593: 0.827885
76594: 0.827874
76595: 0.827863
76596: 0.827865
76597: 0.827868
76598: 0.827857
76599: 0.827859
76600: 0.827861
76601: 0.827864
76602: 0.827866
76603: 0.827868
76604: 0.82787
76605: 0.827872
76606: 0.827875
76607: 0.827877
76608: 0.827879
76609: 0.827881
76610: 0.827884
76611: 0.827886
76612: 0.827875
76613: 0.827877
76614: 0.82788
76615: 0.827882
76616: 0.827884
76617: 0.827886
76618: 0.827889
76619: 0.827891
76620: 0.827893
76621: 0.827895
76622: 0.827898
76623: 0.8279
76624: 0.827902
76625: 0.827904
76626: 0.827907
76627: 0.827909
76628: 0.827911
76629: 0.827913
76630: 0.827916
76631: 0.827918
76632: 0.82792
76633: 0.827922
76634: 0.827925
76635: 0.827914
76636: 0.827903
76637: 0.827892
76638: 0.827894
76639: 0.827897
76640: 0.827899
76641: 0.827901
76642: 0.82789
76643: 0.827893
76644: 0.827895
76645: 0.827884
76646: 0.827873
76647: 0.827875
76648: 0.827878
76649: 0.82788
76650: 0.827882
76651: 0.827871
76652: 0.827874
76653: 0.827876
76654: 0.827878
76655: 0.82788
76656: 0.827883
76657: 0.827885
76658: 0.827874
76659: 0.827876
76660: 0.827879
76661: 0.827881
76662: 0.827883
76663: 0.827885
76664: 0.827888
76665: 0.827877
76666: 0.827866
76667: 0.827855
76668: 0.827857
76669: 0.82786
76670: 0.827862
76671: 0.827864
76672: 0.827866
76673: 0.827869
76674: 0.827871
76675: 0.827873
76676: 0.827875
76677: 0.827878
76678: 0.82788
76679: 0.827882
76680: 0.827884
76681: 0.827874
76682: 0.827863
76683: 0.827852
76684: 0.827854
76685: 0.827856
76686: 0.827859
76687: 0.827861
76688: 0.827863
76689: 0.827865
76690: 0.827868
76691: 0.82787
76692: 0.827872
76693: 0.827874
76694: 0.827877
76695: 0.827879
76696: 0.827868
76697: 0.827857
76698: 0.827847
76699: 0.827836
76700: 0.827838
76701: 0.82784
76702: 0.827842
76703: 0.827845
76704: 0.827847
76705: 0.827849
76706: 0.827851
76707: 0.827854
76708: 0.827856
76709: 0.827858
76710: 0.82786
76711: 0.827863
76712: 0.827865
76713: 0.827854
76714: 0.827843
76715: 0.827833
76716: 0.827822
76717: 0.827824
76718: 0.827826
76719: 0.827828
76720: 0.827818
76721: 0.82782
76722: 0.827822
76723: 0.827824
76724: 0.827827
76725: 0.827829
76726: 0.827831
76727: 0.82782
76728: 0.827823
76729: 0.827825
76730: 0.827827
76731: 0.827829
76732: 0.827819
76733: 0.827821
76734: 0.827823
76735: 0.827825
76736: 0.827828
76737: 0.82783
76738: 0.827832
76739: 0.827834
76740: 0.827836
76741: 0.827826
76742: 0.827828
76743: 0.82783
76744: 0.827832
76745: 0.827835
76746: 0.827837
76747: 0.827839
76748: 0.827828
76749: 0.827818
76750: 0.827807
76751: 0.827809
76752: 0.827811
76753: 0.827814
76754: 0.827816
76755: 0.827818
76756: 0.82782
76757: 0.827823
76758: 0.827825
76759: 0.827827
76760: 0.827829
76761: 0.827831
76762: 0.827834
76763: 0.827836
76764: 0.827838
76765: 0.82784
76766: 0.827843
76767: 0.827845
76768: 0.827834
76769: 0.827823
76770: 0.827813
76771: 0.827815
76772: 0.827804
76773: 0.827806
76774: 0.827809
76775: 0.827798
76776: 0.8278
76777: 0.827802
76778: 0.827804
76779: 0.827794
76780: 0.827783
76781: 0.827785
76782: 0.827787
76783: 0.82779
76784: 0.827792
76785: 0.827794
76786: 0.827796
76787: 0.827799
76788: 0.827801
76789: 0.827803
76790: 0.827805
76791: 0.827808
76792: 0.827797
76793: 0.827786
76794: 0.827788
76795: 0.827791
76796: 0.82778
76797: 0.827782
76798: 0.827784
76799: 0.827786
76800: 0.827789
76801: 0.827791
76802: 0.827793
76803: 0.827795
76804: 0.827798
76805: 0.827787
76806: 0.827789
76807: 0.827791
76808: 0.827794
76809: 0.827796
76810: 0.827798
76811: 0.8278
76812: 0.827803
76813: 0.827805
76814: 0.827807
76815: 0.827809
76816: 0.827799
76817: 0.827801
76818: 0.827803
76819: 0.827805
76820: 0.827794
76821: 0.827784
76822: 0.827786
76823: 0.827788
76824: 0.82779
76825: 0.827793
76826: 0.827795
76827: 0.827784
76828: 0.827786
76829: 0.827789
76830: 0.827791
76831: 0.827793
76832: 0.827782
76833: 0.827785
76834: 0.827787
76835: 0.827789
76836: 0.827791
76837: 0.827794
76838: 0.827796
76839: 0.827798
76840: 0.8278
76841: 0.827803
76842: 0.827792
76843: 0.827781
76844: 0.827783
76845: 0.827785
76846: 0.827788
76847: 0.82779
76848: 0.827792
76849: 0.827794
76850: 0.827784
76851: 0.827773
76852: 0.827762
76853: 0.827751
76854: 0.827741
76855: 0.827743
76856: 0.827745
76857: 0.827747
76858: 0.82775
76859: 0.827752
76860: 0.827754
76861: 0.827756
76862: 0.827758
76863: 0.827761
76864: 0.827763
76865: 0.827765
76866: 0.827767
76867: 0.82777
76868: 0.827772
76869: 0.827761
76870: 0.827763
76871: 0.827766
76872: 0.827768
76873: 0.82777
76874: 0.827772
76875: 0.827775
76876: 0.827777
76877: 0.827779
76878: 0.827781
76879: 0.827784
76880: 0.827786
76881: 0.827775
76882: 0.827764
76883: 0.827767
76884: 0.827769
76885: 0.827771
76886: 0.82776
76887: 0.827749
76888: 0.827752
76889: 0.827754
76890: 0.827756
76891: 0.827758
76892: 0.827761
76893: 0.827763
76894: 0.827765
76895: 0.827767
76896: 0.827757
76897: 0.827759
76898: 0.827761
76899: 0.827763
76900: 0.827766
76901: 0.827768
76902: 0.82777
76903: 0.827772
76904: 0.827775
76905: 0.827777
76906: 0.827779
76907: 0.827781
76908: 0.827783
76909: 0.827786
76910: 0.827775
76911: 0.827777
76912: 0.827779
76913: 0.827782
76914: 0.827784
76915: 0.827786
76916: 0.827788
76917: 0.827791
76918: 0.827793
76919: 0.827795
76920: 0.827797
76921: 0.8278
76922: 0.827802
76923: 0.827804
76924: 0.827806
76925: 0.827809
76926: 0.827811
76927: 0.827813
76928: 0.827815
76929: 0.827817
76930: 0.82782
76931: 0.827822
76932: 0.827824
76933: 0.827826
76934: 0.827829
76935: 0.827831
76936: 0.827833
76937: 0.827835
76938: 0.827838
76939: 0.82784
76940: 0.827829
76941: 0.827818
76942: 0.827808
76943: 0.82781
76944: 0.827812
76945: 0.827814
76946: 0.827804
76947: 0.827806
76948: 0.827808
76949: 0.827797
76950: 0.8278
76951: 0.827802
76952: 0.827804
76953: 0.827806
76954: 0.827808
76955: 0.827811
76956: 0.827813
76957: 0.827815
76958: 0.827817
76959: 0.82782
76960: 0.827822
76961: 0.827824
76962: 0.827826
76963: 0.827829
76964: 0.827831
76965: 0.827833
76966: 0.827835
76967: 0.827825
76968: 0.827827
76969: 0.827829
76970: 0.827831
76971: 0.827833
76972: 0.827836
76973: 0.827825
76974: 0.827814
76975: 0.827803
76976: 0.827806
76977: 0.827808
76978: 0.82781
76979: 0.827812
76980: 0.827815
76981: 0.827804
76982: 0.827806
76983: 0.827808
76984: 0.827811
76985: 0.827813
76986: 0.827815
76987: 0.827817
76988: 0.82782
76989: 0.827822
76990: 0.827824
76991: 0.827826
76992: 0.827816
76993: 0.827818
76994: 0.82782
76995: 0.827822
76996: 0.827824
76997: 0.827827
76998: 0.827816
76999: 0.827805
77000: 0.827807
77001: 0.82781
77002: 0.827799
77003: 0.827801
77004: 0.827803
77005: 0.827793
77006: 0.827795
77007: 0.827797
77008: 0.827799
77009: 0.827802
77010: 0.827804
77011: 0.827806
77012: 0.827808
77013: 0.827811
77014: 0.8278
77015: 0.827789
77016: 0.827778
77017: 0.827768
77018: 0.827757
77019: 0.827759
77020: 0.827761
77021: 0.827763
77022: 0.827766
77023: 0.827755
77024: 0.827744
77025: 0.827746
77026: 0.827749
77027: 0.827751
77028: 0.827753
77029: 0.827755
77030: 0.827745
77031: 0.827734
77032: 0.827736
77033: 0.827725
77034: 0.827715
77035: 0.827717
77036: 0.827719
77037: 0.827721
77038: 0.827724
77039: 0.827726
77040: 0.827728
77041: 0.82773
77042: 0.827733
77043: 0.827735
77044: 0.827737
77045: 0.827739
77046: 0.827742
77047: 0.827744
77048: 0.827746
77049: 0.827748
77050: 0.82775
77051: 0.827753
77052: 0.827755
77053: 0.827757
77054: 0.827759
77055: 0.827762
77056: 0.827764
77057: 0.827766
77058: 0.827768
77059: 0.827771
77060: 0.827773
77061: 0.827775
77062: 0.827777
77063: 0.82778
77064: 0.827782
77065: 0.827784
77066: 0.827786
77067: 0.827788
77068: 0.827791
77069: 0.827793
77070: 0.827795
77071: 0.827797
77072: 0.827787
77073: 0.827789
77074: 0.827778
77075: 0.827767
77076: 0.82777
77077: 0.827772
77078: 0.827774
77079: 0.827776
77080: 0.827779
77081: 0.827768
77082: 0.82777
77083: 0.827772
77084: 0.827775
77085: 0.827764
77086: 0.827766
77087: 0.827768
77088: 0.827758
77089: 0.827747
77090: 0.827736
77091: 0.827738
77092: 0.827741
77093: 0.827743
77094: 0.827745
77095: 0.827747
77096: 0.827749
77097: 0.827752
77098: 0.827741
77099: 0.82773
77100: 0.827732
77101: 0.827735
77102: 0.827737
77103: 0.827726
77104: 0.827715
77105: 0.827705
77106: 0.827694
77107: 0.827696
77108: 0.827698
77109: 0.827688
77110: 0.82769
77111: 0.827692
77112: 0.827694
77113: 0.827697
77114: 0.827699
77115: 0.827701
77116: 0.827703
77117: 0.827706
77118: 0.827708
77119: 0.827697
77120: 0.827686
77121: 0.827676
77122: 0.827678
77123: 0.82768
77124: 0.827669
77125: 0.827672
77126: 0.827674
77127: 0.827676
77128: 0.827678
77129: 0.827681
77130: 0.827683
77131: 0.827685
77132: 0.827674
77133: 0.827664
77134: 0.827653
77135: 0.827655
77136: 0.827657
77137: 0.82766
77138: 0.827662
77139: 0.827664
77140: 0.827666
77141: 0.827668
77142: 0.827671
77143: 0.82766
77144: 0.827649
77145: 0.827639
77146: 0.827641
77147: 0.827643
77148: 0.827645
77149: 0.827647
77150: 0.82765
77151: 0.827652
77152: 0.827654
77153: 0.827656
77154: 0.827646
77155: 0.827635
77156: 0.827624
77157: 0.827613
77158: 0.827603
77159: 0.827605
77160: 0.827607
77161: 0.827609
77162: 0.827599
77163: 0.827588
77164: 0.82759
77165: 0.827592
77166: 0.827595
77167: 0.827597
77168: 0.827599
77169: 0.827601
77170: 0.827604
77171: 0.827606
77172: 0.827608
77173: 0.82761
77174: 0.827613
77175: 0.827615
77176: 0.827617
77177: 0.827619
77178: 0.827622
77179: 0.827624
77180: 0.827626
77181: 0.827628
77182: 0.827617
77183: 0.82762
77184: 0.827609
77185: 0.827611
77186: 0.827613
77187: 0.827616
77188: 0.827618
77189: 0.82762
77190: 0.827622
77191: 0.827625
77192: 0.827627
77193: 0.827629
77194: 0.827631
77195: 0.827634
77196: 0.827636
77197: 0.827638
77198: 0.82764
77199: 0.827642
77200: 0.827645
77201: 0.827647
77202: 0.827649
77203: 0.827651
77204: 0.827654
77205: 0.827656
77206: 0.827658
77207: 0.82766
77208: 0.82765
77209: 0.827639
77210: 0.827641
77211: 0.82763
77212: 0.82762
77213: 0.827622
77214: 0.827624
77215: 0.827626
77216: 0.827629
77217: 0.827618
77218: 0.82762
77219: 0.827622
77220: 0.827625
77221: 0.827627
77222: 0.827629
77223: 0.827631
77224: 0.827634
77225: 0.827623
77226: 0.827625
77227: 0.827627
77228: 0.82763
77229: 0.827632
77230: 0.827634
77231: 0.827636
77232: 0.827638
77233: 0.827641
77234: 0.827643
77235: 0.827645
77236: 0.827647
77237: 0.82765
77238: 0.827652
77239: 0.827654
77240: 0.827656
77241: 0.827646
77242: 0.827635
77243: 0.827637
77244: 0.827639
77245: 0.827642
77246: 0.827644
77247: 0.827646
77248: 0.827635
77249: 0.827625
77250: 0.827627
77251: 0.827629
77252: 0.827631
77253: 0.827634
77254: 0.827636
77255: 0.827638
77256: 0.827627
77257: 0.82763
77258: 0.827632
77259: 0.827634
77260: 0.827636
77261: 0.827638
77262: 0.827641
77263: 0.82763
77264: 0.827632
77265: 0.827634
77266: 0.827637
77267: 0.827639
77268: 0.827641
77269: 0.827643
77270: 0.827646
77271: 0.827648
77272: 0.82765
77273: 0.827652
77274: 0.827654
77275: 0.827657
77276: 0.827659
77277: 0.827661
77278: 0.827663
77279: 0.827666
77280: 0.827655
77281: 0.827644
77282: 0.827634
77283: 0.827623
77284: 0.827625
77285: 0.827627
77286: 0.827629
77287: 0.827632
77288: 0.827634
77289: 0.827636
77290: 0.827638
77291: 0.827628
77292: 0.827617
77293: 0.827606
77294: 0.827609
77295: 0.827611
77296: 0.827613
77297: 0.827615
77298: 0.827617
77299: 0.82762
77300: 0.827609
77301: 0.827611
77302: 0.827613
77303: 0.827616
77304: 0.827618
77305: 0.82762
77306: 0.827622
77307: 0.827625
77308: 0.827627
77309: 0.827629
77310: 0.827631
77311: 0.827633
77312: 0.827636
77313: 0.827638
77314: 0.82764
77315: 0.827642
77316: 0.827645
77317: 0.827647
77318: 0.827649
77319: 0.827651
77320: 0.827654
77321: 0.827643
77322: 0.827632
77323: 0.827634
77324: 0.827637
77325: 0.827639
77326: 0.827641
77327: 0.827643
77328: 0.827646
77329: 0.827635
77330: 0.827624
77331: 0.827626
77332: 0.827616
77333: 0.827605
77334: 0.827607
77335: 0.827609
77336: 0.827612
77337: 0.827601
77338: 0.82759
77339: 0.827592
77340: 0.827595
77341: 0.827597
77342: 0.827599
77343: 0.827601
77344: 0.827604
77345: 0.827606
77346: 0.827608
77347: 0.82761
77348: 0.827613
77349: 0.827615
77350: 0.827617
77351: 0.827619
77352: 0.827621
77353: 0.827624
77354: 0.827626
77355: 0.827628
77356: 0.82763
77357: 0.827633
77358: 0.827635
77359: 0.827637
77360: 0.827639
77361: 0.827641
77362: 0.827644
77363: 0.827646
77364: 0.827635
77365: 0.827637
77366: 0.82764
77367: 0.827642
77368: 0.827631
77369: 0.827633
77370: 0.827636
77371: 0.827638
77372: 0.82764
77373: 0.827642
77374: 0.827645
77375: 0.827647
77376: 0.827636
77377: 0.827625
77378: 0.827628
77379: 0.82763
77380: 0.827632
77381: 0.827634
77382: 0.827637
77383: 0.827639
77384: 0.827641
77385: 0.82763
77386: 0.827633
77387: 0.827635
77388: 0.827637
77389: 0.827639
77390: 0.827641
77391: 0.827631
77392: 0.827633
77393: 0.827635
77394: 0.827637
77395: 0.82764
77396: 0.827642
77397: 0.827644
77398: 0.827646
77399: 0.827649
77400: 0.827651
77401: 0.827653
77402: 0.827655
77403: 0.827657
77404: 0.82766
77405: 0.827662
77406: 0.827664
77407: 0.827666
77408: 0.827669
77409: 0.827671
77410: 0.827673
77411: 0.827675
77412: 0.827678
77413: 0.82768
77414: 0.827682
77415: 0.827684
77416: 0.827686
77417: 0.827689
77418: 0.827691
77419: 0.827693
77420: 0.827695
77421: 0.827698
77422: 0.8277
77423: 0.827702
77424: 0.827704
77425: 0.827706
77426: 0.827709
77427: 0.827711
77428: 0.827713
77429: 0.827715
77430: 0.827718
77431: 0.82772
77432: 0.827709
77433: 0.827698
77434: 0.827688
77435: 0.82769
77436: 0.827692
77437: 0.827694
77438: 0.827697
77439: 0.827699
77440: 0.827701
77441: 0.827703
77442: 0.827706
77443: 0.827695
77444: 0.827684
77445: 0.827673
77446: 0.827676
77447: 0.827678
77448: 0.827667
77449: 0.827657
77450: 0.827646
77451: 0.827635
77452: 0.827637
77453: 0.82764
77454: 0.827642
77455: 0.827644
77456: 0.827633
77457: 0.827623
77458: 0.827612
77459: 0.827614
77460: 0.827616
77461: 0.827619
77462: 0.827621
77463: 0.827623
77464: 0.827625
77465: 0.827628
77466: 0.827617
77467: 0.827619
77468: 0.827621
77469: 0.827611
77470: 0.827613
77471: 0.827615
77472: 0.827617
77473: 0.82762
77474: 0.827622
77475: 0.827611
77476: 0.827613
77477: 0.827616
77478: 0.827618
77479: 0.82762
77480: 0.827622
77481: 0.827612
77482: 0.827614
77483: 0.827616
77484: 0.827618
77485: 0.82762
77486: 0.827623
77487: 0.827612
77488: 0.827601
77489: 0.827591
77490: 0.827593
77491: 0.827595
77492: 0.827597
77493: 0.8276
77494: 0.827602
77495: 0.827604
77496: 0.827606
77497: 0.827608
77498: 0.827611
77499: 0.827613
77500: 0.827615
77501: 0.827617
77502: 0.82762
77503: 0.827622
77504: 0.827624
77505: 0.827626
77506: 0.827628
77507: 0.827631
77508: 0.827633
77509: 0.827635
77510: 0.827637
77511: 0.82764
77512: 0.827642
77513: 0.827631
77514: 0.82762
77515: 0.82761
77516: 0.827612
77517: 0.827614
77518: 0.827616
77519: 0.827619
77520: 0.827621
77521: 0.827623
77522: 0.827625
77523: 0.827628
77524: 0.82763
77525: 0.827632
77526: 0.827634
77527: 0.827636
77528: 0.827626
77529: 0.827628
77530: 0.82763
77531: 0.827632
77532: 0.827635
77533: 0.827637
77534: 0.827626
77535: 0.827628
77536: 0.827631
77537: 0.827633
77538: 0.827635
77539: 0.827624
77540: 0.827614
77541: 0.827603
77542: 0.827605
77543: 0.827595
77544: 0.827597
77545: 0.827599
77546: 0.827588
77547: 0.827578
77548: 0.82758
77549: 0.827582
77550: 0.827584
77551: 0.827587
77552: 0.827589
77553: 0.827591
77554: 0.827593
77555: 0.827596
77556: 0.827598
77557: 0.8276
77558: 0.827589
77559: 0.827579
77560: 0.827568
77561: 0.82757
77562: 0.827572
77563: 0.827575
77564: 0.827577
77565: 0.827579
77566: 0.827581
77567: 0.827571
77568: 0.82756
77569: 0.827562
77570: 0.827564
77571: 0.827567
77572: 0.827569
77573: 0.827571
77574: 0.827573
77575: 0.827576
77576: 0.827578
77577: 0.82758
77578: 0.827582
77579: 0.827584
77580: 0.827574
77581: 0.827576
77582: 0.827565
77583: 0.827555
77584: 0.827544
77585: 0.827533
77586: 0.827536
77587: 0.827538
77588: 0.82754
77589: 0.827542
77590: 0.827532
77591: 0.827534
77592: 0.827536
77593: 0.827538
77594: 0.827528
77595: 0.827517
77596: 0.827506
77597: 0.827508
77598: 0.827511
77599: 0.827513
77600: 0.827515
77601: 0.827517
77602: 0.82752
77603: 0.827509
77604: 0.827498
77605: 0.8275
77606: 0.827503
77607: 0.827505
77608: 0.827507
77609: 0.827496
77610: 0.827486
77611: 0.827488
77612: 0.827477
77613: 0.82748
77614: 0.827482
77615: 0.827471
77616: 0.827473
77617: 0.827476
77618: 0.827478
77619: 0.82748
77620: 0.827482
77621: 0.827484
77622: 0.827487
77623: 0.827489
77624: 0.827491
77625: 0.827493
77626: 0.827496
77627: 0.827498
77628: 0.8275
77629: 0.827502
77630: 0.827504
77631: 0.827507
77632: 0.827509
77633: 0.827511
77634: 0.827513
77635: 0.827516
77636: 0.827518
77637: 0.827507
77638: 0.827509
77639: 0.827512
77640: 0.827514
77641: 0.827503
77642: 0.827492
77643: 0.827495
77644: 0.827497
77645: 0.827499
77646: 0.827501
77647: 0.827504
77648: 0.827506
77649: 0.827508
77650: 0.82751
77651: 0.827512
77652: 0.827515
77653: 0.827504
77654: 0.827506
77655: 0.827508
77656: 0.827498
77657: 0.8275
77658: 0.827502
77659: 0.827505
77660: 0.827507
77661: 0.827509
77662: 0.827511
77663: 0.827513
77664: 0.827516
77665: 0.827518
77666: 0.82752
77667: 0.827522
77668: 0.827524
77669: 0.827527
77670: 0.827516
77671: 0.827505
77672: 0.827495
77673: 0.827484
77674: 0.827473
77675: 0.827463
77676: 0.827465
77677: 0.827467
77678: 0.827469
77679: 0.827459
77680: 0.827448
77681: 0.82745
77682: 0.827453
77683: 0.827455
77684: 0.827457
77685: 0.827459
77686: 0.827461
77687: 0.827464
77688: 0.827466
77689: 0.827468
77690: 0.827457
77691: 0.827447
77692: 0.827449
77693: 0.827451
77694: 0.827454
77695: 0.827456
77696: 0.827458
77697: 0.82746
77698: 0.827462
77699: 0.827465
77700: 0.827467
77701: 0.827456
77702: 0.827458
77703: 0.827461
77704: 0.827463
77705: 0.827465
77706: 0.827454
77707: 0.827444
77708: 0.827446
77709: 0.827448
77710: 0.82745
77711: 0.827453
77712: 0.827442
77713: 0.827431
77714: 0.827434
77715: 0.827436
77716: 0.827425
77717: 0.827414
77718: 0.827404
77719: 0.827393
77720: 0.827383
77721: 0.827372
77722: 0.827374
77723: 0.827376
77724: 0.827379
77725: 0.827381
77726: 0.827383
77727: 0.827385
77728: 0.827387
77729: 0.82739
77730: 0.827392
77731: 0.827394
77732: 0.827396
77733: 0.827386
77734: 0.827375
77735: 0.827364
77736: 0.827354
77737: 0.827356
77738: 0.827358
77739: 0.827348
77740: 0.82735
77741: 0.827352
77742: 0.827354
77743: 0.827356
77744: 0.827359
77745: 0.827361
77746: 0.827363
77747: 0.827365
77748: 0.827368
77749: 0.82737
77750: 0.827372
77751: 0.827374
77752: 0.827376
77753: 0.827379
77754: 0.827381
77755: 0.827383
77756: 0.827385
77757: 0.827388
77758: 0.82739
77759: 0.827392
77760: 0.827394
77761: 0.827396
77762: 0.827399
77763: 0.827401
77764: 0.827403
77765: 0.827405
77766: 0.827408
77767: 0.82741
77768: 0.827412
77769: 0.827414
77770: 0.827416
77771: 0.827419
77772: 0.827421
77773: 0.827423
77774: 0.827425
77775: 0.827415
77776: 0.827404
77777: 0.827406
77778: 0.827408
77779: 0.827411
77780: 0.827413
77781: 0.827415
77782: 0.827404
77783: 0.827407
77784: 0.827396
77785: 0.827398
77786: 0.8274
77787: 0.827403
77788: 0.827405
77789: 0.827394
77790: 0.827396
77791: 0.827399
77792: 0.827401
77793: 0.827403
77794: 0.827405
77795: 0.827408
77796: 0.82741
77797: 0.827412
77798: 0.827414
77799: 0.827416
77800: 0.827419
77801: 0.827421
77802: 0.827423
77803: 0.827425
77804: 0.827428
77805: 0.82743
77806: 0.827432
77807: 0.827434
77808: 0.827436
77809: 0.827439
77810: 0.827441
77811: 0.827443
77812: 0.827432
77813: 0.827422
77814: 0.827411
77815: 0.827413
77816: 0.827416
77817: 0.827418
77818: 0.82742
77819: 0.827422
77820: 0.827424
77821: 0.827427
77822: 0.827429
77823: 0.827431
77824: 0.827433
77825: 0.827436
77826: 0.827438
77827: 0.82744
77828: 0.827442
77829: 0.827432
77830: 0.827434
77831: 0.827436
77832: 0.827438
77833: 0.82744
77834: 0.827443
77835: 0.827445
77836: 0.827447
77837: 0.827436
77838: 0.827426
77839: 0.827428
77840: 0.82743
77841: 0.827432
77842: 0.827435
77843: 0.827437
77844: 0.827439
77845: 0.827441
77846: 0.827444
77847: 0.827446
77848: 0.827448
77849: 0.82745
77850: 0.827452
77851: 0.827455
77852: 0.827457
77853: 0.827446
77854: 0.827436
77855: 0.827438
77856: 0.82744
77857: 0.827442
77858: 0.827444
77859: 0.827447
77860: 0.827449
77861: 0.827451
77862: 0.827441
77863: 0.827443
77864: 0.827445
77865: 0.827434
77866: 0.827424
77867: 0.827426
77868: 0.827428
77869: 0.82743
77870: 0.827433
77871: 0.827435
77872: 0.827437
77873: 0.827439
77874: 0.827441
77875: 0.827431
77876: 0.82742
77877: 0.827422
77878: 0.827412
77879: 0.827401
77880: 0.827391
77881: 0.827393
77882: 0.827395
77883: 0.827397
77884: 0.827387
77885: 0.827389
77886: 0.827391
77887: 0.827393
77888: 0.827383
77889: 0.827385
77890: 0.827387
77891: 0.827376
77892: 0.827379
77893: 0.827381
77894: 0.827383
77895: 0.827385
77896: 0.827387
77897: 0.82739
77898: 0.827392
77899: 0.827394
77900: 0.827396
77901: 0.827399
77902: 0.827401
77903: 0.827403
77904: 0.827405
77905: 0.827407
77906: 0.82741
77907: 0.827399
77908: 0.827388
77909: 0.827378
77910: 0.827367
77911: 0.827369
77912: 0.827372
77913: 0.827374
77914: 0.827376
77915: 0.827378
77916: 0.82738
77917: 0.827383
77918: 0.827385
77919: 0.827387
77920: 0.827389
77921: 0.827391
77922: 0.827381
77923: 0.827383
77924: 0.827385
77925: 0.827388
77926: 0.82739
77927: 0.827392
77928: 0.827394
77929: 0.827396
77930: 0.827399
77931: 0.827388
77932: 0.82739
77933: 0.827392
77934: 0.827395
77935: 0.827397
77936: 0.827399
77937: 0.827401
77938: 0.827403
77939: 0.827406
77940: 0.827408
77941: 0.82741
77942: 0.827412
77943: 0.827415
77944: 0.827417
77945: 0.827419
77946: 0.827421
77947: 0.827423
77948: 0.827426
77949: 0.827428
77950: 0.82743
77951: 0.827432
77952: 0.827434
77953: 0.827437
77954: 0.827439
77955: 0.827428
77956: 0.827431
77957: 0.82742
77958: 0.827422
77959: 0.827424
77960: 0.827427
77961: 0.827429
77962: 0.827431
77963: 0.82742
77964: 0.827423
77965: 0.827425
77966: 0.827427
77967: 0.827429
77968: 0.827431
77969: 0.827421
77970: 0.82741
77971: 0.827412
77972: 0.827415
77973: 0.827417
77974: 0.827406
77975: 0.827408
77976: 0.827398
77977: 0.827387
77978: 0.827389
77979: 0.827392
77980: 0.827394
77981: 0.827396
77982: 0.827398
77983: 0.8274
77984: 0.827403
77985: 0.827392
77986: 0.827394
77987: 0.827397
77988: 0.827399
77989: 0.827401
77990: 0.827403
77991: 0.827405
77992: 0.827408
77993: 0.82741
77994: 0.827412
77995: 0.827401
77996: 0.827404
77997: 0.827406
77998: 0.827408
77999: 0.82741
78000: 0.827412
78001: 0.827415
78002: 0.827417
78003: 0.827419
78004: 0.827421
78005: 0.827424
78006: 0.827426
78007: 0.827428
78008: 0.82743
78009: 0.827432
78010: 0.827422
78011: 0.827424
78012: 0.827426
78013: 0.827416
78014: 0.827418
78015: 0.82742
78016: 0.827422
78017: 0.827424
78018: 0.827427
78019: 0.827429
78020: 0.827431
78021: 0.827433
78022: 0.827435
78023: 0.827438
78024: 0.82744
78025: 0.827442
78026: 0.827432
78027: 0.827434
78028: 0.827436
78029: 0.827438
78030: 0.827428
78031: 0.827417
78032: 0.827406
78033: 0.827409
78034: 0.827411
78035: 0.827413
78036: 0.827415
78037: 0.827417
78038: 0.82742
78039: 0.827422
78040: 0.827411
78041: 0.827413
78042: 0.827416
78043: 0.827418
78044: 0.827407
78045: 0.827397
78046: 0.827399
78047: 0.827388
78048: 0.82739
78049: 0.827393
78050: 0.827395
78051: 0.827397
78052: 0.827399
78053: 0.827402
78054: 0.827404
78055: 0.827406
78056: 0.827408
78057: 0.82741
78058: 0.827413
78059: 0.827415
78060: 0.827417
78061: 0.827419
78062: 0.827421
78063: 0.827424
78064: 0.827426
78065: 0.827428
78066: 0.82743
78067: 0.827432
78068: 0.827435
78069: 0.827437
78070: 0.827439
78071: 0.827429
78072: 0.827418
78073: 0.827407
78074: 0.82741
78075: 0.827412
78076: 0.827414
78077: 0.827416
78078: 0.827418
78079: 0.827421
78080: 0.827423
78081: 0.827425
78082: 0.827427
78083: 0.827429
78084: 0.827432
78085: 0.827434
78086: 0.827423
78087: 0.827425
78088: 0.827428
78089: 0.82743
78090: 0.827432
78091: 0.827434
78092: 0.827437
78093: 0.827439
78094: 0.827441
78095: 0.827443
78096: 0.827445
78097: 0.827435
78098: 0.827424
78099: 0.827426
78100: 0.827429
78101: 0.827418
78102: 0.827407
78103: 0.82741
78104: 0.827412
78105: 0.827414
78106: 0.827416
78107: 0.827418
78108: 0.827421
78109: 0.82741
78110: 0.827399
78111: 0.827389
78112: 0.827378
78113: 0.82738
78114: 0.827383
78115: 0.827385
78116: 0.827387
78117: 0.827389
78118: 0.827392
78119: 0.827394
78120: 0.827396
78121: 0.827398
78122: 0.8274
78123: 0.827403
78124: 0.827405
78125: 0.827407
78126: 0.827409
78127: 0.827399
78128: 0.827388
78129: 0.82739
78130: 0.827392
78131: 0.827395
78132: 0.827397
78133: 0.827386
78134: 0.827388
78135: 0.827391
78136: 0.827393
78137: 0.827395
78138: 0.827397
78139: 0.8274
78140: 0.827402
78141: 0.827404
78142: 0.827406
78143: 0.827408
78144: 0.827411
78145: 0.827413
78146: 0.827415
78147: 0.827417
78148: 0.827419
78149: 0.827422
78150: 0.827424
78151: 0.827426
78152: 0.827428
78153: 0.82743
78154: 0.827433
78155: 0.827435
78156: 0.827437
78157: 0.827439
78158: 0.827429
78159: 0.827418
78160: 0.82742
78161: 0.827423
78162: 0.827425
78163: 0.827427
78164: 0.827429
78165: 0.827431
78166: 0.827434
78167: 0.827436
78168: 0.827438
78169: 0.82744
78170: 0.827442
78171: 0.827445
78172: 0.827434
78173: 0.827436
78174: 0.827438
78175: 0.827441
78176: 0.827443
78177: 0.827445
78178: 0.827447
78179: 0.827449
78180: 0.827452
78181: 0.827454
78182: 0.827456
78183: 0.827446
78184: 0.827435
78185: 0.827437
78186: 0.827439
78187: 0.827429
78188: 0.827431
78189: 0.827433
78190: 0.827435
78191: 0.827438
78192: 0.82744
78193: 0.827442
78194: 0.827444
78195: 0.827446
78196: 0.827449
78197: 0.827451
78198: 0.827453
78199: 0.827455
78200: 0.827457
78201: 0.82746
78202: 0.827462
78203: 0.827464
78204: 0.827466
78205: 0.827468
78206: 0.827471
78207: 0.827473
78208: 0.827475
78209: 0.827477
78210: 0.82748
78211: 0.827482
78212: 0.827484
78213: 0.827486
78214: 0.827488
78215: 0.827491
78216: 0.827493
78217: 0.827495
78218: 0.827497
78219: 0.827499
78220: 0.827502
78221: 0.827504
78222: 0.827506
78223: 0.827508
78224: 0.82751
78225: 0.827513
78226: 0.827515
78227: 0.827517
78228: 0.827519
78229: 0.827521
78230: 0.827524
78231: 0.827526
78232: 0.827528
78233: 0.82753
78234: 0.827532
78235: 0.827522
78236: 0.827511
78237: 0.827513
78238: 0.827516
78239: 0.827505
78240: 0.827507
78241: 0.82751
78242: 0.827512
78243: 0.827514
78244: 0.827516
78245: 0.827518
78246: 0.827521
78247: 0.827523
78248: 0.827525
78249: 0.827527
78250: 0.827529
78251: 0.827532
78252: 0.827534
78253: 0.827536
78254: 0.827538
78255: 0.82754
78256: 0.827543
78257: 0.827545
78258: 0.827547
78259: 0.827549
78260: 0.827539
78261: 0.827528
78262: 0.827517
78263: 0.82752
78264: 0.827509
78265: 0.827511
78266: 0.827514
78267: 0.827516
78268: 0.827518
78269: 0.82752
78270: 0.827522
78271: 0.827525
78272: 0.827527
78273: 0.827529
78274: 0.827531
78275: 0.827533
78276: 0.827536
78277: 0.827538
78278: 0.82754
78279: 0.827542
78280: 0.827544
78281: 0.827547
78282: 0.827549
78283: 0.827551
78284: 0.827553
78285: 0.827555
78286: 0.827558
78287: 0.82756
78288: 0.827562
78289: 0.827551
78290: 0.827541
78291: 0.82753
78292: 0.827532
78293: 0.827535
78294: 0.827537
78295: 0.827539
78296: 0.827541
78297: 0.827531
78298: 0.827533
78299: 0.827535
78300: 0.827537
78301: 0.82754
78302: 0.827542
78303: 0.827544
78304: 0.827546
78305: 0.827536
78306: 0.827538
78307: 0.82754
78308: 0.827542
78309: 0.827544
78310: 0.827547
78311: 0.827549
78312: 0.827538
78313: 0.827528
78314: 0.82753
78315: 0.827532
78316: 0.827534
78317: 0.827536
78318: 0.827539
78319: 0.827541
78320: 0.827543
78321: 0.827545
78322: 0.827547
78323: 0.82755
78324: 0.827552
78325: 0.827554
78326: 0.827556
78327: 0.827558
78328: 0.827561
78329: 0.827563
78330: 0.827565
78331: 0.827567
78332: 0.827569
78333: 0.827572
78334: 0.827574
78335: 0.827576
78336: 0.827578
78337: 0.82758
78338: 0.827583
78339: 0.827585
78340: 0.827587
78341: 0.827589
78342: 0.827591
78343: 0.827594
78344: 0.827596
78345: 0.827598
78346: 0.8276
78347: 0.827602
78348: 0.827605
78349: 0.827607
78350: 0.827609
78351: 0.827611
78352: 0.827613
78353: 0.827603
78354: 0.827592
78355: 0.827582
78356: 0.827584
78357: 0.827586
78358: 0.827588
78359: 0.827591
78360: 0.827593
78361: 0.827582
78362: 0.827584
78363: 0.827587
78364: 0.827589
78365: 0.827591
78366: 0.827593
78367: 0.827595
78368: 0.827598
78369: 0.8276
78370: 0.827602
78371: 0.827604
78372: 0.827606
78373: 0.827609
78374: 0.827611
78375: 0.827613
78376: 0.827615
78377: 0.827617
78378: 0.82762
78379: 0.827622
78380: 0.827624
78381: 0.827626
78382: 0.827628
78383: 0.827631
78384: 0.827633
78385: 0.827635
78386: 0.827637
78387: 0.827639
78388: 0.827642
78389: 0.827644
78390: 0.827646
78391: 0.827648
78392: 0.82765
78393: 0.827653
78394: 0.827655
78395: 0.827657
78396: 0.827659
78397: 0.827649
78398: 0.827638
78399: 0.827628
78400: 0.82763
78401: 0.827632
78402: 0.827621
78403: 0.827611
78404: 0.827613
78405: 0.827615
78406: 0.827617
78407: 0.82762
78408: 0.827622
78409: 0.827624
78410: 0.827626
78411: 0.827616
78412: 0.827618
78413: 0.82762
78414: 0.827622
78415: 0.827624
78416: 0.827627
78417: 0.827629
78418: 0.827631
78419: 0.827633
78420: 0.827635
78421: 0.827638
78422: 0.82764
78423: 0.827642
78424: 0.827644
78425: 0.827646
78426: 0.827636
78427: 0.827625
78428: 0.827615
78429: 0.827617
78430: 0.827619
78431: 0.827621
78432: 0.827624
78433: 0.827626
78434: 0.827628
78435: 0.82763
78436: 0.827632
78437: 0.827635
78438: 0.827624
78439: 0.827626
78440: 0.827628
78441: 0.827631
78442: 0.827633
78443: 0.827635
78444: 0.827637
78445: 0.827639
78446: 0.827642
78447: 0.827631
78448: 0.827633
78449: 0.827635
78450: 0.827638
78451: 0.82764
78452: 0.827642
78453: 0.827644
78454: 0.827646
78455: 0.827649
78456: 0.827651
78457: 0.827653
78458: 0.827655
78459: 0.827657
78460: 0.82766
78461: 0.827662
78462: 0.827651
78463: 0.827641
78464: 0.827643
78465: 0.827645
78466: 0.827647
78467: 0.827649
78468: 0.827652
78469: 0.827654
78470: 0.827643
78471: 0.827646
78472: 0.827648
78473: 0.82765
78474: 0.827652
78475: 0.827654
78476: 0.827657
78477: 0.827646
78478: 0.827635
78479: 0.827625
78480: 0.827614
78481: 0.827604
78482: 0.827606
78483: 0.827608
78484: 0.82761
78485: 0.827613
78486: 0.827615
78487: 0.827617
78488: 0.827619
78489: 0.827621
78490: 0.827611
78491: 0.8276
78492: 0.82759
78493: 0.827592
78494: 0.827594
78495: 0.827596
78496: 0.827599
78497: 0.827588
78498: 0.827577
78499: 0.82758
78500: 0.827582
78501: 0.827584
78502: 0.827586
78503: 0.827588
78504: 0.827591
78505: 0.82758
78506: 0.827582
78507: 0.827572
78508: 0.827574
78509: 0.827576
78510: 0.827578
78511: 0.82758
78512: 0.827583
78513: 0.827585
78514: 0.827587
78515: 0.827589
78516: 0.827591
78517: 0.827594
78518: 0.827596
78519: 0.827598
78520: 0.8276
78521: 0.827602
78522: 0.827605
78523: 0.827607
78524: 0.827609
78525: 0.827611
78526: 0.827613
78527: 0.827616
78528: 0.827618
78529: 0.827607
78530: 0.827597
78531: 0.827586
78532: 0.827576
78533: 0.827578
78534: 0.82758
78535: 0.827582
78536: 0.827584
78537: 0.827587
78538: 0.827589
78539: 0.827578
78540: 0.82758
78541: 0.827583
78542: 0.827585
78543: 0.827587
78544: 0.827589
78545: 0.827591
78546: 0.827594
78547: 0.827596
78548: 0.827598
78549: 0.8276
78550: 0.827602
78551: 0.827605
78552: 0.827607
78553: 0.827609
78554: 0.827611
78555: 0.827613
78556: 0.827616
78557: 0.827618
78558: 0.82762
78559: 0.827622
78560: 0.827624
78561: 0.827627
78562: 0.827629
78563: 0.827631
78564: 0.827633
78565: 0.827635
78566: 0.827638
78567: 0.82764
78568: 0.827642
78569: 0.827644
78570: 0.827646
78571: 0.827649
78572: 0.827651
78573: 0.827653
78574: 0.827655
78575: 0.827645
78576: 0.827647
78577: 0.827649
78578: 0.827651
78579: 0.827653
78580: 0.827656
78581: 0.827658
78582: 0.82766
78583: 0.827649
78584: 0.827639
78585: 0.827641
78586: 0.827643
78587: 0.827645
78588: 0.827648
78589: 0.82765
78590: 0.827639
78591: 0.827629
78592: 0.827631
78593: 0.827633
78594: 0.827635
78595: 0.827638
78596: 0.82764
78597: 0.827642
78598: 0.827644
78599: 0.827646
78600: 0.827636
78601: 0.827638
78602: 0.82764
78603: 0.827642
78604: 0.827645
78605: 0.827647
78606: 0.827649
78607: 0.827651
78608: 0.827653
78609: 0.827656
78610: 0.827658
78611: 0.827647
78612: 0.827637
78613: 0.827626
78614: 0.827628
78615: 0.827631
78616: 0.827633
78617: 0.827635
78618: 0.827637
78619: 0.827639
78620: 0.827641
78621: 0.827644
78622: 0.827646
78623: 0.827648
78624: 0.82765
78625: 0.827652
78626: 0.827655
78627: 0.827657
78628: 0.827659
78629: 0.827661
78630: 0.827663
78631: 0.827666
78632: 0.827655
78633: 0.827645
78634: 0.827647
78635: 0.827649
78636: 0.827651
78637: 0.827653
78638: 0.827655
78639: 0.827658
78640: 0.82766
78641: 0.827662
78642: 0.827664
78643: 0.827666
78644: 0.827669
78645: 0.827658
78646: 0.82766
78647: 0.827662
78648: 0.827665
78649: 0.827667
78650: 0.827669
78651: 0.827671
78652: 0.827673
78653: 0.827676
78654: 0.827678
78655: 0.82768
78656: 0.82767
78657: 0.827672
78658: 0.827674
78659: 0.827676
78660: 0.827678
78661: 0.827668
78662: 0.82767
78663: 0.827672
78664: 0.827674
78665: 0.827677
78666: 0.827666
78667: 0.827668
78668: 0.82767
78669: 0.827673
78670: 0.827675
78671: 0.827677
78672: 0.827679
78673: 0.827681
78674: 0.827684
78675: 0.827686
78676: 0.827688
78677: 0.82769
78678: 0.827692
78679: 0.827694
78680: 0.827684
78681: 0.827673
78682: 0.827676
78683: 0.827678
78684: 0.82768
78685: 0.827682
78686: 0.827684
78687: 0.827687
78688: 0.827689
78689: 0.827691
78690: 0.827693
78691: 0.827695
78692: 0.827698
78693: 0.8277
78694: 0.827702
78695: 0.827704
78696: 0.827706
78697: 0.827708
78698: 0.827711
78699: 0.827713
78700: 0.827715
78701: 0.827717
78702: 0.827719
78703: 0.827722
78704: 0.827724
78705: 0.827726
78706: 0.827728
78707: 0.82773
78708: 0.827733
78709: 0.827722
78710: 0.827724
78711: 0.827726
78712: 0.827729
78713: 0.827731
78714: 0.82772
78715: 0.82771
78716: 0.827712
78717: 0.827714
78718: 0.827716
78719: 0.827718
78720: 0.827721
78721: 0.827723
78722: 0.827725
78723: 0.827715
78724: 0.827717
78725: 0.827719
78726: 0.827721
78727: 0.827723
78728: 0.827725
78729: 0.827715
78730: 0.827717
78731: 0.827719
78732: 0.827722
78733: 0.827711
78734: 0.827713
78735: 0.827715
78736: 0.827718
78737: 0.82772
78738: 0.827709
78739: 0.827711
78740: 0.827714
78741: 0.827703
78742: 0.827693
78743: 0.827695
78744: 0.827697
78745: 0.827699
78746: 0.827701
78747: 0.827704
78748: 0.827706
78749: 0.827708
78750: 0.82771
78751: 0.827712
78752: 0.827714
78753: 0.827717
78754: 0.827719
78755: 0.827721
78756: 0.827723
78757: 0.827725
78758: 0.827728
78759: 0.82773
78760: 0.827732
78761: 0.827734
78762: 0.827724
78763: 0.827726
78764: 0.827728
78765: 0.82773
78766: 0.827732
78767: 0.827735
78768: 0.827724
78769: 0.827726
78770: 0.827728
78771: 0.827731
78772: 0.827733
78773: 0.827735
78774: 0.827737
78775: 0.827739
78776: 0.827742
78777: 0.827744
78778: 0.827746
78779: 0.827748
78780: 0.82775
78781: 0.827753
78782: 0.827755
78783: 0.827757
78784: 0.827759
78785: 0.827761
78786: 0.827763
78787: 0.827766
78788: 0.827755
78789: 0.827745
78790: 0.827734
78791: 0.827724
78792: 0.827726
78793: 0.827728
78794: 0.82773
78795: 0.82772
78796: 0.827709
78797: 0.827711
78798: 0.827714
78799: 0.827716
78800: 0.827718
78801: 0.827707
78802: 0.82771
78803: 0.827712
78804: 0.827714
78805: 0.827703
78806: 0.827706
78807: 0.827708
78808: 0.82771
78809: 0.827712
78810: 0.827714
78811: 0.827717
78812: 0.827719
78813: 0.827721
78814: 0.82771
78815: 0.827713
78816: 0.827702
78817: 0.827692
78818: 0.827681
78819: 0.827671
78820: 0.82766
78821: 0.82765
78822: 0.827639
78823: 0.827641
78824: 0.827644
78825: 0.827646
78826: 0.827648
78827: 0.82765
78828: 0.827652
78829: 0.827654
78830: 0.827644
78831: 0.827646
78832: 0.827648
78833: 0.827651
78834: 0.827653
78835: 0.827642
78836: 0.827632
78837: 0.827634
78838: 0.827636
78839: 0.827638
78840: 0.82764
78841: 0.827643
78842: 0.827645
78843: 0.827647
78844: 0.827649
78845: 0.827639
78846: 0.827628
78847: 0.827618
78848: 0.827607
78849: 0.827609
78850: 0.827612
78851: 0.827614
78852: 0.827603
78853: 0.827593
78854: 0.827582
78855: 0.827584
78856: 0.827587
78857: 0.827589
78858: 0.827591
78859: 0.827593
78860: 0.827595
78861: 0.827598
78862: 0.8276
78863: 0.827602
78864: 0.827591
78865: 0.827581
78866: 0.82757
78867: 0.827573
78868: 0.827575
78869: 0.827577
78870: 0.827579
78871: 0.827581
78872: 0.827584
78873: 0.827586
78874: 0.827588
78875: 0.82759
78876: 0.827592
78877: 0.827595
78878: 0.827597
78879: 0.827599
78880: 0.827601
78881: 0.827603
78882: 0.827605
78883: 0.827608
78884: 0.827597
78885: 0.827587
78886: 0.827589
78887: 0.827591
78888: 0.827593
78889: 0.827595
78890: 0.827598
78891: 0.8276
78892: 0.827602
78893: 0.827604
78894: 0.827594
78895: 0.827596
78896: 0.827598
78897: 0.8276
78898: 0.827602
78899: 0.827605
78900: 0.827607
78901: 0.827609
78902: 0.827611
78903: 0.827613
78904: 0.827615
78905: 0.827618
78906: 0.827607
78907: 0.827597
78908: 0.827586
78909: 0.827576
78910: 0.827578
78911: 0.82758
78912: 0.82757
78913: 0.827559
78914: 0.827561
78915: 0.827563
78916: 0.827566
78917: 0.827555
78918: 0.827557
78919: 0.82756
78920: 0.827562
78921: 0.827564
78922: 0.827566
78923: 0.827568
78924: 0.82757
78925: 0.82756
78926: 0.827562
78927: 0.827552
78928: 0.827541
78929: 0.827531
78930: 0.82752
78931: 0.827522
78932: 0.827525
78933: 0.827527
78934: 0.827529
78935: 0.827531
78936: 0.827533
78937: 0.827536
78938: 0.827538
78939: 0.82754
78940: 0.827542
78941: 0.827544
78942: 0.827546
78943: 0.827549
78944: 0.827551
78945: 0.827553
78946: 0.827555
78947: 0.827557
78948: 0.827547
78949: 0.827536
78950: 0.827539
78951: 0.827541
78952: 0.827543
78953: 0.827532
78954: 0.827522
78955: 0.827512
78956: 0.827514
78957: 0.827516
78958: 0.827518
78959: 0.82752
78960: 0.827522
78961: 0.827525
78962: 0.827527
78963: 0.827516
78964: 0.827519
78965: 0.827508
78966: 0.827498
78967: 0.8275
78968: 0.827502
78969: 0.827504
78970: 0.827494
78971: 0.827496
78972: 0.827498
78973: 0.8275
78974: 0.827502
78975: 0.827505
78976: 0.827507
78977: 0.827509
78978: 0.827511
78979: 0.827501
78980: 0.827503
78981: 0.827492
78982: 0.827482
78983: 0.827471
78984: 0.827474
78985: 0.827476
78986: 0.827478
78987: 0.82748
78988: 0.82747
78989: 0.827472
78990: 0.827474
78991: 0.827476
78992: 0.827478
78993: 0.827481
78994: 0.827483
78995: 0.827485
78996: 0.827487
78997: 0.827477
78998: 0.827466
78999: 0.827468
79000: 0.827471
79001: 0.827473
79002: 0.827475
79003: 0.827477
79004: 0.827479
79005: 0.827481
79006: 0.827484
79007: 0.827486
79008: 0.827488
79009: 0.82749
79010: 0.827492
79011: 0.827495
79012: 0.827484
79013: 0.827486
79014: 0.827476
79015: 0.827465
79016: 0.827455
79017: 0.827444
79018: 0.827434
79019: 0.827423
79020: 0.827413
79021: 0.827415
79022: 0.827417
79023: 0.82742
79024: 0.827422
79025: 0.827424
79026: 0.827426
79027: 0.827428
79028: 0.82743
79029: 0.827433
79030: 0.827435
79031: 0.827437
79032: 0.827427
79033: 0.827429
79034: 0.827431
79035: 0.827433
79036: 0.827435
79037: 0.827425
79038: 0.827414
79039: 0.827416
79040: 0.827419
79041: 0.827421
79042: 0.827423
79043: 0.827425
79044: 0.827427
79045: 0.82743
79046: 0.827432
79047: 0.827434
79048: 0.827436
79049: 0.827438
79050: 0.827441
79051: 0.827443
79052: 0.827445
79053: 0.827447
79054: 0.827449
79055: 0.827439
79056: 0.827441
79057: 0.827443
79058: 0.827445
79059: 0.827435
79060: 0.827437
79061: 0.827427
79062: 0.827429
79063: 0.827431
79064: 0.827433
79065: 0.827435
79066: 0.827437
79067: 0.82744
79068: 0.827442
79069: 0.827444
79070: 0.827434
79071: 0.827436
79072: 0.827438
79073: 0.82744
79074: 0.827442
79075: 0.827444
79076: 0.827447
79077: 0.827436
79078: 0.827426
79079: 0.827428
79080: 0.82743
79081: 0.827432
79082: 0.827434
79083: 0.827437
79084: 0.827439
79085: 0.827441
79086: 0.827443
79087: 0.827445
79088: 0.827435
79089: 0.827437
79090: 0.827439
79091: 0.827441
79092: 0.827444
79093: 0.827446
79094: 0.827448
79095: 0.82745
79096: 0.827452
79097: 0.827455
79098: 0.827457
79099: 0.827459
79100: 0.827448
79101: 0.827451
79102: 0.827453
79103: 0.827455
79104: 0.827457
79105: 0.827459
79106: 0.827462
79107: 0.827464
79108: 0.827466
79109: 0.827455
79110: 0.827445
79111: 0.827435
79112: 0.827437
79113: 0.827439
79114: 0.827428
79115: 0.827431
79116: 0.827433
79117: 0.827435
79118: 0.827437
79119: 0.827439
79120: 0.827442
79121: 0.827444
79122: 0.827446
79123: 0.827448
79124: 0.82745
79125: 0.827452
79126: 0.827455
79127: 0.827457
79128: 0.827446
79129: 0.827449
79130: 0.827451
79131: 0.827453
79132: 0.827455
79133: 0.827445
79134: 0.827447
79135: 0.827449
79136: 0.827451
79137: 0.827453
79138: 0.827455
79139: 0.827458
79140: 0.82746
79141: 0.827462
79142: 0.827464
79143: 0.827454
79144: 0.827456
79145: 0.827458
79146: 0.82746
79147: 0.82745
79148: 0.827439
79149: 0.827442
79150: 0.827444
79151: 0.827446
79152: 0.827448
79153: 0.82745
79154: 0.82744
79155: 0.827429
79156: 0.827419
79157: 0.827421
79158: 0.827423
79159: 0.827425
79160: 0.827415
79161: 0.827405
79162: 0.827407
79163: 0.827409
79164: 0.827411
79165: 0.827413
79166: 0.827415
79167: 0.827418
79168: 0.82742
79169: 0.827422
79170: 0.827424
79171: 0.827426
79172: 0.827429
79173: 0.827431
79174: 0.827433
79175: 0.827435
79176: 0.827437
79177: 0.827439
79178: 0.827442
79179: 0.827444
79180: 0.827446
79181: 0.827436
79182: 0.827425
79183: 0.827415
79184: 0.827404
79185: 0.827406
79186: 0.827409
79187: 0.827398
79188: 0.827388
79189: 0.82739
79190: 0.827392
79191: 0.827382
79192: 0.827384
79193: 0.827386
79194: 0.827388
79195: 0.82739
79196: 0.827392
79197: 0.827395
79198: 0.827397
79199: 0.827399
79200: 0.827401
79201: 0.827403
79202: 0.827406
79203: 0.827408
79204: 0.82741
79205: 0.827399
79206: 0.827389
79207: 0.827379
79208: 0.827381
79209: 0.827383
79210: 0.827385
79211: 0.827387
79212: 0.827389
79213: 0.827392
79214: 0.827394
79215: 0.827396
79216: 0.827398
79217: 0.8274
79218: 0.82739
79219: 0.827379
79220: 0.827369
79221: 0.827359
79222: 0.827361
79223: 0.827363
79224: 0.827365
79225: 0.827367
79226: 0.827357
79227: 0.827346
79228: 0.827349
79229: 0.827351
79230: 0.827353
79231: 0.827355
79232: 0.827357
79233: 0.827359
79234: 0.827362
79235: 0.827364
79236: 0.827366
79237: 0.827368
79238: 0.82737
79239: 0.827373
79240: 0.827362
79241: 0.827364
79242: 0.827366
79243: 0.827369
79244: 0.827371
79245: 0.827373
79246: 0.827375
79247: 0.827377
79248: 0.82738
79249: 0.827369
79250: 0.827371
79251: 0.827361
79252: 0.82735
79253: 0.82734
79254: 0.827342
79255: 0.827344
79256: 0.827346
79257: 0.827349
79258: 0.827351
79259: 0.827353
79260: 0.827355
79261: 0.827357
79262: 0.82736
79263: 0.827362
79264: 0.827364
79265: 0.827353
79266: 0.827356
79267: 0.827358
79268: 0.82736
79269: 0.827362
79270: 0.827364
79271: 0.827367
79272: 0.827369
79273: 0.827371
79274: 0.827373
79275: 0.827375
79276: 0.827377
79277: 0.82738
79278: 0.827382
79279: 0.827384
79280: 0.827386
79281: 0.827388
79282: 0.82739
79283: 0.827393
79284: 0.827395
79285: 0.827397
79286: 0.827399
79287: 0.827401
79288: 0.827404
79289: 0.827406
79290: 0.827408
79291: 0.82741
79292: 0.827412
79293: 0.827414
79294: 0.827417
79295: 0.827406
79296: 0.827408
79297: 0.827411
79298: 0.8274
79299: 0.82739
79300: 0.827379
79301: 0.827381
79302: 0.827384
79303: 0.827373
79304: 0.827375
79305: 0.827377
79306: 0.82738
79307: 0.827382
79308: 0.827384
79309: 0.827386
79310: 0.827388
79311: 0.827391
79312: 0.82738
79313: 0.82737
79314: 0.827359
79315: 0.827349
79316: 0.827351
79317: 0.827353
79318: 0.827355
79319: 0.827358
79320: 0.827347
79321: 0.827349
79322: 0.827351
79323: 0.827354
79324: 0.827356
79325: 0.827358
79326: 0.82736
79327: 0.82735
79328: 0.827339
79329: 0.827329
79330: 0.827331
79331: 0.827333
79332: 0.827335
79333: 0.827338
79334: 0.82734
79335: 0.827342
79336: 0.827344
79337: 0.827346
79338: 0.827348
79339: 0.827351
79340: 0.827353
79341: 0.827355
79342: 0.827357
79343: 0.827359
79344: 0.827349
79345: 0.827351
79346: 0.827353
79347: 0.827355
79348: 0.827358
79349: 0.82736
79350: 0.827349
79351: 0.827352
79352: 0.827354
79353: 0.827356
79354: 0.827358
79355: 0.82736
79356: 0.827362
79357: 0.827365
79358: 0.827354
79359: 0.827356
79360: 0.827346
79361: 0.827336
79362: 0.827338
79363: 0.82734
79364: 0.827342
79365: 0.827344
79366: 0.827346
79367: 0.827349
79368: 0.827351
79369: 0.827353
79370: 0.827355
79371: 0.827345
79372: 0.827347
79373: 0.827349
79374: 0.827351
79375: 0.827353
79376: 0.827356
79377: 0.827358
79378: 0.82736
79379: 0.827362
79380: 0.827364
79381: 0.827366
79382: 0.827369
79383: 0.827358
79384: 0.827348
79385: 0.82735
79386: 0.827352
79387: 0.827354
79388: 0.827356
79389: 0.827359
79390: 0.827361
79391: 0.827363
79392: 0.827365
79393: 0.827367
79394: 0.827369
79395: 0.827372
79396: 0.827374
79397: 0.827376
79398: 0.827378
79399: 0.827368
79400: 0.82737
79401: 0.827372
79402: 0.827374
79403: 0.827376
79404: 0.827379
79405: 0.827381
79406: 0.82737
79407: 0.82736
79408: 0.82735
79409: 0.827352
79410: 0.827354
79411: 0.827356
79412: 0.827358
79413: 0.82736
79414: 0.82735
79415: 0.82734
79416: 0.827342
79417: 0.827344
79418: 0.827346
79419: 0.827348
79420: 0.82735
79421: 0.827353
79422: 0.827355
79423: 0.827357
79424: 0.827359
79425: 0.827349
79426: 0.827338
79427: 0.82734
79428: 0.827343
79429: 0.827345
79430: 0.827347
79431: 0.827349
79432: 0.827351
79433: 0.827354
79434: 0.827356
79435: 0.827358
79436: 0.82736
79437: 0.827362
79438: 0.827364
79439: 0.827367
79440: 0.827369
79441: 0.827371
79442: 0.827373
79443: 0.827375
79444: 0.827365
79445: 0.827354
79446: 0.827344
79447: 0.827334
79448: 0.827336
79449: 0.827338
79450: 0.82734
79451: 0.827342
79452: 0.827344
79453: 0.827347
79454: 0.827349
79455: 0.827351
79456: 0.827341
79457: 0.827343
79458: 0.827345
79459: 0.827347
79460: 0.827349
79461: 0.827351
79462: 0.827354
79463: 0.827356
79464: 0.827358
79465: 0.82736
79466: 0.827362
79467: 0.827364
79468: 0.827354
79469: 0.827356
79470: 0.827358
79471: 0.827361
79472: 0.827363
79473: 0.827365
79474: 0.827367
79475: 0.827369
79476: 0.827371
79477: 0.827374
79478: 0.827376
79479: 0.827378
79480: 0.82738
79481: 0.827382
79482: 0.827384
79483: 0.827387
79484: 0.827389
79485: 0.827391
79486: 0.827393
79487: 0.827395
79488: 0.827385
79489: 0.827375
79490: 0.827364
79491: 0.827354
79492: 0.827343
79493: 0.827345
79494: 0.827348
79495: 0.82735
79496: 0.827352
79497: 0.827354
79498: 0.827356
79499: 0.827346
79500: 0.827348
79501: 0.82735
79502: 0.827352
79503: 0.827355
79504: 0.827357
79505: 0.827346
79506: 0.827336
79507: 0.827338
79508: 0.82734
79509: 0.827342
79510: 0.827345
79511: 0.827334
79512: 0.827324
79513: 0.827326
79514: 0.827328
79515: 0.82733
79516: 0.827333
79517: 0.827335
79518: 0.827337
79519: 0.827339
79520: 0.827341
79521: 0.827343
79522: 0.827346
79523: 0.827348
79524: 0.82735
79525: 0.827352
79526: 0.827354
79527: 0.827356
79528: 0.827359
79529: 0.827348
79530: 0.82735
79531: 0.827353
79532: 0.827355
79533: 0.827357
79534: 0.827359
79535: 0.827361
79536: 0.827363
79537: 0.827366
79538: 0.827355
79539: 0.827345
79540: 0.827334
79541: 0.827337
79542: 0.827339
79543: 0.827341
79544: 0.827343
79545: 0.827345
79546: 0.827347
79547: 0.82735
79548: 0.827352
79549: 0.827354
79550: 0.827356
79551: 0.827358
79552: 0.82736
79553: 0.827363
79554: 0.827365
79555: 0.827367
79556: 0.827369
79557: 0.827371
79558: 0.827373
79559: 0.827376
79560: 0.827378
79561: 0.82738
79562: 0.827382
79563: 0.827384
79564: 0.827386
79565: 0.827389
79566: 0.827391
79567: 0.827393
79568: 0.827383
79569: 0.827372
79570: 0.827362
79571: 0.827364
79572: 0.827366
79573: 0.827368
79574: 0.827358
79575: 0.82736
79576: 0.827362
79577: 0.827364
79578: 0.827367
79579: 0.827369
79580: 0.827371
79581: 0.827373
79582: 0.827375
79583: 0.827377
79584: 0.82738
79585: 0.827382
79586: 0.827384
79587: 0.827386
79588: 0.827388
79589: 0.82739
79590: 0.827393
79591: 0.827395
79592: 0.827397
79593: 0.827399
79594: 0.827401
79595: 0.827403
79596: 0.827406
79597: 0.827408
79598: 0.82741
79599: 0.827399
79600: 0.827402
79601: 0.827404
79602: 0.827406
79603: 0.827408
79604: 0.82741
79605: 0.827413
79606: 0.827415
79607: 0.827417
79608: 0.827419
79609: 0.827421
79610: 0.827423
79611: 0.827426
79612: 0.827428
79613: 0.82743
79614: 0.827432
79615: 0.827434
79616: 0.827424
79617: 0.827426
79618: 0.827428
79619: 0.82743
79620: 0.82742
79621: 0.82741
79622: 0.827399
79623: 0.827389
79624: 0.827378
79625: 0.827368
79626: 0.82737
79627: 0.82736
79628: 0.827349
79629: 0.827352
79630: 0.827354
79631: 0.827356
79632: 0.827358
79633: 0.82736
79634: 0.827362
79635: 0.827365
79636: 0.827367
79637: 0.827369
79638: 0.827371
79639: 0.827373
79640: 0.827375
79641: 0.827378
79642: 0.82738
79643: 0.827382
79644: 0.827384
79645: 0.827386
79646: 0.827376
79647: 0.827378
79648: 0.82738
79649: 0.827382
79650: 0.827384
79651: 0.827387
79652: 0.827389
79653: 0.827391
79654: 0.827393
79655: 0.827383
79656: 0.827385
79657: 0.827375
79658: 0.827377
79659: 0.827379
79660: 0.827381
79661: 0.827383
79662: 0.827385
79663: 0.827388
79664: 0.82739
79665: 0.827379
79666: 0.827381
79667: 0.827384
79668: 0.827386
79669: 0.827388
79670: 0.82739
79671: 0.827392
79672: 0.827394
79673: 0.827397
79674: 0.827386
79675: 0.827388
79676: 0.827391
79677: 0.827393
79678: 0.827395
79679: 0.827397
79680: 0.827399
79681: 0.827401
79682: 0.827391
79683: 0.827393
79684: 0.827383
79685: 0.827385
79686: 0.827387
79687: 0.827389
79688: 0.827379
79689: 0.827381
79690: 0.827371
79691: 0.827373
79692: 0.827375
79693: 0.827377
79694: 0.827379
79695: 0.827382
79696: 0.827384
79697: 0.827386
79698: 0.827388
79699: 0.82739
79700: 0.82738
79701: 0.827369
79702: 0.827372
79703: 0.827374
79704: 0.827376
79705: 0.827378
79706: 0.82738
79707: 0.82737
79708: 0.827372
79709: 0.827374
79710: 0.827376
79711: 0.827366
79712: 0.827368
79713: 0.82737
79714: 0.827373
79715: 0.827375
79716: 0.827364
79717: 0.827354
79718: 0.827356
79719: 0.827346
79720: 0.827348
79721: 0.82735
79722: 0.827352
79723: 0.827354
79724: 0.827357
79725: 0.827359
79726: 0.827348
79727: 0.82735
79728: 0.827353
79729: 0.827355
79730: 0.827357
79731: 0.827359
79732: 0.827361
79733: 0.827363
79734: 0.827366
79735: 0.827368
79736: 0.827357
79737: 0.827347
79738: 0.827349
79739: 0.827351
79740: 0.827354
79741: 0.827356
79742: 0.827358
79743: 0.82736
79744: 0.827362
79745: 0.827352
79746: 0.827354
79747: 0.827356
79748: 0.827358
79749: 0.827361
79750: 0.82735
79751: 0.827352
79752: 0.827354
79753: 0.827357
79754: 0.827359
79755: 0.827361
79756: 0.827363
79757: 0.827365
79758: 0.827367
79759: 0.82737
79760: 0.827372
79761: 0.827374
79762: 0.827376
79763: 0.827378
79764: 0.82738
79765: 0.827383
79766: 0.827385
79767: 0.827387
79768: 0.827389
79769: 0.827391
79770: 0.827393
79771: 0.827396
79772: 0.827385
79773: 0.827375
79774: 0.827364
79775: 0.827367
79776: 0.827369
79777: 0.827371
79778: 0.827373
79779: 0.827375
79780: 0.827377
79781: 0.827367
79782: 0.827357
79783: 0.827346
79784: 0.827336
79785: 0.827338
79786: 0.82734
79787: 0.827342
79788: 0.827345
79789: 0.827347
79790: 0.827349
79791: 0.827351
79792: 0.827353
79793: 0.827355
79794: 0.827358
79795: 0.82736
79796: 0.827362
79797: 0.827364
79798: 0.827366
79799: 0.827368
79800: 0.827358
79801: 0.82736
79802: 0.827362
79803: 0.827365
79804: 0.827367
79805: 0.827369
79806: 0.827371
79807: 0.827373
79808: 0.827375
79809: 0.827378
79810: 0.82738
79811: 0.827369
79812: 0.827371
79813: 0.827374
79814: 0.827363
79815: 0.827353
79816: 0.827343
79817: 0.827332
79818: 0.827334
79819: 0.827337
79820: 0.827326
79821: 0.827328
79822: 0.82733
79823: 0.827333
79824: 0.827335
79825: 0.827337
79826: 0.827339
79827: 0.827341
79828: 0.827343
79829: 0.827333
79830: 0.827335
79831: 0.827337
79832: 0.82734
79833: 0.827342
79834: 0.827344
79835: 0.827346
79836: 0.827336
79837: 0.827325
79838: 0.827315
79839: 0.827317
79840: 0.827307
79841: 0.827309
79842: 0.827311
79843: 0.827313
79844: 0.827315
79845: 0.827318
79846: 0.82732
79847: 0.827309
79848: 0.827312
79849: 0.827314
79850: 0.827316
79851: 0.827318
79852: 0.827308
79853: 0.82731
79854: 0.827312
79855: 0.827302
79856: 0.827304
79857: 0.827306
79858: 0.827308
79859: 0.82731
79860: 0.827312
79861: 0.827315
79862: 0.827317
79863: 0.827319
79864: 0.827321
79865: 0.827311
79866: 0.827313
79867: 0.827315
79868: 0.827317
79869: 0.827319
79870: 0.827322
79871: 0.827324
79872: 0.827313
79873: 0.827316
79874: 0.827318
79875: 0.82732
79876: 0.827322
79877: 0.827324
79878: 0.827326
79879: 0.827328
79880: 0.827331
79881: 0.827333
79882: 0.827335
79883: 0.827337
79884: 0.827339
79885: 0.827329
79886: 0.827319
79887: 0.827308
79888: 0.82731
79889: 0.827313
79890: 0.827302
79891: 0.827304
79892: 0.827307
79893: 0.827296
79894: 0.827298
79895: 0.8273
79896: 0.827303
79897: 0.827305
79898: 0.827307
79899: 0.827309
79900: 0.827311
79901: 0.827313
79902: 0.827316
79903: 0.827318
79904: 0.82732
79905: 0.827322
79906: 0.827324
79907: 0.827326
79908: 0.827329
79909: 0.827318
79910: 0.827308
79911: 0.827298
79912: 0.827287
79913: 0.827289
79914: 0.827291
79915: 0.827294
79916: 0.827296
79917: 0.827298
79918: 0.827288
79919: 0.82729
79920: 0.827292
79921: 0.827294
79922: 0.827296
79923: 0.827298
79924: 0.827301
79925: 0.827303
79926: 0.827305
79927: 0.827307
79928: 0.827309
79929: 0.827311
79930: 0.827301
79931: 0.827291
79932: 0.827293
79933: 0.827295
79934: 0.827297
79935: 0.827299
79936: 0.827301
79937: 0.827304
79938: 0.827306
79939: 0.827308
79940: 0.827298
79941: 0.8273
79942: 0.827289
79943: 0.827279
79944: 0.827281
79945: 0.827283
79946: 0.827286
79947: 0.827288
79948: 0.82729
79949: 0.82728
79950: 0.827282
79951: 0.827271
79952: 0.827274
79953: 0.827276
79954: 0.827278
79955: 0.82728
79956: 0.827282
79957: 0.827284
79958: 0.827286
79959: 0.827289
79960: 0.827291
79961: 0.827293
79962: 0.827295
79963: 0.827297
79964: 0.827299
79965: 0.827302
79966: 0.827304
79967: 0.827293
79968: 0.827296
79969: 0.827298
79970: 0.8273
79971: 0.827302
79972: 0.827304
79973: 0.827306
79974: 0.827309
79975: 0.827311
79976: 0.827313
79977: 0.827315
79978: 0.827317
79979: 0.827319
79980: 0.827321
79981: 0.827311
79982: 0.827313
79983: 0.827315
79984: 0.827318
79985: 0.82732
79986: 0.827322
79987: 0.827324
79988: 0.827326
79989: 0.827328
79990: 0.827318
79991: 0.827308
79992: 0.82731
79993: 0.8273
79994: 0.827289
79995: 0.827291
79996: 0.827294
79997: 0.827296
79998: 0.827298
79999: 0.8273
80000: 0.827302
80001: 0.827304
80002: 0.827306
80003: 0.827309
80004: 0.827311
80005: 0.827313
80006: 0.827315
80007: 0.827317
80008: 0.827319
80009: 0.827322
80010: 0.827324
80011: 0.827326
80012: 0.827328
80013: 0.82733
80014: 0.827332
80015: 0.827322
80016: 0.827312
80017: 0.827301
80018: 0.827291
80019: 0.827293
80020: 0.827295
80021: 0.827297
80022: 0.8273
80023: 0.827302
80024: 0.827304
80025: 0.827306
80026: 0.827308
80027: 0.82731
80028: 0.827313
80029: 0.827315
80030: 0.827317
80031: 0.827319
80032: 0.827321
80033: 0.827323
80034: 0.827326
80035: 0.827328
80036: 0.827317
80037: 0.827307
80038: 0.827309
80039: 0.827311
80040: 0.827314
80041: 0.827316
80042: 0.827318
80043: 0.82732
80044: 0.827322
80045: 0.827324
80046: 0.827314
80047: 0.827316
80048: 0.827318
80049: 0.82732
80050: 0.827323
80051: 0.827312
80052: 0.827314
80053: 0.827317
80054: 0.827319
80055: 0.827321
80056: 0.827323
80057: 0.827325
80058: 0.827327
80059: 0.82733
80060: 0.827332
80061: 0.827321
80062: 0.827311
80063: 0.827313
80064: 0.827315
80065: 0.827317
80066: 0.827307
80067: 0.827309
80068: 0.827311
80069: 0.827301
80070: 0.827303
80071: 0.827293
80072: 0.827283
80073: 0.827285
80074: 0.827287
80075: 0.827289
80076: 0.827291
80077: 0.827293
80078: 0.827283
80079: 0.827285
80080: 0.827275
80081: 0.827277
80082: 0.827279
80083: 0.827281
80084: 0.827284
80085: 0.827286
80086: 0.827288
80087: 0.82729
80088: 0.82728
80089: 0.827269
80090: 0.827259
80091: 0.827249
80092: 0.827238
80093: 0.827228
80094: 0.827218
80095: 0.82722
80096: 0.827222
80097: 0.827224
80098: 0.827214
80099: 0.827203
80100: 0.827206
80101: 0.827195
80102: 0.827185
80103: 0.827187
80104: 0.827189
80105: 0.827191
80106: 0.827194
80107: 0.827196
80108: 0.827198
80109: 0.8272
80110: 0.827202
80111: 0.827204
80112: 0.827194
80113: 0.827184
80114: 0.827173
80115: 0.827163
80116: 0.827153
80117: 0.827142
80118: 0.827145
80119: 0.827147
80120: 0.827136
80121: 0.827126
80122: 0.827128
80123: 0.82713
80124: 0.827133
80125: 0.827135
80126: 0.827137
80127: 0.827139
80128: 0.827141
80129: 0.827143
80130: 0.827146
80131: 0.827148
80132: 0.82715
80133: 0.827152
80134: 0.827154
80135: 0.827156
80136: 0.827158
80137: 0.827148
80138: 0.82715
80139: 0.827152
80140: 0.827155
80141: 0.827157
80142: 0.827146
80143: 0.827149
80144: 0.827151
80145: 0.827153
80146: 0.827155
80147: 0.827145
80148: 0.827134
80149: 0.827137
80150: 0.827139
80151: 0.827141
80152: 0.827143
80153: 0.827145
80154: 0.827135
80155: 0.827137
80156: 0.827139
80157: 0.827141
80158: 0.827144
80159: 0.827146
80160: 0.827148
80161: 0.82715
80162: 0.827152
80163: 0.827154
80164: 0.827156
80165: 0.827159
80166: 0.827161
80167: 0.827163
80168: 0.827165
80169: 0.827155
80170: 0.827157
80171: 0.827159
80172: 0.827161
80173: 0.827163
80174: 0.827166
80175: 0.827168
80176: 0.82717
80177: 0.827172
80178: 0.827174
80179: 0.827176
80180: 0.827179
80181: 0.827168
80182: 0.82717
80183: 0.827173
80184: 0.827175
80185: 0.827164
80186: 0.827166
80187: 0.827169
80188: 0.827171
80189: 0.827173
80190: 0.827163
80191: 0.827152
80192: 0.827142
80193: 0.827132
80194: 0.827121
80195: 0.827111
80196: 0.827101
80197: 0.827103
80198: 0.827105
80199: 0.827107
80200: 0.827097
80201: 0.827099
80202: 0.827101
80203: 0.827103
80204: 0.827106
80205: 0.827108
80206: 0.82711
80207: 0.827112
80208: 0.827114
80209: 0.827116
80210: 0.827118
80211: 0.827121
80212: 0.827123
80213: 0.827125
80214: 0.827127
80215: 0.827117
80216: 0.827106
80217: 0.827109
80218: 0.827111
80219: 0.827113
80220: 0.827115
80221: 0.827117
80222: 0.827119
80223: 0.827122
80224: 0.827124
80225: 0.827126
80226: 0.827128
80227: 0.82713
80228: 0.827132
80229: 0.827134
80230: 0.827137
80231: 0.827139
80232: 0.827141
80233: 0.827131
80234: 0.82712
80235: 0.827122
80236: 0.827125
80237: 0.827127
80238: 0.827129
80239: 0.827131
80240: 0.827133
80241: 0.827135
80242: 0.827138
80243: 0.82714
80244: 0.827142
80245: 0.827144
80246: 0.827146
80247: 0.827148
80248: 0.82715
80249: 0.827153
80250: 0.827155
80251: 0.827157
80252: 0.827159
80253: 0.827161
80254: 0.827163
80255: 0.827166
80256: 0.827168
80257: 0.82717
80258: 0.827172
80259: 0.827174
80260: 0.827176
80261: 0.827178
80262: 0.827181
80263: 0.827183
80264: 0.827185
80265: 0.827187
80266: 0.827189
80267: 0.827191
80268: 0.827194
80269: 0.827196
80270: 0.827198
80271: 0.827188
80272: 0.827177
80273: 0.827167
80274: 0.827169
80275: 0.827171
80276: 0.827173
80277: 0.827163
80278: 0.827165
80279: 0.827167
80280: 0.82717
80281: 0.827172
80282: 0.827174
80283: 0.827176
80284: 0.827178
80285: 0.82718
80286: 0.82717
80287: 0.82716
80288: 0.827162
80289: 0.827164
80290: 0.827166
80291: 0.827156
80292: 0.827158
80293: 0.82716
80294: 0.827162
80295: 0.827164
80296: 0.827167
80297: 0.827169
80298: 0.827171
80299: 0.827173
80300: 0.827175
80301: 0.827177
80302: 0.82718
80303: 0.827182
80304: 0.827184
80305: 0.827186
80306: 0.827188
80307: 0.82719
80308: 0.827192
80309: 0.827195
80310: 0.827197
80311: 0.827199
80312: 0.827201
80313: 0.827203
80314: 0.827205
80315: 0.827208
80316: 0.82721
80317: 0.827212
80318: 0.827214
80319: 0.827216
80320: 0.827218
80321: 0.82722
80322: 0.827223
80323: 0.827225
80324: 0.827227
80325: 0.827229
80326: 0.827231
80327: 0.827233
80328: 0.827235
80329: 0.827238
80330: 0.82724
80331: 0.827242
80332: 0.827244
80333: 0.827246
80334: 0.827248
80335: 0.827251
80336: 0.82724
80337: 0.82723
80338: 0.827232
80339: 0.827234
80340: 0.827236
80341: 0.827239
80342: 0.827241
80343: 0.827243
80344: 0.827245
80345: 0.827247
80346: 0.827237
80347: 0.827227
80348: 0.827229
80349: 0.827231
80350: 0.827233
80351: 0.827235
80352: 0.827237
80353: 0.827239
80354: 0.827242
80355: 0.827244
80356: 0.827246
80357: 0.827248
80358: 0.82725
80359: 0.827252
80360: 0.827255
80361: 0.827257
80362: 0.827246
80363: 0.827236
80364: 0.827226
80365: 0.827215
80366: 0.827218
80367: 0.82722
80368: 0.827222
80369: 0.827224
80370: 0.827226
80371: 0.827228
80372: 0.827231
80373: 0.827233
80374: 0.827235
80375: 0.827237
80376: 0.827239
80377: 0.827241
80378: 0.827243
80379: 0.827246
80380: 0.827235
80381: 0.827225
80382: 0.827227
80383: 0.827229
80384: 0.827231
80385: 0.827234
80386: 0.827236
80387: 0.827238
80388: 0.827228
80389: 0.82723
80390: 0.827232
80391: 0.827234
80392: 0.827236
80393: 0.827226
80394: 0.827228
80395: 0.82723
80396: 0.82722
80397: 0.82721
80398: 0.827212
80399: 0.827214
80400: 0.827216
80401: 0.827218
80402: 0.827208
80403: 0.82721
80404: 0.827212
80405: 0.827214
80406: 0.827217
80407: 0.827219
80408: 0.827221
80409: 0.827223
80410: 0.827225
80411: 0.827227
80412: 0.827229
80413: 0.827232
80414: 0.827221
80415: 0.827223
80416: 0.827226
80417: 0.827228
80418: 0.82723
80419: 0.827232
80420: 0.827234
80421: 0.827236
80422: 0.827238
80423: 0.827228
80424: 0.82723
80425: 0.827232
80426: 0.827235
80427: 0.827237
80428: 0.827226
80429: 0.827216
80430: 0.827218
80431: 0.827221
80432: 0.82721
80433: 0.827212
80434: 0.827215
80435: 0.827217
80436: 0.827219
80437: 0.827221
80438: 0.827223
80439: 0.827225
80440: 0.827227
80441: 0.82723
80442: 0.827232
80443: 0.827234
80444: 0.827236
80445: 0.827238
80446: 0.82724
80447: 0.827242
80448: 0.827232
80449: 0.827234
80450: 0.827236
80451: 0.827239
80452: 0.827241
80453: 0.827243
80454: 0.827245
80455: 0.827235
80456: 0.827237
80457: 0.827239
80458: 0.827241
80459: 0.827243
80460: 0.827233
80461: 0.827223
80462: 0.827225
80463: 0.827227
80464: 0.827229
80465: 0.827219
80466: 0.827209
80467: 0.827198
80468: 0.827201
80469: 0.827203
80470: 0.827205
80471: 0.827207
80472: 0.827209
80473: 0.827211
80474: 0.827213
80475: 0.827216
80476: 0.827218
80477: 0.82722
80478: 0.827222
80479: 0.827224
80480: 0.827226
80481: 0.827228
80482: 0.827231
80483: 0.827233
80484: 0.827235
80485: 0.827237
80486: 0.827239
80487: 0.827241
80488: 0.827243
80489: 0.827246
80490: 0.827248
80491: 0.82725
80492: 0.82724
80493: 0.827242
80494: 0.827244
80495: 0.827246
80496: 0.827248
80497: 0.82725
80498: 0.827253
80499: 0.827255
80500: 0.827257
80501: 0.827259
80502: 0.827261
80503: 0.827251
80504: 0.827253
80505: 0.827255
80506: 0.827245
80507: 0.827235
80508: 0.827237
80509: 0.827239
80510: 0.827241
80511: 0.827243
80512: 0.827245
80513: 0.827247
80514: 0.82725
80515: 0.827252
80516: 0.827254
80517: 0.827256
80518: 0.827258
80519: 0.82726
80520: 0.827262
80521: 0.827265
80522: 0.827267
80523: 0.827256
80524: 0.827246
80525: 0.827248
80526: 0.82725
80527: 0.827253
80528: 0.827255
80529: 0.827257
80530: 0.827259
80531: 0.827261
80532: 0.827263
80533: 0.827266
80534: 0.827268
80535: 0.82727
80536: 0.827272
80537: 0.827274
80538: 0.827276
80539: 0.827278
80540: 0.827281
80541: 0.827283
80542: 0.827285
80543: 0.827287
80544: 0.827289
80545: 0.827291
80546: 0.827293
80547: 0.827296
80548: 0.827285
80549: 0.827275
80550: 0.827277
80551: 0.827279
80552: 0.827281
80553: 0.827284
80554: 0.827286
80555: 0.827288
80556: 0.82729
80557: 0.827292
80558: 0.827282
80559: 0.827284
80560: 0.827274
80561: 0.827276
80562: 0.827278
80563: 0.82728
80564: 0.827282
80565: 0.827272
80566: 0.827274
80567: 0.827276
80568: 0.827278
80569: 0.827281
80570: 0.827283
80571: 0.827285
80572: 0.827287
80573: 0.827289
80574: 0.827291
80575: 0.827293
80576: 0.827296
80577: 0.827298
80578: 0.8273
80579: 0.827302
80580: 0.827304
80581: 0.827306
80582: 0.827308
80583: 0.827311
80584: 0.8273
80585: 0.827303
80586: 0.827292
80587: 0.827282
80588: 0.827284
80589: 0.827286
80590: 0.827288
80591: 0.827291
80592: 0.827293
80593: 0.827295
80594: 0.827297
80595: 0.827299
80596: 0.827301
80597: 0.827303
80598: 0.827306
80599: 0.827308
80600: 0.82731
80601: 0.827312
80602: 0.827314
80603: 0.827304
80604: 0.827306
80605: 0.827308
80606: 0.82731
80607: 0.827312
80608: 0.827315
80609: 0.827304
80610: 0.827306
80611: 0.827309
80612: 0.827298
80613: 0.8273
80614: 0.827303
80615: 0.827305
80616: 0.827307
80617: 0.827309
80618: 0.827311
80619: 0.827313
80620: 0.827315
80621: 0.827318
80622: 0.82732
80623: 0.827322
80624: 0.827312
80625: 0.827314
80626: 0.827316
80627: 0.827318
80628: 0.82732
80629: 0.82731
80630: 0.827312
80631: 0.827314
80632: 0.827316
80633: 0.827319
80634: 0.827321
80635: 0.827323
80636: 0.827325
80637: 0.827327
80638: 0.827329
80639: 0.827331
80640: 0.827321
80641: 0.827323
80642: 0.827325
80643: 0.827328
80644: 0.82733
80645: 0.827332
80646: 0.827334
80647: 0.827324
80648: 0.827326
80649: 0.827328
80650: 0.827318
80651: 0.82732
80652: 0.827322
80653: 0.827324
80654: 0.827326
80655: 0.827328
80656: 0.827331
80657: 0.827333
80658: 0.827335
80659: 0.827337
80660: 0.827339
80661: 0.827341
80662: 0.827343
80663: 0.827333
80664: 0.827323
80665: 0.827325
80666: 0.827327
80667: 0.827329
80668: 0.827331
80669: 0.827334
80670: 0.827336
80671: 0.827338
80672: 0.82734
80673: 0.82733
80674: 0.827319
80675: 0.827309
80676: 0.827299
80677: 0.827301
80678: 0.827303
80679: 0.827305
80680: 0.827308
80681: 0.82731
80682: 0.827312
80683: 0.827314
80684: 0.827316
80685: 0.827318
80686: 0.82732
80687: 0.827323
80688: 0.827325
80689: 0.827327
80690: 0.827329
80691: 0.827331
80692: 0.827333
80693: 0.827335
80694: 0.827338
80695: 0.82734
80696: 0.827342
80697: 0.827344
80698: 0.827346
80699: 0.827348
80700: 0.82735
80701: 0.82734
80702: 0.827342
80703: 0.827344
80704: 0.827347
80705: 0.827349
80706: 0.827351
80707: 0.827353
80708: 0.827343
80709: 0.827345
80710: 0.827347
80711: 0.827349
80712: 0.827351
80713: 0.827341
80714: 0.827343
80715: 0.827345
80716: 0.827347
80717: 0.82735
80718: 0.827352
80719: 0.827354
80720: 0.827356
80721: 0.827358
80722: 0.82736
80723: 0.827362
80724: 0.827352
80725: 0.827342
80726: 0.827332
80727: 0.827321
80728: 0.827324
80729: 0.827326
80730: 0.827328
80731: 0.82733
80732: 0.827332
80733: 0.827334
80734: 0.827336
80735: 0.827338
80736: 0.827341
80737: 0.82733
80738: 0.82732
80739: 0.827322
80740: 0.827324
80741: 0.827327
80742: 0.827316
80743: 0.827318
80744: 0.827321
80745: 0.82731
80746: 0.827312
80747: 0.827315
80748: 0.827317
80749: 0.827319
80750: 0.827321
80751: 0.827323
80752: 0.827325
80753: 0.827327
80754: 0.82733
80755: 0.827319
80756: 0.827321
80757: 0.827324
80758: 0.827313
80759: 0.827316
80760: 0.827318
80761: 0.82732
80762: 0.827322
80763: 0.827312
80764: 0.827314
80765: 0.827316
80766: 0.827318
80767: 0.82732
80768: 0.827322
80769: 0.827325
80770: 0.827327
80771: 0.827329
80772: 0.827331
80773: 0.827333
80774: 0.827335
80775: 0.827337
80776: 0.827339
80777: 0.827342
80778: 0.827344
80779: 0.827346
80780: 0.827348
80781: 0.82735
80782: 0.827352
80783: 0.827354
80784: 0.827357
80785: 0.827359
80786: 0.827348
80787: 0.827351
80788: 0.827353
80789: 0.827355
80790: 0.827357
80791: 0.827359
80792: 0.827361
80793: 0.827363
80794: 0.827366
80795: 0.827368
80796: 0.82737
80797: 0.827372
80798: 0.827374
80799: 0.827376
80800: 0.827378
80801: 0.827381
80802: 0.827383
80803: 0.827385
80804: 0.827375
80805: 0.827364
80806: 0.827366
80807: 0.827369
80808: 0.827371
80809: 0.827373
80810: 0.827375
80811: 0.827377
80812: 0.827379
80813: 0.827381
80814: 0.827371
80815: 0.827373
80816: 0.827375
80817: 0.827378
80818: 0.82738
80819: 0.827382
80820: 0.827384
80821: 0.827386
80822: 0.827388
80823: 0.82739
80824: 0.827393
80825: 0.827395
80826: 0.827397
80827: 0.827399
80828: 0.827401
80829: 0.827403
80830: 0.827405
80831: 0.827407
80832: 0.82741
80833: 0.827412
80834: 0.827414
80835: 0.827416
80836: 0.827418
80837: 0.827408
80838: 0.827398
80839: 0.8274
80840: 0.827402
80841: 0.827392
80842: 0.827394
80843: 0.827384
80844: 0.827386
80845: 0.827388
80846: 0.82739
80847: 0.827392
80848: 0.827382
80849: 0.827372
80850: 0.827374
80851: 0.827376
80852: 0.827378
80853: 0.827368
80854: 0.827358
80855: 0.82736
80856: 0.827362
80857: 0.827364
80858: 0.827366
80859: 0.827368
80860: 0.82737
80861: 0.827373
80862: 0.827375
80863: 0.827377
80864: 0.827379
80865: 0.827381
80866: 0.827371
80867: 0.827361
80868: 0.82735
80869: 0.82734
80870: 0.82733
80871: 0.827332
80872: 0.827334
80873: 0.827336
80874: 0.827338
80875: 0.827341
80876: 0.827343
80877: 0.827345
80878: 0.827347
80879: 0.827349
80880: 0.827351
80881: 0.827353
80882: 0.827356
80883: 0.827358
80884: 0.82736
80885: 0.827362
80886: 0.827352
80887: 0.827342
80888: 0.827331
80889: 0.827321
80890: 0.827323
80891: 0.827325
80892: 0.827327
80893: 0.82733
80894: 0.827332
80895: 0.827334
80896: 0.827336
80897: 0.827338
80898: 0.82734
80899: 0.827342
80900: 0.827332
80901: 0.827334
80902: 0.827336
80903: 0.827339
80904: 0.827341
80905: 0.827343
80906: 0.827345
80907: 0.827347
80908: 0.827349
80909: 0.827351
80910: 0.827354
80911: 0.827356
80912: 0.827358
80913: 0.82736
80914: 0.827362
80915: 0.827352
80916: 0.827342
80917: 0.827344
80918: 0.827346
80919: 0.827348
80920: 0.82735
80921: 0.827352
80922: 0.827354
80923: 0.827357
80924: 0.827359
80925: 0.827361
80926: 0.827363
80927: 0.827365
80928: 0.827367
80929: 0.827369
80930: 0.827371
80931: 0.827374
80932: 0.827363
80933: 0.827353
80934: 0.827343
80935: 0.827345
80936: 0.827347
80937: 0.827349
80938: 0.827351
80939: 0.827354
80940: 0.827356
80941: 0.827358
80942: 0.82736
80943: 0.827362
80944: 0.827364
80945: 0.827366
80946: 0.827369
80947: 0.827371
80948: 0.827373
80949: 0.827375
80950: 0.827377
80951: 0.827379
80952: 0.827381
80953: 0.827383
80954: 0.827386
80955: 0.827388
80956: 0.82739
80957: 0.827392
80958: 0.827394
80959: 0.827396
80960: 0.827398
80961: 0.827401
80962: 0.827403
80963: 0.827392
80964: 0.827382
80965: 0.827384
80966: 0.827386
80967: 0.827389
80968: 0.827391
80969: 0.827393
80970: 0.827383
80971: 0.827385
80972: 0.827387
80973: 0.827389
80974: 0.827391
80975: 0.827393
80976: 0.827395
80977: 0.827398
80978: 0.8274
80979: 0.827402
80980: 0.827404
80981: 0.827406
80982: 0.827408
80983: 0.82741
80984: 0.827412
80985: 0.827415
80986: 0.827417
80987: 0.827419
80988: 0.827421
80989: 0.827423
80990: 0.827425
80991: 0.827427
80992: 0.827417
80993: 0.827419
80994: 0.827421
80995: 0.827424
80996: 0.827426
80997: 0.827428
80998: 0.82743
80999: 0.827432
81000: 0.827434
81001: 0.827436
81002: 0.827438
81003: 0.827441
81004: 0.827443
81005: 0.827445
81006: 0.827447
81007: 0.827449
81008: 0.827451
81009: 0.827453
81010: 0.827456
81011: 0.827458
81012: 0.82746
81013: 0.827462
81014: 0.827452
81015: 0.827441
81016: 0.827431
81017: 0.827421
81018: 0.827411
81019: 0.827413
81020: 0.827415
81021: 0.827417
81022: 0.827419
81023: 0.827422
81024: 0.827424
81025: 0.827426
81026: 0.827416
81027: 0.827405
81028: 0.827395
81029: 0.827397
81030: 0.827399
81031: 0.827402
81032: 0.827404
81033: 0.827406
81034: 0.827408
81035: 0.82741
81036: 0.827412
81037: 0.827414
81038: 0.827416
81039: 0.827406
81040: 0.827408
81041: 0.82741
81042: 0.827413
81043: 0.827415
81044: 0.827417
81045: 0.827419
81046: 0.827421
81047: 0.827423
81048: 0.827425
81049: 0.827428
81050: 0.82743
81051: 0.827432
81052: 0.827422
81053: 0.827424
81054: 0.827426
81055: 0.827428
81056: 0.82743
81057: 0.827432
81058: 0.827434
81059: 0.827436
81060: 0.827439
81061: 0.827441
81062: 0.827443
81063: 0.827445
81064: 0.827447
81065: 0.827449
81066: 0.827451
81067: 0.827453
81068: 0.827456
81069: 0.827458
81070: 0.82746
81071: 0.827462
81072: 0.827452
81073: 0.827442
81074: 0.827431
81075: 0.827434
81076: 0.827436
81077: 0.827438
81078: 0.82744
81079: 0.827442
81080: 0.827444
81081: 0.827446
81082: 0.827448
81083: 0.827451
81084: 0.82744
81085: 0.82743
81086: 0.82742
81087: 0.827422
81088: 0.827424
81089: 0.827426
81090: 0.827428
81091: 0.827431
81092: 0.827433
81093: 0.827435
81094: 0.827437
81095: 0.827427
81096: 0.827429
81097: 0.827431
81098: 0.827433
81099: 0.827435
81100: 0.827437
81101: 0.82744
81102: 0.827442
81103: 0.827444
81104: 0.827446
81105: 0.827448
81106: 0.82745
81107: 0.827452
81108: 0.827454
81109: 0.827444
81110: 0.827434
81111: 0.827436
81112: 0.827438
81113: 0.82744
81114: 0.827443
81115: 0.827445
81116: 0.827447
81117: 0.827449
81118: 0.827451
81119: 0.827441
81120: 0.827443
81121: 0.827445
81122: 0.827435
81123: 0.827437
81124: 0.827439
81125: 0.827441
81126: 0.827443
81127: 0.827446
81128: 0.827448
81129: 0.82745
81130: 0.827452
81131: 0.827454
81132: 0.827456
81133: 0.827458
81134: 0.82746
81135: 0.827463
81136: 0.827465
81137: 0.827467
81138: 0.827469
81139: 0.827471
81140: 0.827473
81141: 0.827475
81142: 0.827477
81143: 0.82748
81144: 0.827482
81145: 0.827484
81146: 0.827486
81147: 0.827488
81148: 0.82749
81149: 0.827492
81150: 0.827494
81151: 0.827497
81152: 0.827499
81153: 0.827501
81154: 0.827503
81155: 0.827505
81156: 0.827507
81157: 0.827509
81158: 0.827499
81159: 0.827501
81160: 0.827503
81161: 0.827505
81162: 0.827508
81163: 0.82751
81164: 0.827512
81165: 0.827514
81166: 0.827504
81167: 0.827506
81168: 0.827508
81169: 0.82751
81170: 0.8275
81171: 0.82749
81172: 0.82748
81173: 0.827482
81174: 0.827484
81175: 0.827474
81176: 0.827463
81177: 0.827453
81178: 0.827443
81179: 0.827445
81180: 0.827447
81181: 0.827449
81182: 0.827439
81183: 0.827429
81184: 0.827419
81185: 0.827421
81186: 0.827423
81187: 0.827413
81188: 0.827415
81189: 0.827417
81190: 0.827407
81191: 0.827397
81192: 0.827399
81193: 0.827401
81194: 0.827403
81195: 0.827405
81196: 0.827407
81197: 0.82741
81198: 0.827412
81199: 0.827414
81200: 0.827416
81201: 0.827418
81202: 0.82742
81203: 0.827422
81204: 0.827424
81205: 0.827427
81206: 0.827429
81207: 0.827431
81208: 0.827421
81209: 0.82741
81210: 0.8274
81211: 0.82739
81212: 0.827392
81213: 0.827394
81214: 0.827396
81215: 0.827399
81216: 0.827401
81217: 0.827403
81218: 0.827405
81219: 0.827407
81220: 0.827409
81221: 0.827411
81222: 0.827401
81223: 0.827391
81224: 0.827393
81225: 0.827395
81226: 0.827385
81227: 0.827387
81228: 0.827389
81229: 0.827391
81230: 0.827393
81231: 0.827396
81232: 0.827398
81233: 0.8274
81234: 0.827402
81235: 0.827404
81236: 0.827406
81237: 0.827408
81238: 0.82741
81239: 0.827413
81240: 0.827415
81241: 0.827405
81242: 0.827394
81243: 0.827384
81244: 0.827386
81245: 0.827388
81246: 0.827391
81247: 0.827393
81248: 0.827395
81249: 0.827397
81250: 0.827399
81251: 0.827401
81252: 0.827403
81253: 0.827393
81254: 0.827383
81255: 0.827373
81256: 0.827375
81257: 0.827377
81258: 0.827379
81259: 0.827381
81260: 0.827383
81261: 0.827385
81262: 0.827388
81263: 0.82739
81264: 0.827392
81265: 0.827394
81266: 0.827396
81267: 0.827398
81268: 0.8274
81269: 0.827402
81270: 0.827405
81271: 0.827407
81272: 0.827397
81273: 0.827399
81274: 0.827401
81275: 0.827391
81276: 0.827393
81277: 0.827395
81278: 0.827385
81279: 0.827375
81280: 0.827364
81281: 0.827354
81282: 0.827344
81283: 0.827346
81284: 0.827348
81285: 0.82735
81286: 0.827352
81287: 0.827355
81288: 0.827357
81289: 0.827359
81290: 0.827361
81291: 0.827363
81292: 0.827365
81293: 0.827367
81294: 0.827369
81295: 0.827372
81296: 0.827374
81297: 0.827376
81298: 0.827378
81299: 0.82738
81300: 0.827382
81301: 0.827372
81302: 0.827362
81303: 0.827352
81304: 0.827341
81305: 0.827344
81306: 0.827346
81307: 0.827348
81308: 0.82735
81309: 0.827352
81310: 0.827342
81311: 0.827332
81312: 0.827322
81313: 0.827324
81314: 0.827326
81315: 0.827328
81316: 0.82733
81317: 0.827332
81318: 0.827334
81319: 0.827324
81320: 0.827326
81321: 0.827328
81322: 0.827331
81323: 0.827333
81324: 0.827335
81325: 0.827337
81326: 0.827339
81327: 0.827341
81328: 0.827343
81329: 0.827345
81330: 0.827348
81331: 0.82735
81332: 0.827352
81333: 0.827354
81334: 0.827356
81335: 0.827358
81336: 0.82736
81337: 0.827362
81338: 0.827364
81339: 0.827367
81340: 0.827369
81341: 0.827371
81342: 0.827373
81343: 0.827375
81344: 0.827377
81345: 0.827379
81346: 0.827381
81347: 0.827384
81348: 0.827386
81349: 0.827388
81350: 0.82739
81351: 0.827392
81352: 0.827394
81353: 0.827396
81354: 0.827398
81355: 0.827401
81356: 0.827403
81357: 0.827405
81358: 0.827395
81359: 0.827384
81360: 0.827374
81361: 0.827364
81362: 0.827366
81363: 0.827368
81364: 0.82737
81365: 0.827373
81366: 0.827362
81367: 0.827352
81368: 0.827354
81369: 0.827344
81370: 0.827346
81371: 0.827336
81372: 0.827338
81373: 0.82734
81374: 0.827343
81375: 0.827345
81376: 0.827347
81377: 0.827337
81378: 0.827339
81379: 0.827341
81380: 0.827343
81381: 0.827345
81382: 0.827347
81383: 0.827349
81384: 0.827339
81385: 0.827329
81386: 0.827319
81387: 0.827321
81388: 0.827323
81389: 0.827325
81390: 0.827327
81391: 0.827329
81392: 0.827332
81393: 0.827334
81394: 0.827336
81395: 0.827326
81396: 0.827328
81397: 0.82733
81398: 0.827332
81399: 0.827334
81400: 0.827336
81401: 0.827338
81402: 0.827341
81403: 0.827343
81404: 0.827332
81405: 0.827335
81406: 0.827337
81407: 0.827339
81408: 0.827329
81409: 0.827319
81410: 0.827321
81411: 0.827323
81412: 0.827325
81413: 0.827327
81414: 0.827329
81415: 0.827331
81416: 0.827321
81417: 0.827311
81418: 0.827301
81419: 0.827291
81420: 0.827293
81421: 0.827295
81422: 0.827297
81423: 0.827299
81424: 0.827289
81425: 0.827279
81426: 0.827281
81427: 0.827283
81428: 0.827285
81429: 0.827287
81430: 0.827277
81431: 0.827279
81432: 0.827281
81433: 0.827283
81434: 0.827286
81435: 0.827288
81436: 0.82729
81437: 0.827292
81438: 0.827294
81439: 0.827296
81440: 0.827298
81441: 0.8273
81442: 0.827303
81443: 0.827305
81444: 0.827307
81445: 0.827309
81446: 0.827299
81447: 0.827301
81448: 0.827303
81449: 0.827305
81450: 0.827307
81451: 0.827309
81452: 0.827311
81453: 0.827314
81454: 0.827316
81455: 0.827318
81456: 0.82732
81457: 0.827322
81458: 0.827324
81459: 0.827314
81460: 0.827316
81461: 0.827318
81462: 0.82732
81463: 0.827322
81464: 0.827325
81465: 0.827327
81466: 0.827329
81467: 0.827331
81468: 0.827333
81469: 0.827335
81470: 0.827337
81471: 0.827339
81472: 0.827329
81473: 0.827331
81474: 0.827334
81475: 0.827336
81476: 0.827338
81477: 0.82734
81478: 0.82733
81479: 0.82732
81480: 0.827309
81481: 0.827312
81482: 0.827314
81483: 0.827316
81484: 0.827318
81485: 0.82732
81486: 0.827322
81487: 0.827324
81488: 0.827326
81489: 0.827329
81490: 0.827331
81491: 0.82732
81492: 0.82731
81493: 0.827312
81494: 0.827315
81495: 0.827317
81496: 0.827307
81497: 0.827296
81498: 0.827286
81499: 0.827288
81500: 0.82729
81501: 0.827293
81502: 0.827295
81503: 0.827297
81504: 0.827299
81505: 0.827301
81506: 0.827303
81507: 0.827305
81508: 0.827307
81509: 0.82731
81510: 0.827299
81511: 0.827302
81512: 0.827304
81513: 0.827306
81514: 0.827308
81515: 0.82731
81516: 0.827312
81517: 0.827314
81518: 0.827316
81519: 0.827318
81520: 0.827321
81521: 0.827323
81522: 0.827325
81523: 0.827327
81524: 0.827329
81525: 0.827331
81526: 0.827333
81527: 0.827335
81528: 0.827338
81529: 0.82734
81530: 0.827342
81531: 0.827332
81532: 0.827334
81533: 0.827336
81534: 0.827338
81535: 0.82734
81536: 0.827342
81537: 0.827344
81538: 0.827346
81539: 0.827349
81540: 0.827351
81541: 0.827353
81542: 0.827355
81543: 0.827357
81544: 0.827359
81545: 0.827361
81546: 0.827363
81547: 0.827365
81548: 0.827368
81549: 0.82737
81550: 0.827372
81551: 0.827374
81552: 0.827376
81553: 0.827378
81554: 0.82738
81555: 0.827382
81556: 0.827385
81557: 0.827387
81558: 0.827389
81559: 0.827391
81560: 0.827393
81561: 0.827395
81562: 0.827385
81563: 0.827375
81564: 0.827365
81565: 0.827367
81566: 0.827369
81567: 0.827371
81568: 0.827361
81569: 0.827363
81570: 0.827365
81571: 0.827367
81572: 0.827369
81573: 0.827371
81574: 0.827374
81575: 0.827376
81576: 0.827378
81577: 0.82738
81578: 0.827382
81579: 0.827372
81580: 0.827374
81581: 0.827364
81582: 0.827366
81583: 0.827356
81584: 0.827358
81585: 0.82736
81586: 0.827362
81587: 0.827364
81588: 0.827366
81589: 0.827369
81590: 0.827371
81591: 0.827373
81592: 0.827363
81593: 0.827365
81594: 0.827367
81595: 0.827369
81596: 0.827371
81597: 0.827373
81598: 0.827375
81599: 0.827377
81600: 0.82738
81601: 0.827382
81602: 0.827372
81603: 0.827374
81604: 0.827376
81605: 0.827378
81606: 0.82738
81607: 0.827382
81608: 0.827384
81609: 0.827386
81610: 0.827388
81611: 0.827391
81612: 0.827393
81613: 0.827395
81614: 0.827397
81615: 0.827399
81616: 0.827401
81617: 0.827403
81618: 0.827405
81619: 0.827407
81620: 0.82741
81621: 0.827412
81622: 0.827414
81623: 0.827404
81624: 0.827394
81625: 0.827396
81626: 0.827386
81627: 0.827375
81628: 0.827378
81629: 0.82738
81630: 0.827382
81631: 0.827384
81632: 0.827386
81633: 0.827388
81634: 0.827378
81635: 0.82738
81636: 0.827382
81637: 0.827372
81638: 0.827374
81639: 0.827364
81640: 0.827366
81641: 0.827368
81642: 0.82737
81643: 0.827372
81644: 0.827375
81645: 0.827377
81646: 0.827379
81647: 0.827381
81648: 0.827383
81649: 0.827385
81650: 0.827387
81651: 0.827389
81652: 0.827392
81653: 0.827394
81654: 0.827396
81655: 0.827398
81656: 0.827388
81657: 0.827378
81658: 0.82738
81659: 0.827382
81660: 0.827384
81661: 0.827386
81662: 0.827388
81663: 0.82739
81664: 0.827392
81665: 0.827395
81666: 0.827397
81667: 0.827386
81668: 0.827389
81669: 0.827391
81670: 0.827393
81671: 0.827395
81672: 0.827397
81673: 0.827399
81674: 0.827401
81675: 0.827403
81676: 0.827406
81677: 0.827408
81678: 0.82741
81679: 0.827412
81680: 0.827414
81681: 0.827404
81682: 0.827394
81683: 0.827384
81684: 0.827386
81685: 0.827388
81686: 0.82739
81687: 0.827392
81688: 0.827394
81689: 0.827396
81690: 0.827398
81691: 0.8274
81692: 0.82739
81693: 0.827392
81694: 0.827395
81695: 0.827397
81696: 0.827399
81697: 0.827401
81698: 0.827403
81699: 0.827405
81700: 0.827407
81701: 0.827409
81702: 0.827411
81703: 0.827414
81704: 0.827416
81705: 0.827418
81706: 0.82742
81707: 0.827422
81708: 0.827424
81709: 0.827426
81710: 0.827428
81711: 0.82743
81712: 0.827433
81713: 0.827435
81714: 0.827437
81715: 0.827439
81716: 0.827441
81717: 0.827443
81718: 0.827445
81719: 0.827447
81720: 0.827449
81721: 0.827452
81722: 0.827454
81723: 0.827456
81724: 0.827458
81725: 0.82746
81726: 0.82745
81727: 0.827452
81728: 0.827454
81729: 0.827456
81730: 0.827458
81731: 0.827448
81732: 0.82745
81733: 0.827452
81734: 0.827455
81735: 0.827457
81736: 0.827447
81737: 0.827436
81738: 0.827426
81739: 0.827428
81740: 0.827431
81741: 0.827433
81742: 0.827435
81743: 0.827437
81744: 0.827439
81745: 0.827441
81746: 0.827431
81747: 0.827433
81748: 0.827435
81749: 0.827437
81750: 0.827439
81751: 0.827442
81752: 0.827444
81753: 0.827434
81754: 0.827423
81755: 0.827426
81756: 0.827428
81757: 0.827418
81758: 0.82742
81759: 0.827422
81760: 0.827424
81761: 0.827414
81762: 0.827416
81763: 0.827418
81764: 0.82742
81765: 0.827422
81766: 0.827424
81767: 0.827426
81768: 0.827428
81769: 0.827431
81770: 0.827433
81771: 0.827435
81772: 0.827425
81773: 0.827427
81774: 0.827429
81775: 0.827419
81776: 0.827409
81777: 0.827411
81778: 0.827413
81779: 0.827415
81780: 0.827417
81781: 0.827419
81782: 0.827421
81783: 0.827411
81784: 0.827401
81785: 0.827403
81786: 0.827405
81787: 0.827407
81788: 0.82741
81789: 0.827412
81790: 0.827414
81791: 0.827416
81792: 0.827418
81793: 0.82742
81794: 0.827422
81795: 0.827424
81796: 0.827426
81797: 0.827429
81798: 0.827431
81799: 0.827433
81800: 0.827435
81801: 0.827437
81802: 0.827427
81803: 0.827417
81804: 0.827419
81805: 0.827421
81806: 0.827411
81807: 0.827413
81808: 0.827415
81809: 0.827417
81810: 0.827419
81811: 0.827421
81812: 0.827424
81813: 0.827426
81814: 0.827428
81815: 0.82743
81816: 0.827432
81817: 0.827434
81818: 0.827436
81819: 0.827438
81820: 0.82744
81821: 0.827442
81822: 0.827445
81823: 0.827447
81824: 0.827437
81825: 0.827426
81826: 0.827429
81827: 0.827431
81828: 0.827421
81829: 0.827423
81830: 0.827425
81831: 0.827427
81832: 0.827429
81833: 0.827431
81834: 0.827433
81835: 0.827435
81836: 0.827437
81837: 0.82744
81838: 0.827442
81839: 0.827444
81840: 0.827446
81841: 0.827448
81842: 0.82745
81843: 0.827452
81844: 0.827454
81845: 0.827456
81846: 0.827459
81847: 0.827461
81848: 0.827463
81849: 0.827465
81850: 0.827467
81851: 0.827469
81852: 0.827471
81853: 0.827473
81854: 0.827475
81855: 0.827478
81856: 0.82748
81857: 0.827482
81858: 0.827484
81859: 0.827486
81860: 0.827488
81861: 0.82749
81862: 0.82748
81863: 0.82747
81864: 0.82746
81865: 0.82745
81866: 0.827452
81867: 0.827454
81868: 0.827456
81869: 0.827458
81870: 0.82746
81871: 0.827462
81872: 0.827464
81873: 0.827467
81874: 0.827469
81875: 0.827459
81876: 0.827461
81877: 0.827463
81878: 0.827453
81879: 0.827443
81880: 0.827432
81881: 0.827422
81882: 0.827412
81883: 0.827414
81884: 0.827416
81885: 0.827419
81886: 0.827421
81887: 0.827423
81888: 0.827425
81889: 0.827427
81890: 0.827429
81891: 0.827431
81892: 0.827433
81893: 0.827435
81894: 0.827438
81895: 0.82744
81896: 0.827442
81897: 0.827444
81898: 0.827446
81899: 0.827448
81900: 0.82745
81901: 0.827452
81902: 0.827454
81903: 0.827444
81904: 0.827434
81905: 0.827424
81906: 0.827426
81907: 0.827428
81908: 0.82743
81909: 0.82742
81910: 0.82741
81911: 0.8274
81912: 0.82739
81913: 0.827392
81914: 0.827394
81915: 0.827384
81916: 0.827374
81917: 0.827364
81918: 0.827354
81919: 0.827344
81920: 0.827334
81921: 0.827336
81922: 0.827338
81923: 0.82734
81924: 0.827342
81925: 0.827344
81926: 0.827334
81927: 0.827324
81928: 0.827314
81929: 0.827316
81930: 0.827318
81931: 0.82732
81932: 0.827322
81933: 0.827324
81934: 0.827327
81935: 0.827329
81936: 0.827331
81937: 0.827321
81938: 0.827311
81939: 0.8273
81940: 0.827303
81941: 0.827305
81942: 0.827295
81943: 0.827297
81944: 0.827299
81945: 0.827301
81946: 0.827291
81947: 0.827281
81948: 0.827283
81949: 0.827285
81950: 0.827287
81951: 0.827289
81952: 0.827291
81953: 0.827293
81954: 0.827295
81955: 0.827298
81956: 0.8273
81957: 0.827302
81958: 0.827304
81959: 0.827306
81960: 0.827308
81961: 0.827298
81962: 0.827288
81963: 0.82729
81964: 0.827292
81965: 0.827294
81966: 0.827296
81967: 0.827298
81968: 0.827301
81969: 0.827303
81970: 0.827305
81971: 0.827307
81972: 0.827309
81973: 0.827311
81974: 0.827313
81975: 0.827315
81976: 0.827305
81977: 0.827295
81978: 0.827285
81979: 0.827275
81980: 0.827277
81981: 0.827279
81982: 0.827281
81983: 0.827283
81984: 0.827285
81985: 0.827288
81986: 0.82729
81987: 0.827292
81988: 0.827294
81989: 0.827284
81990: 0.827286
81991: 0.827288
81992: 0.82729
81993: 0.827292
81994: 0.827282
81995: 0.827284
81996: 0.827286
81997: 0.827288
81998: 0.827291
81999: 0.827293
82000: 0.827295
82001: 0.827297
82002: 0.827299
82003: 0.827301
82004: 0.827291
82005: 0.827281
82006: 0.827271
82007: 0.827273
82008: 0.827275
82009: 0.827277
82010: 0.827279
82011: 0.827281
82012: 0.827283
82013: 0.827286
82014: 0.827288
82015: 0.82729
82016: 0.82728
82017: 0.827282
82018: 0.827284
82019: 0.827286
82020: 0.827288
82021: 0.82729
82022: 0.827292
82023: 0.827294
82024: 0.827297
82025: 0.827299
82026: 0.827301
82027: 0.827303
82028: 0.827305
82029: 0.827307
82030: 0.827309
82031: 0.827311
82032: 0.827313
82033: 0.827316
82034: 0.827318
82035: 0.82732
82036: 0.827322
82037: 0.827324
82038: 0.827326
82039: 0.827328
82040: 0.82733
82041: 0.82732
82042: 0.82731
82043: 0.8273
82044: 0.82729
82045: 0.82728
82046: 0.82727
82047: 0.827272
82048: 0.827274
82049: 0.827276
82050: 0.827278
82051: 0.82728
82052: 0.827282
82053: 0.827284
82054: 0.827287
82055: 0.827289
82056: 0.827279
82057: 0.827281
82058: 0.827283
82059: 0.827285
82060: 0.827287
82061: 0.827289
82062: 0.827291
82063: 0.827293
82064: 0.827295
82065: 0.827298
82066: 0.8273
82067: 0.827302
82068: 0.827304
82069: 0.827306
82070: 0.827308
82071: 0.82731
82072: 0.827312
82073: 0.827314
82074: 0.827304
82075: 0.827306
82076: 0.827309
82077: 0.827311
82078: 0.827301
82079: 0.82729
82080: 0.82728
82081: 0.827282
82082: 0.827285
82083: 0.827287
82084: 0.827289
82085: 0.827291
82086: 0.827281
82087: 0.827271
82088: 0.827261
82089: 0.827251
82090: 0.827253
82091: 0.827255
82092: 0.827245
82093: 0.827235
82094: 0.827225
82095: 0.827214
82096: 0.827217
82097: 0.827219
82098: 0.827221
82099: 0.827223
82100: 0.827225
82101: 0.827227
82102: 0.827229
82103: 0.827231
82104: 0.827233
82105: 0.827223
82106: 0.827225
82107: 0.827228
82108: 0.82723
82109: 0.827232
82110: 0.827234
82111: 0.827236
82112: 0.827238
82113: 0.82724
82114: 0.827242
82115: 0.827244
82116: 0.827246
82117: 0.827249
82118: 0.827251
82119: 0.827241
82120: 0.827243
82121: 0.827245
82122: 0.827247
82123: 0.827249
82124: 0.827251
82125: 0.827253
82126: 0.827255
82127: 0.827245
82128: 0.827247
82129: 0.827249
82130: 0.827252
82131: 0.827254
82132: 0.827244
82133: 0.827234
82134: 0.827236
82135: 0.827238
82136: 0.827228
82137: 0.82723
82138: 0.827232
82139: 0.827222
82140: 0.827224
82141: 0.827226
82142: 0.827228
82143: 0.827218
82144: 0.82722
82145: 0.827222
82146: 0.827224
82147: 0.827226
82148: 0.827229
82149: 0.827231
82150: 0.827233
82151: 0.827235
82152: 0.827237
82153: 0.827239
82154: 0.827241
82155: 0.827243
82156: 0.827245
82157: 0.827247
82158: 0.82725
82159: 0.827252
82160: 0.827254
82161: 0.827244
82162: 0.827246
82163: 0.827248
82164: 0.82725
82165: 0.827252
82166: 0.827254
82167: 0.827256
82168: 0.827258
82169: 0.827261
82170: 0.827263
82171: 0.827265
82172: 0.827267
82173: 0.827269
82174: 0.827271
82175: 0.827273
82176: 0.827275
82177: 0.827277
82178: 0.827279
82179: 0.827282
82180: 0.827284
82181: 0.827286
82182: 0.827288
82183: 0.82729
82184: 0.827292
82185: 0.827294
82186: 0.827296
82187: 0.827298
82188: 0.827288
82189: 0.827278
82190: 0.827268
82191: 0.82727
82192: 0.827272
82193: 0.827262
82194: 0.827264
82195: 0.827267
82196: 0.827269
82197: 0.827271
82198: 0.827273
82199: 0.827275
82200: 0.827277
82201: 0.827279
82202: 0.827281
82203: 0.827283
82204: 0.827285
82205: 0.827288
82206: 0.82729
82207: 0.827292
82208: 0.827294
82209: 0.827284
82210: 0.827286
82211: 0.827276
82212: 0.827278
82213: 0.82728
82214: 0.827282
82215: 0.827284
82216: 0.827286
82217: 0.827288
82218: 0.827291
82219: 0.827293
82220: 0.827283
82221: 0.827273
82222: 0.827275
82223: 0.827277
82224: 0.827279
82225: 0.827281
82226: 0.827283
82227: 0.827285
82228: 0.827287
82229: 0.827289
82230: 0.827279
82231: 0.827269
82232: 0.827271
82233: 0.827273
82234: 0.827275
82235: 0.827278
82236: 0.82728
82237: 0.827282
82238: 0.827284
82239: 0.827274
82240: 0.827276
82241: 0.827278
82242: 0.82728
82243: 0.827282
82244: 0.827284
82245: 0.827274
82246: 0.827276
82247: 0.827266
82248: 0.827256
82249: 0.827258
82250: 0.82726
82251: 0.827263
82252: 0.827265
82253: 0.827267
82254: 0.827269
82255: 0.827271
82256: 0.827273
82257: 0.827263
82258: 0.827265
82259: 0.827267
82260: 0.827269
82261: 0.827271
82262: 0.827274
82263: 0.827276
82264: 0.827278
82265: 0.82728
82266: 0.82727
82267: 0.82726
82268: 0.82725
82269: 0.827252
82270: 0.827242
82271: 0.827232
82272: 0.827222
82273: 0.827224
82274: 0.827214
82275: 0.827216
82276: 0.827206
82277: 0.827196
82278: 0.827186
82279: 0.827188
82280: 0.82719
82281: 0.827192
82282: 0.827194
82283: 0.827196
82284: 0.827186
82285: 0.827176
82286: 0.827178
82287: 0.82718
82288: 0.827182
82289: 0.827184
82290: 0.827186
82291: 0.827189
82292: 0.827191
82293: 0.827193
82294: 0.827195
82295: 0.827197
82296: 0.827199
82297: 0.827201
82298: 0.827203
82299: 0.827205
82300: 0.827207
82301: 0.82721
82302: 0.827212
82303: 0.827214
82304: 0.827216
82305: 0.827218
82306: 0.82722
82307: 0.827222
82308: 0.827224
82309: 0.827226
82310: 0.827228
82311: 0.827231
82312: 0.827233
82313: 0.827235
82314: 0.827237
82315: 0.827239
82316: 0.827229
82317: 0.827231
82318: 0.827233
82319: 0.827235
82320: 0.827237
82321: 0.827239
82322: 0.827241
82323: 0.827244
82324: 0.827246
82325: 0.827248
82326: 0.827238
82327: 0.82724
82328: 0.827242
82329: 0.827244
82330: 0.827246
82331: 0.827248
82332: 0.82725
82333: 0.827252
82334: 0.827255
82335: 0.827257
82336: 0.827259
82337: 0.827261
82338: 0.827263
82339: 0.827265
82340: 0.827255
82341: 0.827257
82342: 0.827259
82343: 0.827261
82344: 0.827263
82345: 0.827265
82346: 0.827268
82347: 0.827257
82348: 0.82726
82349: 0.827262
82350: 0.827252
82351: 0.827242
82352: 0.827232
82353: 0.827222
82354: 0.827211
82355: 0.827214
82356: 0.827216
82357: 0.827218
82358: 0.82722
82359: 0.827222
82360: 0.827212
82361: 0.827214
82362: 0.827204
82363: 0.827194
82364: 0.827196
82365: 0.827198
82366: 0.8272
82367: 0.827202
82368: 0.827204
82369: 0.827207
82370: 0.827209
82371: 0.827211
82372: 0.827213
82373: 0.827215
82374: 0.827217
82375: 0.827207
82376: 0.827197
82377: 0.827187
82378: 0.827189
82379: 0.827191
82380: 0.827193
82381: 0.827195
82382: 0.827197
82383: 0.827199
82384: 0.827189
82385: 0.827179
82386: 0.827181
82387: 0.827184
82388: 0.827186
82389: 0.827188
82390: 0.82719
82391: 0.827192
82392: 0.827194
82393: 0.827196
82394: 0.827186
82395: 0.827188
82396: 0.82719
82397: 0.827192
82398: 0.827195
82399: 0.827197
82400: 0.827199
82401: 0.827201
82402: 0.827203
82403: 0.827205
82404: 0.827207
82405: 0.827209
82406: 0.827199
82407: 0.827201
82408: 0.827203
82409: 0.827205
82410: 0.827208
82411: 0.82721
82412: 0.8272
82413: 0.82719
82414: 0.82718
82415: 0.827169
82416: 0.827172
82417: 0.827174
82418: 0.827176
82419: 0.827178
82420: 0.827168
82421: 0.82717
82422: 0.827172
82423: 0.827174
82424: 0.827176
82425: 0.827178
82426: 0.82718
82427: 0.827183
82428: 0.827185
82429: 0.827187
82430: 0.827189
82431: 0.827191
82432: 0.827193
82433: 0.827195
82434: 0.827197
82435: 0.827199
82436: 0.827201
82437: 0.827203
82438: 0.827206
82439: 0.827208
82440: 0.82721
82441: 0.827212
82442: 0.827214
82443: 0.827216
82444: 0.827218
82445: 0.82722
82446: 0.827222
82447: 0.827224
82448: 0.827227
82449: 0.827216
82450: 0.827219
82451: 0.827221
82452: 0.827211
82453: 0.827213
82454: 0.827215
82455: 0.827217
82456: 0.827219
82457: 0.827221
82458: 0.827223
82459: 0.827225
82460: 0.827227
82461: 0.82723
82462: 0.827232
82463: 0.827234
82464: 0.827236
82465: 0.827238
82466: 0.827228
82467: 0.82723
82468: 0.827232
82469: 0.827234
82470: 0.827236
82471: 0.827238
82472: 0.82724
82473: 0.827243
82474: 0.827232
82475: 0.827235
82476: 0.827237
82477: 0.827239
82478: 0.827229
82479: 0.827231
82480: 0.827233
82481: 0.827223
82482: 0.827213
82483: 0.827215
82484: 0.827217
82485: 0.827219
82486: 0.827221
82487: 0.827223
82488: 0.827225
82489: 0.827228
82490: 0.82723
82491: 0.827232
82492: 0.827234
82493: 0.827236
82494: 0.827238
82495: 0.82724
82496: 0.827242
82497: 0.827244
82498: 0.827246
82499: 0.827248
82500: 0.827251
82501: 0.827253
82502: 0.827255
82503: 0.827257
82504: 0.827259
82505: 0.827249
82506: 0.827251
82507: 0.827241
82508: 0.827231
82509: 0.827221
82510: 0.827223
82511: 0.827225
82512: 0.827227
82513: 0.827229
82514: 0.827231
82515: 0.827234
82516: 0.827236
82517: 0.827238
82518: 0.82724
82519: 0.827242
82520: 0.827244
82521: 0.827246
82522: 0.827248
82523: 0.82725
82524: 0.82724
82525: 0.82723
82526: 0.82722
82527: 0.82721
82528: 0.827212
82529: 0.827214
82530: 0.827216
82531: 0.827219
82532: 0.827221
82533: 0.827223
82534: 0.827225
82535: 0.827227
82536: 0.827229
82537: 0.827231
82538: 0.827233
82539: 0.827235
82540: 0.827237
82541: 0.827239
82542: 0.827242
82543: 0.827232
82544: 0.827234
82545: 0.827236
82546: 0.827226
82547: 0.827228
82548: 0.82723
82549: 0.82722
82550: 0.82721
82551: 0.8272
82552: 0.827202
82553: 0.827204
82554: 0.827206
82555: 0.827208
82556: 0.827198
82557: 0.8272
82558: 0.827202
82559: 0.827204
82560: 0.827207
82561: 0.827209
82562: 0.827211
82563: 0.827213
82564: 0.827215
82565: 0.827217
82566: 0.827219
82567: 0.827221
82568: 0.827223
82569: 0.827225
82570: 0.827227
82571: 0.827217
82572: 0.82722
82573: 0.827222
82574: 0.827224
82575: 0.827226
82576: 0.827228
82577: 0.82723
82578: 0.827232
82579: 0.827234
82580: 0.827236
82581: 0.827238
82582: 0.82724
82583: 0.827243
82584: 0.827245
82585: 0.827247
82586: 0.827249
82587: 0.827251
82588: 0.827253
82589: 0.827255
82590: 0.827257
82591: 0.827259
82592: 0.827261
82593: 0.827263
82594: 0.827266
82595: 0.827268
82596: 0.82727
82597: 0.82726
82598: 0.82725
82599: 0.827252
82600: 0.827254
82601: 0.827256
82602: 0.827258
82603: 0.82726
82604: 0.827262
82605: 0.827264
82606: 0.827266
82607: 0.827269
82608: 0.827271
82609: 0.827273
82610: 0.827275
82611: 0.827277
82612: 0.827279
82613: 0.827281
82614: 0.827283
82615: 0.827285
82616: 0.827275
82617: 0.827277
82618: 0.827279
82619: 0.827282
82620: 0.827284
82621: 0.827286
82622: 0.827288
82623: 0.82729
82624: 0.827292
82625: 0.827294
82626: 0.827296
82627: 0.827298
82628: 0.8273
82629: 0.827302
82630: 0.827305
82631: 0.827307
82632: 0.827309
82633: 0.827311
82634: 0.827301
82635: 0.827291
82636: 0.827293
82637: 0.827295
82638: 0.827297
82639: 0.827299
82640: 0.827301
82641: 0.827303
82642: 0.827305
82643: 0.827307
82644: 0.82731
82645: 0.827312
82646: 0.827314
82647: 0.827316
82648: 0.827306
82649: 0.827296
82650: 0.827286
82651: 0.827288
82652: 0.82729
82653: 0.827292
82654: 0.827294
82655: 0.827296
82656: 0.827298
82657: 0.827288
82658: 0.82729
82659: 0.827293
82660: 0.827295
82661: 0.827297
82662: 0.827299
82663: 0.827301
82664: 0.827303
82665: 0.827305
82666: 0.827307
82667: 0.827309
82668: 0.827311
82669: 0.827313
82670: 0.827316
82671: 0.827305
82672: 0.827295
82673: 0.827298
82674: 0.8273
82675: 0.827302
82676: 0.827304
82677: 0.827294
82678: 0.827296
82679: 0.827298
82680: 0.8273
82681: 0.827302
82682: 0.827304
82683: 0.827294
82684: 0.827296
82685: 0.827298
82686: 0.827301
82687: 0.827291
82688: 0.827293
82689: 0.827295
82690: 0.827285
82691: 0.827287
82692: 0.827289
82693: 0.827291
82694: 0.827293
82695: 0.827295
82696: 0.827297
82697: 0.827287
82698: 0.827277
82699: 0.827279
82700: 0.827281
82701: 0.827283
82702: 0.827286
82703: 0.827288
82704: 0.82729
82705: 0.827292
82706: 0.827294
82707: 0.827296
82708: 0.827286
82709: 0.827288
82710: 0.82729
82711: 0.827292
82712: 0.827294
82713: 0.827296
82714: 0.827299
82715: 0.827301
82716: 0.827303
82717: 0.827293
82718: 0.827295
82719: 0.827297
82720: 0.827299
82721: 0.827301
82722: 0.827291
82723: 0.827281
82724: 0.827271
82725: 0.827273
82726: 0.827275
82727: 0.827277
82728: 0.827279
82729: 0.827269
82730: 0.827272
82731: 0.827274
82732: 0.827276
82733: 0.827278
82734: 0.82728
82735: 0.827282
82736: 0.827284
82737: 0.827286
82738: 0.827276
82739: 0.827266
82740: 0.827256
82741: 0.827258
82742: 0.82726
82743: 0.827262
82744: 0.827264
82745: 0.827267
82746: 0.827269
82747: 0.827271
82748: 0.827273
82749: 0.827275
82750: 0.827277
82751: 0.827279
82752: 0.827281
82753: 0.827283
82754: 0.827285
82755: 0.827287
82756: 0.82729
82757: 0.827292
82758: 0.827294
82759: 0.827296
82760: 0.827298
82761: 0.8273
82762: 0.827302
82763: 0.827292
82764: 0.827294
82765: 0.827296
82766: 0.827298
82767: 0.8273
82768: 0.827302
82769: 0.827305
82770: 0.827307
82771: 0.827297
82772: 0.827299
82773: 0.827301
82774: 0.827303
82775: 0.827305
82776: 0.827307
82777: 0.827309
82778: 0.827311
82779: 0.827301
82780: 0.827291
82781: 0.827293
82782: 0.827283
82783: 0.827285
82784: 0.827275
82785: 0.827278
82786: 0.82728
82787: 0.827282
82788: 0.827284
82789: 0.827286
82790: 0.827288
82791: 0.82729
82792: 0.82728
82793: 0.82727
82794: 0.82726
82795: 0.827262
82796: 0.827264
82797: 0.827266
82798: 0.827256
82799: 0.827246
82800: 0.827236
82801: 0.827226
82802: 0.827216
82803: 0.827206
82804: 0.827209
82805: 0.827211
82806: 0.827213
82807: 0.827215
82808: 0.827217
82809: 0.827219
82810: 0.827221
82811: 0.827211
82812: 0.827213
82813: 0.827215
82814: 0.827217
82815: 0.827219
82816: 0.827221
82817: 0.827224
82818: 0.827226
82819: 0.827228
82820: 0.82723
82821: 0.827232
82822: 0.827234
82823: 0.827236
82824: 0.827238
82825: 0.82724
82826: 0.827242
82827: 0.827232
82828: 0.827234
82829: 0.827237
82830: 0.827239
82831: 0.827241
82832: 0.827243
82833: 0.827245
82834: 0.827247
82835: 0.827249
82836: 0.827251
82837: 0.827241
82838: 0.827243
82839: 0.827245
82840: 0.827235
82841: 0.827237
82842: 0.827239
82843: 0.827242
82844: 0.827244
82845: 0.827246
82846: 0.827248
82847: 0.82725
82848: 0.827252
82849: 0.827254
82850: 0.827256
82851: 0.827258
82852: 0.82726
82853: 0.827262
82854: 0.827264
82855: 0.827267
82856: 0.827269
82857: 0.827271
82858: 0.827273
82859: 0.827275
82860: 0.827277
82861: 0.827279
82862: 0.827281
82863: 0.827283
82864: 0.827285
82865: 0.827287
82866: 0.82729
82867: 0.827292
82868: 0.827294
82869: 0.827284
82870: 0.827286
82871: 0.827276
82872: 0.827278
82873: 0.82728
82874: 0.827282
82875: 0.827284
82876: 0.827286
82877: 0.827288
82878: 0.82729
82879: 0.827292
82880: 0.827295
82881: 0.827285
82882: 0.827275
82883: 0.827265
82884: 0.827267
82885: 0.827269
82886: 0.827271
82887: 0.827273
82888: 0.827275
82889: 0.827277
82890: 0.827279
82891: 0.827281
82892: 0.827283
82893: 0.827273
82894: 0.827275
82895: 0.827278
82896: 0.827268
82897: 0.827258
82898: 0.82726
82899: 0.827262
82900: 0.827264
82901: 0.827266
82902: 0.827268
82903: 0.82727
82904: 0.827272
82905: 0.827274
82906: 0.827276
82907: 0.827278
82908: 0.827281
82909: 0.827283
82910: 0.827285
82911: 0.827275
82912: 0.827277
82913: 0.827279
82914: 0.827281
82915: 0.827283
82916: 0.827285
82917: 0.827287
82918: 0.827289
82919: 0.827291
82920: 0.827293
82921: 0.827296
82922: 0.827298
82923: 0.8273
82924: 0.827302
82925: 0.827304
82926: 0.827306
82927: 0.827308
82928: 0.82731
82929: 0.8273
82930: 0.82729
82931: 0.82728
82932: 0.82727
82933: 0.827272
82934: 0.827274
82935: 0.827264
82936: 0.827266
82937: 0.827269
82938: 0.827271
82939: 0.827273
82940: 0.827263
82941: 0.827265
82942: 0.827267
82943: 0.827269
82944: 0.827259
82945: 0.827249
82946: 0.827239
82947: 0.827241
82948: 0.827243
82949: 0.827245
82950: 0.827247
82951: 0.827249
82952: 0.827252
82953: 0.827254
82954: 0.827256
82955: 0.827258
82956: 0.82726
82957: 0.827262
82958: 0.827264
82959: 0.827266
82960: 0.827268
82961: 0.82727
82962: 0.827272
82963: 0.827274
82964: 0.827277
82965: 0.827279
82966: 0.827281
82967: 0.827283
82968: 0.827285
82969: 0.827287
82970: 0.827277
82971: 0.827267
82972: 0.827269
82973: 0.827271
82974: 0.827273
82975: 0.827275
82976: 0.827277
82977: 0.82728
82978: 0.827282
82979: 0.827284
82980: 0.827286
82981: 0.827288
82982: 0.82729
82983: 0.827292
82984: 0.827282
82985: 0.827284
82986: 0.827286
82987: 0.827288
82988: 0.82729
82989: 0.827292
82990: 0.827295
82991: 0.827285
82992: 0.827275
82993: 0.827277
82994: 0.827279
82995: 0.827281
82996: 0.827283
82997: 0.827285
82998: 0.827287
82999: 0.827289
83000: 0.827291
83001: 0.827293
83002: 0.827295
83003: 0.827297
83004: 0.8273
83005: 0.827302
83006: 0.827304
83007: 0.827306
83008: 0.827308
83009: 0.827298
83010: 0.8273
83011: 0.827302
83012: 0.827304
83013: 0.827306
83014: 0.827308
83015: 0.82731
83016: 0.827312
83017: 0.827315
83018: 0.827317
83019: 0.827319
83020: 0.827321
83021: 0.827311
83022: 0.827313
83023: 0.827303
83024: 0.827293
83025: 0.827295
83026: 0.827297
83027: 0.827299
83028: 0.827301
83029: 0.827303
83030: 0.827305
83031: 0.827308
83032: 0.82731
83033: 0.827312
83034: 0.827302
83035: 0.827304
83036: 0.827306
83037: 0.827308
83038: 0.82731
83039: 0.827312
83040: 0.827314
83041: 0.827316
83042: 0.827318
83043: 0.82732
83044: 0.827323
83045: 0.827325
83046: 0.827327
83047: 0.827329
83048: 0.827331
83049: 0.827333
83050: 0.827335
83051: 0.827337
83052: 0.827339
83053: 0.827341
83054: 0.827343
83055: 0.827345
83056: 0.827347
83057: 0.82735
83058: 0.827352
83059: 0.827342
83060: 0.827332
83061: 0.827322
83062: 0.827312
83063: 0.827314
83064: 0.827316
83065: 0.827318
83066: 0.827308
83067: 0.827298
83068: 0.8273
83069: 0.827302
83070: 0.827304
83071: 0.827294
83072: 0.827284
83073: 0.827287
83074: 0.827289
83075: 0.827291
83076: 0.827293
83077: 0.827295
83078: 0.827297
83079: 0.827299
83080: 0.827301
83081: 0.827303
83082: 0.827305
83083: 0.827307
83084: 0.827309
83085: 0.827311
83086: 0.827314
83087: 0.827316
83088: 0.827318
83089: 0.82732
83090: 0.827322
83091: 0.827324
83092: 0.827326
83093: 0.827328
83094: 0.82733
83095: 0.82732
83096: 0.82731
83097: 0.827312
83098: 0.827314
83099: 0.827316
83100: 0.827319
83101: 0.827321
83102: 0.827323
83103: 0.827325
83104: 0.827327
83105: 0.827329
83106: 0.827331
83107: 0.827333
83108: 0.827335
83109: 0.827337
83110: 0.827339
83111: 0.827341
83112: 0.827343
83113: 0.827346
83114: 0.827348
83115: 0.82735
83116: 0.827352
83117: 0.827342
83118: 0.827332
83119: 0.827322
83120: 0.827312
83121: 0.827314
83122: 0.827316
83123: 0.827318
83124: 0.82732
83125: 0.827322
83126: 0.827324
83127: 0.827327
83128: 0.827329
83129: 0.827319
83130: 0.827321
83131: 0.827323
83132: 0.827325
83133: 0.827327
83134: 0.827317
83135: 0.827319
83136: 0.827321
83137: 0.827323
83138: 0.827313
83139: 0.827303
83140: 0.827305
83141: 0.827307
83142: 0.82731
83143: 0.827312
83144: 0.827314
83145: 0.827316
83146: 0.827318
83147: 0.82732
83148: 0.827322
83149: 0.827324
83150: 0.827326
83151: 0.827328
83152: 0.82733
83153: 0.827332
83154: 0.827334
83155: 0.827337
83156: 0.827339
83157: 0.827341
83158: 0.827343
83159: 0.827345
83160: 0.827347
83161: 0.827349
83162: 0.827351
83163: 0.827353
83164: 0.827355
83165: 0.827357
83166: 0.827347
83167: 0.827337
83168: 0.82734
83169: 0.827342
83170: 0.827332
83171: 0.827334
83172: 0.827336
83173: 0.827338
83174: 0.82734
83175: 0.827342
83176: 0.827344
83177: 0.827346
83178: 0.827348
83179: 0.82735
83180: 0.827352
83181: 0.827354
83182: 0.827345
83183: 0.827347
83184: 0.827349
83185: 0.827351
83186: 0.827353
83187: 0.827343
83188: 0.827345
83189: 0.827347
83190: 0.827349
83191: 0.827351
83192: 0.827353
83193: 0.827355
83194: 0.827357
83195: 0.827359
83196: 0.827362
83197: 0.827364
83198: 0.827366
83199: 0.827368
83200: 0.82737
83201: 0.827372
83202: 0.827374
83203: 0.827376
83204: 0.827378
83205: 0.82738
83206: 0.827382
83207: 0.827372
83208: 0.827362
83209: 0.827352
83210: 0.827355
83211: 0.827357
83212: 0.827359
83213: 0.827361
83214: 0.827363
83215: 0.827365
83216: 0.827367
83217: 0.827369
83218: 0.827359
83219: 0.827349
83220: 0.827351
83221: 0.827353
83222: 0.827355
83223: 0.827357
83224: 0.82736
83225: 0.827362
83226: 0.827352
83227: 0.827354
83228: 0.827356
83229: 0.827358
83230: 0.82736
83231: 0.827362
83232: 0.827364
83233: 0.827366
83234: 0.827356
83235: 0.827358
83236: 0.82736
83237: 0.827363
83238: 0.827365
83239: 0.827367
83240: 0.827369
83241: 0.827371
83242: 0.827373
83243: 0.827375
83244: 0.827377
83245: 0.827379
83246: 0.827381
83247: 0.827383
83248: 0.827373
83249: 0.827363
83250: 0.827353
83251: 0.827343
83252: 0.827334
83253: 0.827336
83254: 0.827338
83255: 0.82734
83256: 0.827342
83257: 0.827344
83258: 0.827346
83259: 0.827348
83260: 0.82735
83261: 0.827352
83262: 0.827354
83263: 0.827356
83264: 0.827358
83265: 0.827361
83266: 0.827363
83267: 0.827365
83268: 0.827367
83269: 0.827369
83270: 0.827371
83271: 0.827361
83272: 0.827351
83273: 0.827341
83274: 0.827331
83275: 0.827333
83276: 0.827335
83277: 0.827337
83278: 0.827327
83279: 0.827317
83280: 0.827308
83281: 0.827298
83282: 0.827288
83283: 0.82729
83284: 0.82728
83285: 0.827282
83286: 0.827284
83287: 0.827286
83288: 0.827288
83289: 0.82729
83290: 0.827292
83291: 0.827282
83292: 0.827272
83293: 0.827262
83294: 0.827253
83295: 0.827243
83296: 0.827233
83297: 0.827235
83298: 0.827237
83299: 0.827239
83300: 0.827241
83301: 0.827243
83302: 0.827245
83303: 0.827247
83304: 0.827249
83305: 0.827251
83306: 0.827253
83307: 0.827255
83308: 0.827258
83309: 0.82726
83310: 0.827262
83311: 0.827252
83312: 0.827254
83313: 0.827256
83314: 0.827258
83315: 0.82726
83316: 0.827262
83317: 0.827252
83318: 0.827242
83319: 0.827244
83320: 0.827246
83321: 0.827249
83322: 0.827251
83323: 0.827253
83324: 0.827255
83325: 0.827257
83326: 0.827259
83327: 0.827249
83328: 0.827239
83329: 0.827229
83330: 0.827231
83331: 0.827233
83332: 0.827235
83333: 0.827237
83334: 0.827239
83335: 0.827242
83336: 0.827232
83337: 0.827234
83338: 0.827236
83339: 0.827238
83340: 0.82724
83341: 0.827242
83342: 0.827244
83343: 0.827246
83344: 0.827248
83345: 0.82725
83346: 0.827252
83347: 0.827254
83348: 0.827256
83349: 0.827259
83350: 0.827261
83351: 0.827263
83352: 0.827265
83353: 0.827255
83354: 0.827245
83355: 0.827235
83356: 0.827237
83357: 0.827239
83358: 0.827229
83359: 0.827219
83360: 0.827221
83361: 0.827223
83362: 0.827226
83363: 0.827228
83364: 0.827218
83365: 0.82722
83366: 0.82721
83367: 0.8272
83368: 0.82719
83369: 0.82718
83370: 0.827182
83371: 0.827184
83372: 0.827186
83373: 0.827188
83374: 0.82719
83375: 0.827192
83376: 0.827195
83377: 0.827185
83378: 0.827175
83379: 0.827177
83380: 0.827179
83381: 0.827169
83382: 0.827159
83383: 0.827161
83384: 0.827151
83385: 0.827153
83386: 0.827155
83387: 0.827157
83388: 0.827147
83389: 0.82715
83390: 0.827152
83391: 0.827142
83392: 0.827132
83393: 0.827122
83394: 0.827124
83395: 0.827114
83396: 0.827116
83397: 0.827118
83398: 0.82712
83399: 0.827122
83400: 0.827124
83401: 0.827114
83402: 0.827117
83403: 0.827119
83404: 0.827121
83405: 0.827123
83406: 0.827125
83407: 0.827127
83408: 0.827129
83409: 0.827131
83410: 0.827133
83411: 0.827135
83412: 0.827137
83413: 0.827139
83414: 0.827141
83415: 0.827143
83416: 0.827146
83417: 0.827148
83418: 0.827138
83419: 0.827128
83420: 0.82713
83421: 0.827132
83422: 0.827134
83423: 0.827124
83424: 0.827126
83425: 0.827128
83426: 0.82713
83427: 0.82712
83428: 0.82711
83429: 0.827113
83430: 0.827103
83431: 0.827093
83432: 0.827083
83433: 0.827073
83434: 0.827063
83435: 0.827065
83436: 0.827067
83437: 0.827057
83438: 0.827047
83439: 0.827049
83440: 0.827051
83441: 0.827042
83442: 0.827044
83443: 0.827046
83444: 0.827048
83445: 0.82705
83446: 0.82704
83447: 0.82703
83448: 0.827032
83449: 0.827034
83450: 0.827036
83451: 0.827038
83452: 0.82704
83453: 0.827042
83454: 0.827045
83455: 0.827047
83456: 0.827037
83457: 0.827039
83458: 0.827041
83459: 0.827043
83460: 0.827045
83461: 0.827047
83462: 0.827049
83463: 0.827051
83464: 0.827053
83465: 0.827055
83466: 0.827057
83467: 0.827047
83468: 0.82705
83469: 0.827052
83470: 0.827054
83471: 0.827056
83472: 0.827058
83473: 0.82706
83474: 0.827062
83475: 0.827064
83476: 0.827066
83477: 0.827056
83478: 0.827046
83479: 0.827048
83480: 0.82705
83481: 0.827053
83482: 0.827055
83483: 0.827057
83484: 0.827059
83485: 0.827061
83486: 0.827063
83487: 0.827065
83488: 0.827067
83489: 0.827057
83490: 0.827059
83491: 0.827061
83492: 0.827063
83493: 0.827065
83494: 0.827056
83495: 0.827058
83496: 0.827048
83497: 0.82705
83498: 0.827052
83499: 0.827054
83500: 0.827044
83501: 0.827034
83502: 0.827024
83503: 0.827026
83504: 0.827028
83505: 0.82703
83506: 0.827032
83507: 0.827035
83508: 0.827037
83509: 0.827039
83510: 0.827041
83511: 0.827031
83512: 0.827021
83513: 0.827011
83514: 0.827013
83515: 0.827015
83516: 0.827017
83517: 0.827019
83518: 0.827021
83519: 0.827023
83520: 0.827026
83521: 0.827028
83522: 0.82703
83523: 0.827032
83524: 0.827034
83525: 0.827024
83526: 0.827026
83527: 0.827028
83528: 0.82703
83529: 0.827032
83530: 0.827034
83531: 0.827036
83532: 0.827038
83533: 0.82704
83534: 0.827043
83535: 0.827045
83536: 0.827047
83537: 0.827049
83538: 0.827051
83539: 0.827053
83540: 0.827055
83541: 0.827057
83542: 0.827059
83543: 0.827061
83544: 0.827063
83545: 0.827065
83546: 0.827055
83547: 0.827057
83548: 0.82706
83549: 0.827062
83550: 0.827064
83551: 0.827066
83552: 0.827068
83553: 0.82707
83554: 0.827072
83555: 0.827074
83556: 0.827076
83557: 0.827078
83558: 0.82708
83559: 0.827082
83560: 0.827084
83561: 0.827075
83562: 0.827077
83563: 0.827079
83564: 0.827069
83565: 0.827071
83566: 0.827073
83567: 0.827075
83568: 0.827077
83569: 0.827079
83570: 0.827081
83571: 0.827083
83572: 0.827085
83573: 0.827087
83574: 0.827089
83575: 0.827092
83576: 0.827094
83577: 0.827084
83578: 0.827086
83579: 0.827088
83580: 0.82709
83581: 0.827092
83582: 0.827082
83583: 0.827084
83584: 0.827086
83585: 0.827088
83586: 0.82709
83587: 0.827092
83588: 0.827094
83589: 0.827097
83590: 0.827099
83591: 0.827089
83592: 0.827091
83593: 0.827093
83594: 0.827095
83595: 0.827097
83596: 0.827099
83597: 0.827101
83598: 0.827103
83599: 0.827105
83600: 0.827107
83601: 0.827109
83602: 0.827111
83603: 0.827114
83604: 0.827104
83605: 0.827094
83606: 0.827096
83607: 0.827098
83608: 0.8271
83609: 0.827102
83610: 0.827104
83611: 0.827106
83612: 0.827108
83613: 0.827098
83614: 0.827088
83615: 0.827091
83616: 0.827093
83617: 0.827095
83618: 0.827097
83619: 0.827099
83620: 0.827101
83621: 0.827103
83622: 0.827105
83623: 0.827107
83624: 0.827109
83625: 0.827099
83626: 0.827089
83627: 0.827091
83628: 0.827093
83629: 0.827096
83630: 0.827098
83631: 0.8271
83632: 0.827102
83633: 0.827104
83634: 0.827106
83635: 0.827108
83636: 0.82711
83637: 0.827112
83638: 0.827114
83639: 0.827116
83640: 0.827118
83641: 0.82712
83642: 0.827122
83643: 0.827124
83644: 0.827115
83645: 0.827105
83646: 0.827107
83647: 0.827109
83648: 0.827111
83649: 0.827113
83650: 0.827115
83651: 0.827117
83652: 0.827119
83653: 0.827121
83654: 0.827123
83655: 0.827125
83656: 0.827127
83657: 0.82713
83658: 0.827132
83659: 0.827134
83660: 0.827136
83661: 0.827126
83662: 0.827128
83663: 0.82713
83664: 0.827132
83665: 0.827134
83666: 0.827136
83667: 0.827138
83668: 0.82714
83669: 0.827142
83670: 0.827144
83671: 0.827146
83672: 0.827149
83673: 0.827151
83674: 0.827153
83675: 0.827155
83676: 0.827157
83677: 0.827159
83678: 0.827161
83679: 0.827163
83680: 0.827165
83681: 0.827167
83682: 0.827169
83683: 0.827171
83684: 0.827173
83685: 0.827175
83686: 0.827177
83687: 0.82718
83688: 0.827182
83689: 0.827184
83690: 0.827186
83691: 0.827188
83692: 0.82719
83693: 0.827192
83694: 0.827194
83695: 0.827196
83696: 0.827198
83697: 0.8272
83698: 0.827202
83699: 0.827204
83700: 0.827206
83701: 0.827208
83702: 0.82721
83703: 0.827213
83704: 0.827215
83705: 0.827217
83706: 0.827207
83707: 0.827197
83708: 0.827199
83709: 0.827189
83710: 0.827179
83711: 0.827181
83712: 0.827183
83713: 0.827185
83714: 0.827176
83715: 0.827166
83716: 0.827156
83717: 0.827158
83718: 0.82716
83719: 0.827162
83720: 0.827164
83721: 0.827154
83722: 0.827156
83723: 0.827158
83724: 0.82716
83725: 0.82715
83726: 0.827141
83727: 0.827143
83728: 0.827145
83729: 0.827147
83730: 0.827149
83731: 0.827151
83732: 0.827153
83733: 0.827155
83734: 0.827157
83735: 0.827159
83736: 0.827161
83737: 0.827163
83738: 0.827165
83739: 0.827167
83740: 0.827169
83741: 0.827172
83742: 0.827174
83743: 0.827176
83744: 0.827178
83745: 0.827168
83746: 0.82717
83747: 0.827172
83748: 0.827174
83749: 0.827176
83750: 0.827178
83751: 0.82718
83752: 0.827182
83753: 0.827184
83754: 0.827186
83755: 0.827188
83756: 0.827191
83757: 0.827193
83758: 0.827195
83759: 0.827197
83760: 0.827199
83761: 0.827201
83762: 0.827203
83763: 0.827205
83764: 0.827207
83765: 0.827209
83766: 0.827199
83767: 0.827189
83768: 0.827191
83769: 0.827194
83770: 0.827196
83771: 0.827186
83772: 0.827188
83773: 0.82719
83774: 0.827192
83775: 0.827194
83776: 0.827196
83777: 0.827198
83778: 0.827188
83779: 0.827178
83780: 0.82718
83781: 0.827182
83782: 0.827185
83783: 0.827187
83784: 0.827189
83785: 0.827191
83786: 0.827181
83787: 0.827183
83788: 0.827185
83789: 0.827175
83790: 0.827165
83791: 0.827167
83792: 0.827169
83793: 0.827159
83794: 0.82715
83795: 0.82714
83796: 0.82713
83797: 0.827132
83798: 0.827134
83799: 0.827124
83800: 0.827126
83801: 0.827128
83802: 0.82713
83803: 0.82712
83804: 0.827111
83805: 0.827113
83806: 0.827115
83807: 0.827117
83808: 0.827119
83809: 0.827121
83810: 0.827123
83811: 0.827125
83812: 0.827127
83813: 0.827129
83814: 0.827119
83815: 0.827109
83816: 0.8271
83817: 0.82709
83818: 0.827092
83819: 0.827094
83820: 0.827096
83821: 0.827098
83822: 0.8271
83823: 0.827102
83824: 0.827104
83825: 0.827106
83826: 0.827108
83827: 0.82711
83828: 0.827112
83829: 0.827102
83830: 0.827093
83831: 0.827095
83832: 0.827097
83833: 0.827099
83834: 0.827101
83835: 0.827103
83836: 0.827105
83837: 0.827107
83838: 0.827109
83839: 0.827111
83840: 0.827101
83841: 0.827103
83842: 0.827093
83843: 0.827096
83844: 0.827098
83845: 0.8271
83846: 0.827102
83847: 0.827092
83848: 0.827094
83849: 0.827096
83850: 0.827086
83851: 0.827076
83852: 0.827078
83853: 0.82708
83854: 0.827082
83855: 0.827085
83856: 0.827087
83857: 0.827089
83858: 0.827091
83859: 0.827093
83860: 0.827095
83861: 0.827097
83862: 0.827099
83863: 0.827101
83864: 0.827091
83865: 0.827081
83866: 0.827071
83867: 0.827062
83868: 0.827052
83869: 0.827054
83870: 0.827056
83871: 0.827058
83872: 0.82706
83873: 0.82705
83874: 0.827052
83875: 0.827054
83876: 0.827056
83877: 0.827058
83878: 0.82706
83879: 0.827062
83880: 0.827065
83881: 0.827067
83882: 0.827069
83883: 0.827071
83884: 0.827073
83885: 0.827075
83886: 0.827077
83887: 0.827079
83888: 0.827081
83889: 0.827083
83890: 0.827085
83891: 0.827087
83892: 0.827077
83893: 0.827067
83894: 0.827058
83895: 0.827048
83896: 0.82705
83897: 0.827052
83898: 0.827054
83899: 0.827056
83900: 0.827058
83901: 0.82706
83902: 0.827062
83903: 0.827064
83904: 0.827066
83905: 0.827056
83906: 0.827047
83907: 0.827049
83908: 0.827051
83909: 0.827053
83910: 0.827055
83911: 0.827057
83912: 0.827059
83913: 0.827061
83914: 0.827051
83915: 0.827053
83916: 0.827055
83917: 0.827057
83918: 0.827059
83919: 0.827061
83920: 0.827064
83921: 0.827066
83922: 0.827068
83923: 0.82707
83924: 0.827072
83925: 0.827062
83926: 0.827064
83927: 0.827066
83928: 0.827056
83929: 0.827058
83930: 0.82706
83931: 0.827062
83932: 0.827064
83933: 0.827055
83934: 0.827057
83935: 0.827059
83936: 0.827049
83937: 0.827051
83938: 0.827053
83939: 0.827055
83940: 0.827057
83941: 0.827059
83942: 0.827049
83943: 0.827051
83944: 0.827053
83945: 0.827055
83946: 0.827058
83947: 0.82706
83948: 0.827062
83949: 0.827064
83950: 0.827066
83951: 0.827068
83952: 0.82707
83953: 0.827072
83954: 0.827074
83955: 0.827076
83956: 0.827078
83957: 0.82708
83958: 0.827082
83959: 0.827084
83960: 0.827086
83961: 0.827088
83962: 0.827079
83963: 0.827069
83964: 0.827071
83965: 0.827073
83966: 0.827063
83967: 0.827065
83968: 0.827055
83969: 0.827057
83970: 0.827059
83971: 0.827049
83972: 0.827052
83973: 0.827054
83974: 0.827056
83975: 0.827058
83976: 0.82706
83977: 0.827062
83978: 0.827052
83979: 0.827042
83980: 0.827044
83981: 0.827046
83982: 0.827048
83983: 0.82705
83984: 0.827041
83985: 0.827043
83986: 0.827045
83987: 0.827047
83988: 0.827049
83989: 0.827051
83990: 0.827053
83991: 0.827055
83992: 0.827057
83993: 0.827059
83994: 0.827061
83995: 0.827063
83996: 0.827065
83997: 0.827067
83998: 0.827057
83999: 0.82706
84000: 0.827062
84001: 0.827064
84002: 0.827066
84003: 0.827068
84004: 0.82707
84005: 0.827072
84006: 0.827062
84007: 0.827064
84008: 0.827066
84009: 0.827068
84010: 0.82707
84011: 0.827072
84012: 0.827074
84013: 0.827076
84014: 0.827078
84015: 0.827081
84016: 0.827083
84017: 0.827085
84018: 0.827087
84019: 0.827089
84020: 0.827079
84021: 0.827069
84022: 0.827071
84023: 0.827073
84024: 0.827075
84025: 0.827077
84026: 0.827079
84027: 0.827081
84028: 0.827084
84029: 0.827086
84030: 0.827088
84031: 0.82709
84032: 0.82708
84033: 0.827082
84034: 0.827084
84035: 0.827086
84036: 0.827088
84037: 0.827078
84038: 0.827068
84039: 0.82707
84040: 0.827073
84041: 0.827075
84042: 0.827077
84043: 0.827079
84044: 0.827081
84045: 0.827083
84046: 0.827085
84047: 0.827087
84048: 0.827089
84049: 0.827091
84050: 0.827093
84051: 0.827095
84052: 0.827097
84053: 0.827099
84054: 0.827101
84055: 0.827091
84056: 0.827082
84057: 0.827084
84058: 0.827086
84059: 0.827088
84060: 0.827078
84061: 0.827068
84062: 0.827058
84063: 0.82706
84064: 0.827062
84065: 0.827064
84066: 0.827067
84067: 0.827057
84068: 0.827059
84069: 0.827061
84070: 0.827063
84071: 0.827065
84072: 0.827067
84073: 0.827069
84074: 0.827071
84075: 0.827073
84076: 0.827075
84077: 0.827077
84078: 0.827067
84079: 0.827069
84080: 0.827072
84081: 0.827074
84082: 0.827076
84083: 0.827066
84084: 0.827056
84085: 0.827058
84086: 0.82706
84087: 0.827062
84088: 0.827064
84089: 0.827066
84090: 0.827068
84091: 0.82707
84092: 0.827072
84093: 0.827074
84094: 0.827077
84095: 0.827079
84096: 0.827081
84097: 0.827083
84098: 0.827085
84099: 0.827087
84100: 0.827077
84101: 0.827067
84102: 0.827057
84103: 0.827047
84104: 0.827038
84105: 0.827028
84106: 0.827018
84107: 0.827008
84108: 0.82701
84109: 0.827012
84110: 0.827014
84111: 0.827016
84112: 0.827018
84113: 0.82702
84114: 0.827023
84115: 0.827025
84116: 0.827027
84117: 0.827029
84118: 0.827031
84119: 0.827033
84120: 0.827035
84121: 0.827037
84122: 0.827039
84123: 0.827041
84124: 0.827043
84125: 0.827045
84126: 0.827047
84127: 0.827049
84128: 0.827051
84129: 0.827053
84130: 0.827044
84131: 0.827034
84132: 0.827024
84133: 0.827014
84134: 0.827004
84135: 0.827006
84136: 0.827008
84137: 0.82701
84138: 0.827012
84139: 0.827014
84140: 0.827005
84141: 0.827007
84142: 0.827009
84143: 0.827011
84144: 0.827013
84145: 0.827015
84146: 0.827017
84147: 0.827019
84148: 0.827009
84149: 0.826999
84150: 0.827001
84151: 0.827004
84152: 0.827006
84153: 0.827008
84154: 0.82701
84155: 0.827012
84156: 0.827014
84157: 0.827016
84158: 0.827018
84159: 0.82702
84160: 0.82701
84161: 0.827012
84162: 0.827014
84163: 0.827016
84164: 0.827018
84165: 0.82702
84166: 0.827022
84167: 0.827025
84168: 0.827027
84169: 0.827029
84170: 0.827031
84171: 0.827033
84172: 0.827023
84173: 0.827025
84174: 0.827027
84175: 0.827029
84176: 0.827031
84177: 0.827033
84178: 0.827035
84179: 0.827037
84180: 0.827039
84181: 0.827041
84182: 0.827043
84183: 0.827046
84184: 0.827048
84185: 0.82705
84186: 0.827052
84187: 0.827054
84188: 0.827056
84189: 0.827058
84190: 0.82706
84191: 0.827062
84192: 0.827064
84193: 0.827066
84194: 0.827068
84195: 0.82707
84196: 0.827072
84197: 0.827074
84198: 0.827076
84199: 0.827078
84200: 0.82708
84201: 0.827082
84202: 0.827085
84203: 0.827075
84204: 0.827077
84205: 0.827079
84206: 0.827081
84207: 0.827083
84208: 0.827085
84209: 0.827087
84210: 0.827089
84211: 0.827091
84212: 0.827093
84213: 0.827095
84214: 0.827097
84215: 0.827099
84216: 0.827101
84217: 0.827103
84218: 0.827106
84219: 0.827108
84220: 0.82711
84221: 0.827112
84222: 0.827102
84223: 0.827104
84224: 0.827106
84225: 0.827108
84226: 0.82711
84227: 0.827112
84228: 0.827114
84229: 0.827116
84230: 0.827118
84231: 0.82712
84232: 0.827122
84233: 0.827124
84234: 0.827126
84235: 0.827129
84236: 0.827131
84237: 0.827133
84238: 0.827135
84239: 0.827137
84240: 0.827139
84241: 0.827141
84242: 0.827143
84243: 0.827133
84244: 0.827123
84245: 0.827113
84246: 0.827116
84247: 0.827118
84248: 0.82712
84249: 0.82711
84250: 0.8271
84251: 0.82709
84252: 0.827092
84253: 0.827094
84254: 0.827096
84255: 0.827098
84256: 0.8271
84257: 0.827102
84258: 0.827105
84259: 0.827107
84260: 0.827109
84261: 0.827111
84262: 0.827113
84263: 0.827115
84264: 0.827117
84265: 0.827119
84266: 0.827121
84267: 0.827123
84268: 0.827125
84269: 0.827127
84270: 0.827129
84271: 0.827131
84272: 0.827133
84273: 0.827135
84274: 0.827125
84275: 0.827128
84276: 0.827118
84277: 0.82712
84278: 0.827122
84279: 0.827124
84280: 0.827114
84281: 0.827116
84282: 0.827118
84283: 0.82712
84284: 0.827122
84285: 0.827124
84286: 0.827126
84287: 0.827128
84288: 0.82713
84289: 0.827133
84290: 0.827135
84291: 0.827137
84292: 0.827139
84293: 0.827141
84294: 0.827143
84295: 0.827145
84296: 0.827147
84297: 0.827149
84298: 0.827139
84299: 0.827129
84300: 0.827119
84301: 0.827122
84302: 0.827124
84303: 0.827126
84304: 0.827128
84305: 0.82713
84306: 0.827132
84307: 0.827134
84308: 0.827124
84309: 0.827126
84310: 0.827128
84311: 0.82713
84312: 0.827132
84313: 0.827134
84314: 0.827136
84315: 0.827127
84316: 0.827117
84317: 0.827119
84318: 0.827121
84319: 0.827123
84320: 0.827125
84321: 0.827127
84322: 0.827129
84323: 0.827131
84324: 0.827133
84325: 0.827135
84326: 0.827137
84327: 0.827139
84328: 0.827141
84329: 0.827143
84330: 0.827145
84331: 0.827147
84332: 0.82715
84333: 0.827152
84334: 0.827142
84335: 0.827132
84336: 0.827122
84337: 0.827112
84338: 0.827103
84339: 0.827105
84340: 0.827107
84341: 0.827109
84342: 0.827111
84343: 0.827113
84344: 0.827115
84345: 0.827117
84346: 0.827119
84347: 0.827121
84348: 0.827123
84349: 0.827125
84350: 0.827127
84351: 0.827129
84352: 0.827131
84353: 0.827133
84354: 0.827135
84355: 0.827137
84356: 0.827139
84357: 0.827141
84358: 0.827132
84359: 0.827122
84360: 0.827124
84361: 0.827126
84362: 0.827128
84363: 0.827118
84364: 0.827108
84365: 0.827099
84366: 0.827101
84367: 0.827103
84368: 0.827105
84369: 0.827107
84370: 0.827109
84371: 0.827111
84372: 0.827113
84373: 0.827115
84374: 0.827117
84375: 0.827119
84376: 0.827121
84377: 0.827123
84378: 0.827125
84379: 0.827127
84380: 0.827129
84381: 0.827131
84382: 0.827133
84383: 0.827135
84384: 0.827126
84385: 0.827128
84386: 0.82713
84387: 0.827132
84388: 0.827134
84389: 0.827136
84390: 0.827138
84391: 0.82714
84392: 0.827142
84393: 0.827144
84394: 0.827146
84395: 0.827148
84396: 0.82715
84397: 0.827152
84398: 0.827154
84399: 0.827156
84400: 0.827158
84401: 0.82716
84402: 0.827163
84403: 0.827165
84404: 0.827167
84405: 0.827169
84406: 0.827171
84407: 0.827173
84408: 0.827175
84409: 0.827177
84410: 0.827179
84411: 0.827181
84412: 0.827183
84413: 0.827185
84414: 0.827187
84415: 0.827189
84416: 0.827191
84417: 0.827193
84418: 0.827195
84419: 0.827197
84420: 0.827199
84421: 0.827201
84422: 0.827203
84423: 0.827206
84424: 0.827208
84425: 0.82721
84426: 0.827212
84427: 0.827214
84428: 0.827204
84429: 0.827206
84430: 0.827208
84431: 0.82721
84432: 0.827212
84433: 0.827214
84434: 0.827216
84435: 0.827218
84436: 0.82722
84437: 0.827222
84438: 0.827224
84439: 0.827226
84440: 0.827228
84441: 0.827231
84442: 0.827233
84443: 0.827235
84444: 0.827237
84445: 0.827239
84446: 0.827241
84447: 0.827243
84448: 0.827233
84449: 0.827223
84450: 0.827213
84451: 0.827204
84452: 0.827194
84453: 0.827196
84454: 0.827198
84455: 0.8272
84456: 0.827202
84457: 0.827204
84458: 0.827194
84459: 0.827184
84460: 0.827175
84461: 0.827177
84462: 0.827179
84463: 0.827181
84464: 0.827183
84465: 0.827173
84466: 0.827163
84467: 0.827153
84468: 0.827156
84469: 0.827158
84470: 0.827148
84471: 0.82715
84472: 0.827152
84473: 0.827142
84474: 0.827144
84475: 0.827146
84476: 0.827148
84477: 0.82715
84478: 0.827152
84479: 0.827154
84480: 0.827156
84481: 0.827158
84482: 0.82716
84483: 0.827163
84484: 0.827165
84485: 0.827155
84486: 0.827157
84487: 0.827159
84488: 0.827161
84489: 0.827163
84490: 0.827165
84491: 0.827167
84492: 0.827169
84493: 0.827171
84494: 0.827161
84495: 0.827163
84496: 0.827165
84497: 0.827168
84498: 0.82717
84499: 0.827172
84500: 0.827174
84501: 0.827176
84502: 0.827178
84503: 0.82718
84504: 0.827182
84505: 0.827184
84506: 0.827186
84507: 0.827188
84508: 0.82719
84509: 0.82718
84510: 0.82717
84511: 0.827161
84512: 0.827151
84513: 0.827141
84514: 0.827131
84515: 0.827121
84516: 0.827124
84517: 0.827126
84518: 0.827128
84519: 0.82713
84520: 0.82712
84521: 0.827122
84522: 0.827124
84523: 0.827114
84524: 0.827104
84525: 0.827106
84526: 0.827108
84527: 0.827111
84528: 0.827113
84529: 0.827115
84530: 0.827117
84531: 0.827119
84532: 0.827121
84533: 0.827123
84534: 0.827125
84535: 0.827127
84536: 0.827129
84537: 0.827131
84538: 0.827133
84539: 0.827135
84540: 0.827125
84541: 0.827127
84542: 0.827129
84543: 0.827131
84544: 0.827133
84545: 0.827136
84546: 0.827138
84547: 0.82714
84548: 0.827142
84549: 0.827144
84550: 0.827146
84551: 0.827148
84552: 0.82715
84553: 0.82714
84554: 0.82713
84555: 0.82712
84556: 0.827111
84557: 0.827113
84558: 0.827115
84559: 0.827117
84560: 0.827119
84561: 0.827109
84562: 0.827111
84563: 0.827113
84564: 0.827115
84565: 0.827117
84566: 0.827119
84567: 0.827121
84568: 0.827123
84569: 0.827125
84570: 0.827128
84571: 0.82713
84572: 0.827132
84573: 0.827134
84574: 0.827136
84575: 0.827138
84576: 0.82714
84577: 0.827142
84578: 0.827144
84579: 0.827146
84580: 0.827148
84581: 0.82715
84582: 0.827152
84583: 0.827154
84584: 0.827156
84585: 0.827158
84586: 0.82716
84587: 0.827162
84588: 0.827164
84589: 0.827155
84590: 0.827157
84591: 0.827159
84592: 0.827161
84593: 0.827163
84594: 0.827165
84595: 0.827167
84596: 0.827157
84597: 0.827159
84598: 0.827161
84599: 0.827163
84600: 0.827165
84601: 0.827155
84602: 0.827157
84603: 0.827159
84604: 0.827162
84605: 0.827164
84606: 0.827166
84607: 0.827168
84608: 0.82717
84609: 0.827172
84610: 0.827174
84611: 0.827176
84612: 0.827178
84613: 0.82718
84614: 0.827182
84615: 0.827184
84616: 0.827186
84617: 0.827188
84618: 0.82719
84619: 0.827192
84620: 0.827194
84621: 0.827196
84622: 0.827198
84623: 0.8272
84624: 0.827191
84625: 0.827181
84626: 0.827183
84627: 0.827185
84628: 0.827187
84629: 0.827189
84630: 0.827191
84631: 0.827193
84632: 0.827195
84633: 0.827185
84634: 0.827176
84635: 0.827178
84636: 0.82718
84637: 0.827182
84638: 0.827184
84639: 0.827186
84640: 0.827176
84641: 0.827166
84642: 0.827168
84643: 0.82717
84644: 0.827172
84645: 0.827174
84646: 0.827176
84647: 0.827178
84648: 0.82718
84649: 0.827183
84650: 0.827185
84651: 0.827187
84652: 0.827189
84653: 0.827191
84654: 0.827193
84655: 0.827195
84656: 0.827197
84657: 0.827187
84658: 0.827189
84659: 0.827191
84660: 0.827193
84661: 0.827195
84662: 0.827197
84663: 0.827199
84664: 0.827201
84665: 0.827203
84666: 0.827205
84667: 0.827207
84668: 0.827209
84669: 0.827212
84670: 0.827214
84671: 0.827216
84672: 0.827218
84673: 0.82722
84674: 0.827222
84675: 0.827224
84676: 0.827226
84677: 0.827228
84678: 0.82723
84679: 0.827232
84680: 0.827222
84681: 0.827224
84682: 0.827226
84683: 0.827228
84684: 0.82723
84685: 0.827232
84686: 0.827234
84687: 0.827236
84688: 0.827238
84689: 0.827241
84690: 0.827243
84691: 0.827245
84692: 0.827247
84693: 0.827249
84694: 0.827251
84695: 0.827241
84696: 0.827231
84697: 0.827233
84698: 0.827235
84699: 0.827237
84700: 0.827239
84701: 0.827241
84702: 0.827243
84703: 0.827245
84704: 0.827248
84705: 0.82725
84706: 0.827252
84707: 0.827242
84708: 0.827232
84709: 0.827222
84710: 0.827213
84711: 0.827203
84712: 0.827205
84713: 0.827207
84714: 0.827209
84715: 0.827199
84716: 0.827201
84717: 0.827203
84718: 0.827205
84719: 0.827207
84720: 0.827209
84721: 0.827211
84722: 0.827213
84723: 0.827204
84724: 0.827206
84725: 0.827208
84726: 0.82721
84727: 0.8272
84728: 0.827202
84729: 0.827204
84730: 0.827206
84731: 0.827196
84732: 0.827198
84733: 0.8272
84734: 0.827202
84735: 0.827204
84736: 0.827207
84737: 0.827209
84738: 0.827211
84739: 0.827213
84740: 0.827215
84741: 0.827205
84742: 0.827195
84743: 0.827185
84744: 0.827187
84745: 0.827189
84746: 0.827192
84747: 0.827194
84748: 0.827196
84749: 0.827186
84750: 0.827188
84751: 0.82719
84752: 0.827192
84753: 0.827194
84754: 0.827196
84755: 0.827198
84756: 0.8272
84757: 0.827202
84758: 0.827204
84759: 0.827206
84760: 0.827208
84761: 0.82721
84762: 0.827212
84763: 0.827214
84764: 0.827216
84765: 0.827218
84766: 0.82722
84767: 0.827223
84768: 0.827225
84769: 0.827227
84770: 0.827229
84771: 0.827231
84772: 0.827233
84773: 0.827235
84774: 0.827237
84775: 0.827227
84776: 0.827217
84777: 0.827208
84778: 0.82721
84779: 0.827212
84780: 0.827214
84781: 0.827216
84782: 0.827218
84783: 0.82722
84784: 0.827222
84785: 0.827224
84786: 0.827226
84787: 0.827216
84788: 0.827218
84789: 0.82722
84790: 0.827222
84791: 0.827224
84792: 0.827226
84793: 0.827228
84794: 0.82723
84795: 0.827232
84796: 0.827234
84797: 0.827236
84798: 0.827239
84799: 0.827241
84800: 0.827243
84801: 0.827245
84802: 0.827247
84803: 0.827249
84804: 0.827251
84805: 0.827253
84806: 0.827255
84807: 0.827257
84808: 0.827259
84809: 0.827261
84810: 0.827263
84811: 0.827265
84812: 0.827255
84813: 0.827246
84814: 0.827236
84815: 0.827238
84816: 0.82724
84817: 0.827242
84818: 0.827244
84819: 0.827246
84820: 0.827248
84821: 0.827238
84822: 0.82724
84823: 0.827242
84824: 0.827244
84825: 0.827246
84826: 0.827248
84827: 0.82725
84828: 0.827252
84829: 0.827255
84830: 0.827257
84831: 0.827259
84832: 0.827261
84833: 0.827263
84834: 0.827265
84835: 0.827267
84836: 0.827269
84837: 0.827271
84838: 0.827273
84839: 0.827275
84840: 0.827277
84841: 0.827279
84842: 0.827281
84843: 0.827283
84844: 0.827285
84845: 0.827287
84846: 0.827277
84847: 0.827279
84848: 0.827281
84849: 0.827283
84850: 0.827285
84851: 0.827288
84852: 0.82729
84853: 0.827292
84854: 0.827294
84855: 0.827296
84856: 0.827298
84857: 0.8273
84858: 0.827302
84859: 0.827304
84860: 0.827306
84861: 0.827308
84862: 0.82731
84863: 0.827312
84864: 0.827314
84865: 0.827316
84866: 0.827318
84867: 0.82732
84868: 0.827322
84869: 0.827312
84870: 0.827303
84871: 0.827293
84872: 0.827283
84873: 0.827285
84874: 0.827287
84875: 0.827289
84876: 0.827291
84877: 0.827293
84878: 0.827295
84879: 0.827297
84880: 0.827299
84881: 0.82729
84882: 0.827292
84883: 0.827294
84884: 0.827284
84885: 0.827274
84886: 0.827264
84887: 0.827267
84888: 0.827269
84889: 0.827271
84890: 0.827273
84891: 0.827263
84892: 0.827265
84893: 0.827267
84894: 0.827269
84895: 0.827271
84896: 0.827273
84897: 0.827275
84898: 0.827277
84899: 0.827279
84900: 0.827281
84901: 0.827283
84902: 0.827285
84903: 0.827287
84904: 0.827289
84905: 0.827291
84906: 0.827282
84907: 0.827272
84908: 0.827274
84909: 0.827276
84910: 0.827278
84911: 0.82728
84912: 0.827282
84913: 0.827284
84914: 0.827286
84915: 0.827288
84916: 0.82729
84917: 0.827292
84918: 0.827294
84919: 0.827285
84920: 0.827287
84921: 0.827289
84922: 0.827291
84923: 0.827293
84924: 0.827283
84925: 0.827273
84926: 0.827275
84927: 0.827277
84928: 0.827279
84929: 0.827281
84930: 0.827272
84931: 0.827262
84932: 0.827264
84933: 0.827266
84934: 0.827268
84935: 0.82727
84936: 0.827272
84937: 0.827262
84938: 0.827252
84939: 0.827243
84940: 0.827245
84941: 0.827247
84942: 0.827249
84943: 0.827251
84944: 0.827253
84945: 0.827255
84946: 0.827257
84947: 0.827247
84948: 0.827238
84949: 0.827228
84950: 0.82723
84951: 0.827232
84952: 0.827234
84953: 0.827224
84954: 0.827226
84955: 0.827228
84956: 0.82723
84957: 0.827232
84958: 0.827234
84959: 0.827225
84960: 0.827215
84961: 0.827217
84962: 0.827219
84963: 0.827221
84964: 0.827223
84965: 0.827225
84966: 0.827227
84967: 0.827229
84968: 0.827231
84969: 0.827233
84970: 0.827235
84971: 0.827237
84972: 0.827239
84973: 0.827241
84974: 0.827243
84975: 0.827245
84976: 0.827247
84977: 0.827249
84978: 0.827251
84979: 0.827253
84980: 0.827256
84981: 0.827258
84982: 0.82726
84983: 0.827262
84984: 0.827264
84985: 0.827266
84986: 0.827256
84987: 0.827258
84988: 0.82726
84989: 0.827262
84990: 0.827264
84991: 0.827266
84992: 0.827256
84993: 0.827247
84994: 0.827249
84995: 0.827251
84996: 0.827253
84997: 0.827255
84998: 0.827257
84999: 0.827259
85000: 0.827261
85001: 0.827263
85002: 0.827265
85003: 0.827267
85004: 0.827269
85005: 0.827271
85006: 0.827273
85007: 0.827275
85008: 0.827277
85009: 0.827279
85010: 0.827281
85011: 0.827283
85012: 0.827285
85013: 0.827287
85014: 0.827289
85015: 0.827291
85016: 0.827293
85017: 0.827295
85018: 0.827297
85019: 0.827288
85020: 0.82729
85021: 0.827292
85022: 0.827294
85023: 0.827296
85024: 0.827298
85025: 0.8273
85026: 0.827302
85027: 0.827304
85028: 0.827306
85029: 0.827296
85030: 0.827298
85031: 0.8273
85032: 0.827302
85033: 0.827304
85034: 0.827306
85035: 0.827308
85036: 0.82731
85037: 0.827312
85038: 0.827315
85039: 0.827317
85040: 0.827319
85041: 0.827321
85042: 0.827323
85043: 0.827325
85044: 0.827327
85045: 0.827329
85046: 0.827331
85047: 0.827321
85048: 0.827323
85049: 0.827325
85050: 0.827327
85051: 0.827329
85052: 0.827331
85053: 0.827333
85054: 0.827335
85055: 0.827337
85056: 0.827339
85057: 0.82733
85058: 0.827332
85059: 0.827334
85060: 0.827336
85061: 0.827338
85062: 0.827328
85063: 0.82733
85064: 0.827332
85065: 0.827334
85066: 0.827336
85067: 0.827338
85068: 0.827328
85069: 0.82733
85070: 0.827332
85071: 0.827334
85072: 0.827337
85073: 0.827339
85074: 0.827341
85075: 0.827343
85076: 0.827345
85077: 0.827347
85078: 0.827349
85079: 0.827351
85080: 0.827353
85081: 0.827355
85082: 0.827357
85083: 0.827359
85084: 0.827361
85085: 0.827363
85086: 0.827365
85087: 0.827367
85088: 0.827369
85089: 0.827371
85090: 0.827373
85091: 0.827375
85092: 0.827377
85093: 0.827379
85094: 0.827381
85095: 0.827371
85096: 0.827362
85097: 0.827364
85098: 0.827366
85099: 0.827356
85100: 0.827346
85101: 0.827337
85102: 0.827339
85103: 0.827341
85104: 0.827343
85105: 0.827345
85106: 0.827347
85107: 0.827349
85108: 0.827351
85109: 0.827341
85110: 0.827343
85111: 0.827345
85112: 0.827347
85113: 0.827349
85114: 0.827351
85115: 0.827353
85116: 0.827355
85117: 0.827357
85118: 0.827359
85119: 0.827361
85120: 0.827363
85121: 0.827365
85122: 0.827367
85123: 0.827369
85124: 0.82736
85125: 0.82735
85126: 0.827352
85127: 0.827354
85128: 0.827356
85129: 0.827358
85130: 0.82736
85131: 0.827362
85132: 0.827364
85133: 0.827366
85134: 0.827368
85135: 0.82737
85136: 0.827372
85137: 0.827374
85138: 0.827376
85139: 0.827378
85140: 0.82738
85141: 0.827382
85142: 0.827385
85143: 0.827387
85144: 0.827389
85145: 0.827379
85146: 0.827369
85147: 0.827371
85148: 0.827373
85149: 0.827375
85150: 0.827377
85151: 0.827379
85152: 0.827381
85153: 0.827383
85154: 0.827374
85155: 0.827364
85156: 0.827354
85157: 0.827344
85158: 0.827346
85159: 0.827349
85160: 0.827351
85161: 0.827353
85162: 0.827355
85163: 0.827357
85164: 0.827347
85165: 0.827337
85166: 0.827339
85167: 0.827341
85168: 0.827343
85169: 0.827345
85170: 0.827336
85171: 0.827338
85172: 0.82734
85173: 0.827342
85174: 0.827344
85175: 0.827346
85176: 0.827348
85177: 0.827338
85178: 0.827328
85179: 0.827319
85180: 0.827321
85181: 0.827323
85182: 0.827325
85183: 0.827327
85184: 0.827329
85185: 0.827331
85186: 0.827333
85187: 0.827335
85188: 0.827337
85189: 0.827339
85190: 0.827341
85191: 0.827343
85192: 0.827345
85193: 0.827347
85194: 0.827349
85195: 0.827351
85196: 0.827353
85197: 0.827355
85198: 0.827357
85199: 0.827359
85200: 0.827349
85201: 0.827351
85202: 0.827353
85203: 0.827356
85204: 0.827358
85205: 0.827348
85206: 0.827338
85207: 0.827328
85208: 0.82733
85209: 0.827332
85210: 0.827334
85211: 0.827337
85212: 0.827339
85213: 0.827341
85214: 0.827343
85215: 0.827345
85216: 0.827347
85217: 0.827349
85218: 0.827351
85219: 0.827353
85220: 0.827355
85221: 0.827357
85222: 0.827359
85223: 0.827361
85224: 0.827363
85225: 0.827365
85226: 0.827367
85227: 0.827369
85228: 0.827371
85229: 0.827373
85230: 0.827375
85231: 0.827365
85232: 0.827367
85233: 0.827369
85234: 0.827371
85235: 0.827362
85236: 0.827364
85237: 0.827366
85238: 0.827368
85239: 0.82737
85240: 0.827372
85241: 0.827374
85242: 0.827376
85243: 0.827366
85244: 0.827368
85245: 0.82737
85246: 0.827372
85247: 0.827374
85248: 0.827376
85249: 0.827378
85250: 0.82738
85251: 0.827382
85252: 0.827384
85253: 0.827386
85254: 0.827388
85255: 0.82739
85256: 0.827392
85257: 0.827394
85258: 0.827397
85259: 0.827399
85260: 0.827401
85261: 0.827391
85262: 0.827381
85263: 0.827371
85264: 0.827362
85265: 0.827364
85266: 0.827366
85267: 0.827368
85268: 0.82737
85269: 0.82736
85270: 0.82735
85271: 0.827352
85272: 0.827354
85273: 0.827357
85274: 0.827359
85275: 0.827361
85276: 0.827351
85277: 0.827353
85278: 0.827355
85279: 0.827357
85280: 0.827359
85281: 0.827361
85282: 0.827363
85283: 0.827365
85284: 0.827367
85285: 0.827369
85286: 0.827371
85287: 0.827361
85288: 0.827363
85289: 0.827365
85290: 0.827367
85291: 0.82737
85292: 0.827372
85293: 0.827374
85294: 0.827364
85295: 0.827366
85296: 0.827368
85297: 0.82737
85298: 0.82736
85299: 0.827362
85300: 0.827364
85301: 0.827366
85302: 0.827357
85303: 0.827347
85304: 0.827337
85305: 0.827339
85306: 0.827341
85307: 0.827343
85308: 0.827345
85309: 0.827347
85310: 0.827349
85311: 0.827351
85312: 0.827353
85313: 0.827355
85314: 0.827357
85315: 0.827359
85316: 0.827361
85317: 0.827364
85318: 0.827354
85319: 0.827356
85320: 0.827358
85321: 0.827348
85322: 0.82735
85323: 0.827352
85324: 0.827354
85325: 0.827356
85326: 0.827347
85327: 0.827337
85328: 0.827327
85329: 0.827329
85330: 0.827331
85331: 0.827333
85332: 0.827335
85333: 0.827337
85334: 0.827339
85335: 0.827341
85336: 0.827343
85337: 0.827345
85338: 0.827347
85339: 0.827349
85340: 0.827351
85341: 0.827353
85342: 0.827355
85343: 0.827358
85344: 0.82736
85345: 0.827362
85346: 0.827364
85347: 0.827366
85348: 0.827368
85349: 0.82737
85350: 0.827372
85351: 0.827374
85352: 0.827376
85353: 0.827366
85354: 0.827356
85355: 0.827358
85356: 0.82736
85357: 0.827362
85358: 0.827364
85359: 0.827366
85360: 0.827368
85361: 0.82737
85362: 0.827373
85363: 0.827375
85364: 0.827377
85365: 0.827379
85366: 0.827381
85367: 0.827383
85368: 0.827385
85369: 0.827387
85370: 0.827389
85371: 0.827391
85372: 0.827393
85373: 0.827395
85374: 0.827397
85375: 0.827399
85376: 0.827401
85377: 0.827403
85378: 0.827405
85379: 0.827407
85380: 0.827409
85381: 0.827399
85382: 0.82739
85383: 0.827392
85384: 0.827394
85385: 0.827384
85386: 0.827386
85387: 0.827388
85388: 0.82739
85389: 0.827392
85390: 0.827394
85391: 0.827396
85392: 0.827398
85393: 0.827388
85394: 0.82739
85395: 0.827392
85396: 0.827383
85397: 0.827373
85398: 0.827363
85399: 0.827365
85400: 0.827367
85401: 0.827369
85402: 0.827371
85403: 0.827373
85404: 0.827375
85405: 0.827377
85406: 0.827368
85407: 0.82737
85408: 0.827372
85409: 0.827374
85410: 0.827376
85411: 0.827378
85412: 0.82738
85413: 0.827382
85414: 0.827384
85415: 0.827386
85416: 0.827388
85417: 0.82739
85418: 0.827392
85419: 0.827394
85420: 0.827396
85421: 0.827398
85422: 0.8274
85423: 0.827402
85424: 0.827404
85425: 0.827394
85426: 0.827385
85427: 0.827387
85428: 0.827377
85429: 0.827379
85430: 0.827381
85431: 0.827371
85432: 0.827362
85433: 0.827352
85434: 0.827354
85435: 0.827356
85436: 0.827358
85437: 0.82736
85438: 0.827362
85439: 0.827364
85440: 0.827366
85441: 0.827368
85442: 0.82737
85443: 0.827372
85444: 0.827374
85445: 0.827376
85446: 0.827378
85447: 0.82738
85448: 0.827382
85449: 0.827373
85450: 0.827375
85451: 0.827377
85452: 0.827379
85453: 0.827381
85454: 0.827383
85455: 0.827385
85456: 0.827387
85457: 0.827389
85458: 0.827391
85459: 0.827393
85460: 0.827395
85461: 0.827397
85462: 0.827399
85463: 0.827401
85464: 0.827403
85465: 0.827405
85466: 0.827407
85467: 0.827409
85468: 0.827399
85469: 0.82739
85470: 0.827392
85471: 0.827394
85472: 0.827396
85473: 0.827398
85474: 0.8274
85475: 0.827402
85476: 0.827404
85477: 0.827406
85478: 0.827408
85479: 0.82741
85480: 0.827412
85481: 0.827402
85482: 0.827404
85483: 0.827406
85484: 0.827408
85485: 0.82741
85486: 0.827412
85487: 0.827414
85488: 0.827405
85489: 0.827395
85490: 0.827385
85491: 0.827376
85492: 0.827378
85493: 0.82738
85494: 0.827382
85495: 0.827384
85496: 0.827386
85497: 0.827388
85498: 0.82739
85499: 0.827392
85500: 0.827394
85501: 0.827396
85502: 0.827386
85503: 0.827388
85504: 0.82739
85505: 0.827392
85506: 0.827394
85507: 0.827396
85508: 0.827398
85509: 0.8274
85510: 0.827402
85511: 0.827404
85512: 0.827406
85513: 0.827408
85514: 0.827399
85515: 0.827401
85516: 0.827391
85517: 0.827393
85518: 0.827395
85519: 0.827397
85520: 0.827399
85521: 0.827401
85522: 0.827403
85523: 0.827405
85524: 0.827395
85525: 0.827398
85526: 0.8274
85527: 0.827402
85528: 0.827404
85529: 0.827406
85530: 0.827396
85531: 0.827398
85532: 0.8274
85533: 0.827402
85534: 0.827404
85535: 0.827394
85536: 0.827385
85537: 0.827375
85538: 0.827377
85539: 0.827379
85540: 0.827381
85541: 0.827383
85542: 0.827385
85543: 0.827387
85544: 0.827389
85545: 0.827391
85546: 0.827393
85547: 0.827395
85548: 0.827397
85549: 0.827399
85550: 0.827401
85551: 0.827403
85552: 0.827405
85553: 0.827407
85554: 0.827409
85555: 0.827411
85556: 0.827402
85557: 0.827404
85558: 0.827406
85559: 0.827408
85560: 0.827398
85561: 0.827388
85562: 0.82739
85563: 0.827392
85564: 0.827394
85565: 0.827396
85566: 0.827398
85567: 0.8274
85568: 0.827402
85569: 0.827404
85570: 0.827406
85571: 0.827408
85572: 0.827411
85573: 0.827413
85574: 0.827415
85575: 0.827417
85576: 0.827419
85577: 0.827421
85578: 0.827423
85579: 0.827425
85580: 0.827427
85581: 0.827429
85582: 0.827431
85583: 0.827421
85584: 0.827411
85585: 0.827402
85586: 0.827392
85587: 0.827382
85588: 0.827384
85589: 0.827386
85590: 0.827377
85591: 0.827367
85592: 0.827369
85593: 0.827371
85594: 0.827361
85595: 0.827352
85596: 0.827354
85597: 0.827356
85598: 0.827358
85599: 0.82736
85600: 0.827362
85601: 0.827364
85602: 0.827366
85603: 0.827368
85604: 0.82737
85605: 0.827372
85606: 0.827374
85607: 0.827376
85608: 0.827378
85609: 0.82738
85610: 0.827382
85611: 0.827384
85612: 0.827386
85613: 0.827388
85614: 0.82739
85615: 0.827392
85616: 0.827382
85617: 0.827384
85618: 0.827386
85619: 0.827388
85620: 0.82739
85621: 0.827392
85622: 0.827395
85623: 0.827397
85624: 0.827399
85625: 0.827401
85626: 0.827403
85627: 0.827405
85628: 0.827395
85629: 0.827385
85630: 0.827387
85631: 0.827389
85632: 0.827391
85633: 0.827393
85634: 0.827395
85635: 0.827386
85636: 0.827376
85637: 0.827366
85638: 0.827368
85639: 0.82737
85640: 0.827372
85641: 0.827374
85642: 0.827376
85643: 0.827378
85644: 0.82738
85645: 0.827382
85646: 0.827384
85647: 0.827387
85648: 0.827389
85649: 0.827391
85650: 0.827393
85651: 0.827383
85652: 0.827385
85653: 0.827387
85654: 0.827389
85655: 0.827391
85656: 0.827393
85657: 0.827395
85658: 0.827397
85659: 0.827399
85660: 0.827401
85661: 0.827391
85662: 0.827382
85663: 0.827372
85664: 0.827374
85665: 0.827376
85666: 0.827378
85667: 0.82738
85668: 0.827382
85669: 0.827384
85670: 0.827386
85671: 0.827388
85672: 0.82739
85673: 0.827392
85674: 0.827394
85675: 0.827396
85676: 0.827387
85677: 0.827377
85678: 0.827379
85679: 0.827381
85680: 0.827383
85681: 0.827385
85682: 0.827387
85683: 0.827389
85684: 0.827379
85685: 0.82737
85686: 0.827372
85687: 0.827374
85688: 0.827376
85689: 0.827378
85690: 0.827368
85691: 0.827358
85692: 0.82736
85693: 0.827362
85694: 0.827364
85695: 0.827367
85696: 0.827369
85697: 0.827371
85698: 0.827373
85699: 0.827375
85700: 0.827377
85701: 0.827379
85702: 0.827381
85703: 0.827383
85704: 0.827385
85705: 0.827387
85706: 0.827389
85707: 0.827391
85708: 0.827393
85709: 0.827395
85710: 0.827397
85711: 0.827399
85712: 0.827389
85713: 0.827391
85714: 0.827381
85715: 0.827372
85716: 0.827374
85717: 0.827376
85718: 0.827378
85719: 0.82738
85720: 0.827382
85721: 0.827372
85722: 0.827374
85723: 0.827376
85724: 0.827378
85725: 0.827369
85726: 0.827359
85727: 0.827361
85728: 0.827363
85729: 0.827353
85730: 0.827355
85731: 0.827357
85732: 0.827348
85733: 0.827338
85734: 0.82734
85735: 0.827342
85736: 0.827332
85737: 0.827334
85738: 0.827336
85739: 0.827338
85740: 0.82734
85741: 0.827342
85742: 0.827345
85743: 0.827347
85744: 0.827349
85745: 0.827351
85746: 0.827353
85747: 0.827355
85748: 0.827357
85749: 0.827359
85750: 0.827361
85751: 0.827363
85752: 0.827365
85753: 0.827367
85754: 0.827369
85755: 0.827371
85756: 0.827373
85757: 0.827375
85758: 0.827377
85759: 0.827367
85760: 0.827357
85761: 0.827359
85762: 0.827361
85763: 0.827363
85764: 0.827365
85765: 0.827367
85766: 0.82737
85767: 0.827372
85768: 0.827374
85769: 0.827376
85770: 0.827378
85771: 0.82738
85772: 0.827382
85773: 0.827384
85774: 0.827386
85775: 0.827388
85776: 0.82739
85777: 0.827392
85778: 0.827394
85779: 0.827396
85780: 0.827398
85781: 0.8274
85782: 0.827402
85783: 0.827404
85784: 0.827394
85785: 0.827384
85786: 0.827386
85787: 0.827388
85788: 0.827379
85789: 0.827381
85790: 0.827383
85791: 0.827385
85792: 0.827375
85793: 0.827366
85794: 0.827368
85795: 0.82737
85796: 0.827372
85797: 0.827374
85798: 0.827376
85799: 0.827378
85800: 0.82738
85801: 0.827382
85802: 0.827384
85803: 0.827374
85804: 0.827376
85805: 0.827378
85806: 0.82738
85807: 0.827382
85808: 0.827384
85809: 0.827386
85810: 0.827376
85811: 0.827378
85812: 0.82738
85813: 0.827382
85814: 0.827384
85815: 0.827387
85816: 0.827377
85817: 0.827379
85818: 0.827369
85819: 0.827371
85820: 0.827373
85821: 0.827375
85822: 0.827377
85823: 0.827379
85824: 0.827381
85825: 0.827383
85826: 0.827385
85827: 0.827387
85828: 0.827389
85829: 0.827391
85830: 0.827393
85831: 0.827395
85832: 0.827397
85833: 0.827399
85834: 0.827401
85835: 0.827403
85836: 0.827405
85837: 0.827407
85838: 0.827409
85839: 0.827411
85840: 0.827413
85841: 0.827415
85842: 0.827417
85843: 0.827408
85844: 0.827398
85845: 0.8274
85846: 0.827402
85847: 0.827404
85848: 0.827406
85849: 0.827408
85850: 0.82741
85851: 0.827412
85852: 0.827414
85853: 0.827416
85854: 0.827418
85855: 0.82742
85856: 0.827411
85857: 0.827401
85858: 0.827391
85859: 0.827393
85860: 0.827395
85861: 0.827397
85862: 0.827399
85863: 0.827401
85864: 0.827403
85865: 0.827405
85866: 0.827408
85867: 0.827398
85868: 0.8274
85869: 0.827402
85870: 0.827404
85871: 0.827406
85872: 0.827408
85873: 0.82741
85874: 0.827412
85875: 0.827414
85876: 0.827416
85877: 0.827418
85878: 0.82742
85879: 0.827422
85880: 0.827424
85881: 0.827426
85882: 0.827428
85883: 0.82743
85884: 0.827432
85885: 0.827434
85886: 0.827436
85887: 0.827438
85888: 0.827428
85889: 0.82743
85890: 0.827432
85891: 0.827434
85892: 0.827436
85893: 0.827438
85894: 0.82744
85895: 0.827442
85896: 0.827433
85897: 0.827423
85898: 0.827425
85899: 0.827416
85900: 0.827406
85901: 0.827396
85902: 0.827398
85903: 0.8274
85904: 0.827402
85905: 0.827404
85906: 0.827406
85907: 0.827408
85908: 0.82741
85909: 0.827412
85910: 0.827403
85911: 0.827405
85912: 0.827407
85913: 0.827409
85914: 0.827411
85915: 0.827401
85916: 0.827392
85917: 0.827382
85918: 0.827384
85919: 0.827386
85920: 0.827376
85921: 0.827367
85922: 0.827357
85923: 0.827359
85924: 0.827361
85925: 0.827363
85926: 0.827365
85927: 0.827367
85928: 0.827369
85929: 0.827371
85930: 0.827373
85931: 0.827375
85932: 0.827377
85933: 0.827379
85934: 0.827381
85935: 0.827383
85936: 0.827374
85937: 0.827376
85938: 0.827378
85939: 0.82738
85940: 0.827382
85941: 0.827384
85942: 0.827374
85943: 0.827364
85944: 0.827355
85945: 0.827357
85946: 0.827359
85947: 0.827361
85948: 0.827363
85949: 0.827365
85950: 0.827367
85951: 0.827369
85952: 0.827371
85953: 0.827373
85954: 0.827363
85955: 0.827365
85956: 0.827367
85957: 0.827369
85958: 0.827371
85959: 0.827373
85960: 0.827364
85961: 0.827366
85962: 0.827368
85963: 0.82737
85964: 0.827372
85965: 0.827374
85966: 0.827376
85967: 0.827378
85968: 0.82738
85969: 0.82737
85970: 0.82736
85971: 0.827362
85972: 0.827353
85973: 0.827343
85974: 0.827334
85975: 0.827336
85976: 0.827338
85977: 0.82734
85978: 0.82733
85979: 0.827332
85980: 0.827322
85981: 0.827313
85982: 0.827303
85983: 0.827293
85984: 0.827295
85985: 0.827297
85986: 0.827299
85987: 0.827301
85988: 0.827303
85989: 0.827306
85990: 0.827308
85991: 0.82731
85992: 0.827312
85993: 0.827314
85994: 0.827304
85995: 0.827306
85996: 0.827308
85997: 0.82731
85998: 0.827312
85999: 0.827314
86000: 0.827316
86001: 0.827318
86002: 0.82732
86003: 0.827322
86004: 0.827324
86005: 0.827326
86006: 0.827328
86007: 0.82733
86008: 0.827332
86009: 0.827334
86010: 0.827324
86011: 0.827315
86012: 0.827317
86013: 0.827319
86014: 0.827321
86015: 0.827323
86016: 0.827313
86017: 0.827304
86018: 0.827306
86019: 0.827296
86020: 0.827286
86021: 0.827277
86022: 0.827267
86023: 0.827269
86024: 0.827271
86025: 0.827273
86026: 0.827275
86027: 0.827266
86028: 0.827268
86029: 0.827258
86030: 0.82726
86031: 0.827262
86032: 0.827264
86033: 0.827266
86034: 0.827268
86035: 0.82727
86036: 0.827272
86037: 0.827274
86038: 0.827276
86039: 0.827278
86040: 0.82728
86041: 0.827282
86042: 0.827284
86043: 0.827286
86044: 0.827288
86045: 0.82729
86046: 0.827292
86047: 0.827294
86048: 0.827284
86049: 0.827286
86050: 0.827288
86051: 0.82729
86052: 0.827292
86053: 0.827294
86054: 0.827296
86055: 0.827299
86056: 0.827301
86057: 0.827303
86058: 0.827305
86059: 0.827307
86060: 0.827309
86061: 0.827311
86062: 0.827313
86063: 0.827315
86064: 0.827317
86065: 0.827307
86066: 0.827297
86067: 0.827288
86068: 0.827278
86069: 0.82728
86070: 0.827282
86071: 0.827284
86072: 0.827286
86073: 0.827277
86074: 0.827279
86075: 0.827281
86076: 0.827283
86077: 0.827285
86078: 0.827287
86079: 0.827289
86080: 0.827291
86081: 0.827293
86082: 0.827295
86083: 0.827297
86084: 0.827287
86085: 0.827277
86086: 0.827279
86087: 0.827281
86088: 0.827283
86089: 0.827285
86090: 0.827287
86091: 0.827289
86092: 0.827291
86093: 0.827293
86094: 0.827295
86095: 0.827297
86096: 0.827299
86097: 0.827301
86098: 0.827303
86099: 0.827305
86100: 0.827296
86101: 0.827298
86102: 0.8273
86103: 0.827302
86104: 0.827304
86105: 0.827306
86106: 0.827308
86107: 0.82731
86108: 0.827312
86109: 0.827314
86110: 0.827316
86111: 0.827318
86112: 0.82732
86113: 0.827322
86114: 0.827312
86115: 0.827314
86116: 0.827316
86117: 0.827318
86118: 0.82732
86119: 0.827311
86120: 0.827301
86121: 0.827292
86122: 0.827294
86123: 0.827284
86124: 0.827286
86125: 0.827288
86126: 0.82729
86127: 0.827292
86128: 0.827294
86129: 0.827296
86130: 0.827298
86131: 0.827288
86132: 0.82729
86133: 0.827292
86134: 0.827283
86135: 0.827285
86136: 0.827275
86137: 0.827277
86138: 0.827279
86139: 0.827281
86140: 0.827283
86141: 0.827285
86142: 0.827287
86143: 0.827289
86144: 0.827291
86145: 0.827293
86146: 0.827295
86147: 0.827286
86148: 0.827276
86149: 0.827278
86150: 0.82728
86151: 0.827282
86152: 0.827284
86153: 0.827286
86154: 0.827288
86155: 0.82729
86156: 0.827292
86157: 0.827294
86158: 0.827296
86159: 0.827298
86160: 0.8273
86161: 0.827302
86162: 0.827304
86163: 0.827306
86164: 0.827308
86165: 0.82731
86166: 0.827312
86167: 0.827314
86168: 0.827316
86169: 0.827318
86170: 0.82732
86171: 0.827322
86172: 0.827324
86173: 0.827326
86174: 0.827328
86175: 0.82733
86176: 0.827332
86177: 0.827334
86178: 0.827325
86179: 0.827327
86180: 0.827329
86181: 0.827331
86182: 0.827333
86183: 0.827335
86184: 0.827337
86185: 0.827339
86186: 0.827329
86187: 0.827331
86188: 0.827321
86189: 0.827323
86190: 0.827325
86191: 0.827327
86192: 0.827329
86193: 0.827331
86194: 0.827333
86195: 0.827335
86196: 0.827337
86197: 0.827328
86198: 0.82733
86199: 0.827332
86200: 0.827334
86201: 0.827336
86202: 0.827338
86203: 0.82734
86204: 0.827342
86205: 0.827344
86206: 0.827346
86207: 0.827336
86208: 0.827338
86209: 0.82734
86210: 0.827342
86211: 0.827344
86212: 0.827346
86213: 0.827337
86214: 0.827339
86215: 0.827341
86216: 0.827343
86217: 0.827345
86218: 0.827347
86219: 0.827349
86220: 0.827351
86221: 0.827353
86222: 0.827355
86223: 0.827357
86224: 0.827359
86225: 0.827361
86226: 0.827351
86227: 0.827341
86228: 0.827332
86229: 0.827322
86230: 0.827324
86231: 0.827326
86232: 0.827328
86233: 0.82733
86234: 0.827332
86235: 0.827334
86236: 0.827336
86237: 0.827338
86238: 0.827329
86239: 0.827319
86240: 0.827321
86241: 0.827323
86242: 0.827325
86243: 0.827327
86244: 0.827329
86245: 0.82732
86246: 0.827322
86247: 0.827324
86248: 0.827326
86249: 0.827316
86250: 0.827318
86251: 0.82732
86252: 0.827322
86253: 0.827324
86254: 0.827314
86255: 0.827305
86256: 0.827295
86257: 0.827286
86258: 0.827276
86259: 0.827266
86260: 0.827257
86261: 0.827247
86262: 0.827238
86263: 0.827228
86264: 0.82723
86265: 0.827232
86266: 0.827234
86267: 0.827236
86268: 0.827226
86269: 0.827217
86270: 0.827219
86271: 0.827209
86272: 0.8272
86273: 0.82719
86274: 0.827192
86275: 0.827194
86276: 0.827196
86277: 0.827198
86278: 0.8272
86279: 0.827202
86280: 0.827204
86281: 0.827206
86282: 0.827208
86283: 0.82721
86284: 0.827212
86285: 0.827214
86286: 0.827205
86287: 0.827207
86288: 0.827209
86289: 0.827211
86290: 0.827213
86291: 0.827215
86292: 0.827217
86293: 0.827219
86294: 0.827221
86295: 0.827223
86296: 0.827225
86297: 0.827227
86298: 0.827229
86299: 0.827231
86300: 0.827233
86301: 0.827223
86302: 0.827225
86303: 0.827227
86304: 0.827229
86305: 0.827231
86306: 0.827233
86307: 0.827235
86308: 0.827237
86309: 0.827239
86310: 0.827241
86311: 0.827243
86312: 0.827245
86313: 0.827247
86314: 0.827249
86315: 0.827251
86316: 0.827253
86317: 0.827255
86318: 0.827257
86319: 0.827247
86320: 0.827238
86321: 0.82724
86322: 0.827242
86323: 0.827244
86324: 0.827234
86325: 0.827236
86326: 0.827238
86327: 0.82724
86328: 0.827242
86329: 0.827233
86330: 0.827235
86331: 0.827237
86332: 0.827239
86333: 0.827241
86334: 0.827243
86335: 0.827245
86336: 0.827247
86337: 0.827249
86338: 0.827251
86339: 0.827253
86340: 0.827255
86341: 0.827257
86342: 0.827259
86343: 0.827261
86344: 0.827263
86345: 0.827265
86346: 0.827267
86347: 0.827269
86348: 0.827271
86349: 0.827273
86350: 0.827275
86351: 0.827277
86352: 0.827279
86353: 0.827281
86354: 0.827283
86355: 0.827273
86356: 0.827275
86357: 0.827277
86358: 0.827279
86359: 0.827281
86360: 0.827283
86361: 0.827285
86362: 0.827287
86363: 0.827289
86364: 0.827291
86365: 0.827293
86366: 0.827295
86367: 0.827297
86368: 0.827299
86369: 0.827301
86370: 0.827292
86371: 0.827294
86372: 0.827296
86373: 0.827298
86374: 0.8273
86375: 0.827302
86376: 0.827304
86377: 0.827306
86378: 0.827308
86379: 0.82731
86380: 0.827312
86381: 0.827314
86382: 0.827316
86383: 0.827318
86384: 0.82732
86385: 0.827322
86386: 0.827324
86387: 0.827326
86388: 0.827328
86389: 0.827318
86390: 0.82732
86391: 0.827322
86392: 0.827324
86393: 0.827314
86394: 0.827316
86395: 0.827318
86396: 0.82732
86397: 0.827322
86398: 0.827324
86399: 0.827326
86400: 0.827328
86401: 0.82733
86402: 0.827332
86403: 0.827334
86404: 0.827336
86405: 0.827338
86406: 0.82734
86407: 0.827342
86408: 0.827344
86409: 0.827346
86410: 0.827348
86411: 0.82735
86412: 0.827352
86413: 0.827354
86414: 0.827356
86415: 0.827358
86416: 0.82736
86417: 0.827362
86418: 0.827364
86419: 0.827366
86420: 0.827357
86421: 0.827359
86422: 0.827361
86423: 0.827363
86424: 0.827353
86425: 0.827344
86426: 0.827346
86427: 0.827348
86428: 0.82735
86429: 0.827352
86430: 0.827354
86431: 0.827356
86432: 0.827358
86433: 0.82736
86434: 0.82735
86435: 0.82734
86436: 0.827331
86437: 0.827333
86438: 0.827335
86439: 0.827337
86440: 0.827339
86441: 0.827341
86442: 0.827343
86443: 0.827345
86444: 0.827347
86445: 0.827349
86446: 0.827351
86447: 0.827353
86448: 0.827355
86449: 0.827357
86450: 0.827347
86451: 0.827338
86452: 0.827328
86453: 0.827319
86454: 0.827321
86455: 0.827323
86456: 0.827313
86457: 0.827303
86458: 0.827294
86459: 0.827284
86460: 0.827286
86461: 0.827288
86462: 0.82729
86463: 0.827292
86464: 0.827294
86465: 0.827285
86466: 0.827287
86467: 0.827289
86468: 0.827291
86469: 0.827293
86470: 0.827295
86471: 0.827297
86472: 0.827299
86473: 0.827301
86474: 0.827291
86475: 0.827282
86476: 0.827272
86477: 0.827274
86478: 0.827276
86479: 0.827278
86480: 0.82728
86481: 0.827282
86482: 0.827284
86483: 0.827286
86484: 0.827288
86485: 0.82729
86486: 0.827292
86487: 0.827294
86488: 0.827296
86489: 0.827298
86490: 0.8273
86491: 0.827302
86492: 0.827292
86493: 0.827283
86494: 0.827285
86495: 0.827287
86496: 0.827289
86497: 0.827291
86498: 0.827293
86499: 0.827295
86500: 0.827297
86501: 0.827299
86502: 0.827301
86503: 0.827303
86504: 0.827305
86505: 0.827295
86506: 0.827297
86507: 0.827299
86508: 0.827301
86509: 0.827303
86510: 0.827294
86511: 0.827296
86512: 0.827298
86513: 0.8273
86514: 0.827302
86515: 0.827292
86516: 0.827282
86517: 0.827273
86518: 0.827263
86519: 0.827265
86520: 0.827267
86521: 0.827269
86522: 0.82726
86523: 0.827262
86524: 0.827264
86525: 0.827266
86526: 0.827268
86527: 0.82727
86528: 0.827272
86529: 0.827274
86530: 0.827264
86531: 0.827266
86532: 0.827268
86533: 0.82727
86534: 0.827272
86535: 0.827274
86536: 0.827276
86537: 0.827278
86538: 0.82728
86539: 0.827282
86540: 0.827284
86541: 0.827286
86542: 0.827288
86543: 0.82729
86544: 0.827292
86545: 0.827294
86546: 0.827296
86547: 0.827298
86548: 0.8273
86549: 0.827302
86550: 0.827293
86551: 0.827283
86552: 0.827285
86553: 0.827287
86554: 0.827289
86555: 0.827291
86556: 0.827293
86557: 0.827295
86558: 0.827297
86559: 0.827299
86560: 0.827301
86561: 0.827303
86562: 0.827305
86563: 0.827307
86564: 0.827309
86565: 0.827311
86566: 0.827313
86567: 0.827315
86568: 0.827317
86569: 0.827319
86570: 0.827321
86571: 0.827323
86572: 0.827313
86573: 0.827315
86574: 0.827317
86575: 0.827319
86576: 0.827321
86577: 0.827323
86578: 0.827325
86579: 0.827327
86580: 0.827318
86581: 0.827308
86582: 0.827299
86583: 0.827289
86584: 0.82728
86585: 0.82727
86586: 0.827272
86587: 0.827274
86588: 0.827276
86589: 0.827278
86590: 0.82728
86591: 0.827282
86592: 0.827284
86593: 0.827286
86594: 0.827276
86595: 0.827267
86596: 0.827269
86597: 0.827271
86598: 0.827273
86599: 0.827275
86600: 0.827277
86601: 0.827279
86602: 0.827269
86603: 0.82726
86604: 0.82725
86605: 0.827241
86606: 0.827243
86607: 0.827245
86608: 0.827247
86609: 0.827249
86610: 0.827251
86611: 0.827253
86612: 0.827255
86613: 0.827257
86614: 0.827259
86615: 0.827261
86616: 0.827263
86617: 0.827265
86618: 0.827267
86619: 0.827269
86620: 0.827259
86621: 0.827261
86622: 0.827263
86623: 0.827253
86624: 0.827255
86625: 0.827257
86626: 0.827259
86627: 0.827261
86628: 0.827263
86629: 0.827265
86630: 0.827267
86631: 0.827269
86632: 0.827271
86633: 0.827273
86634: 0.827275
86635: 0.827266
86636: 0.827256
86637: 0.827258
86638: 0.827249
86639: 0.827251
86640: 0.827253
86641: 0.827255
86642: 0.827257
86643: 0.827247
86644: 0.827249
86645: 0.827251
86646: 0.827253
86647: 0.827255
86648: 0.827246
86649: 0.827248
86650: 0.827238
86651: 0.82724
86652: 0.827242
86653: 0.827244
86654: 0.827246
86655: 0.827248
86656: 0.82725
86657: 0.82724
86658: 0.827242
86659: 0.827244
86660: 0.827246
86661: 0.827248
86662: 0.82725
86663: 0.827241
86664: 0.827243
86665: 0.827245
86666: 0.827247
86667: 0.827237
86668: 0.827239
86669: 0.827241
86670: 0.827243
86671: 0.827245
86672: 0.827236
86673: 0.827238
86674: 0.82724
86675: 0.82723
86676: 0.827232
86677: 0.827234
86678: 0.827236
86679: 0.827238
86680: 0.82724
86681: 0.827242
86682: 0.827244
86683: 0.827246
86684: 0.827248
86685: 0.82725
86686: 0.827252
86687: 0.827254
86688: 0.827256
86689: 0.827258
86690: 0.82726
86691: 0.827262
86692: 0.827252
86693: 0.827254
86694: 0.827256
86695: 0.827258
86696: 0.82726
86697: 0.827262
86698: 0.827264
86699: 0.827266
86700: 0.827268
86701: 0.82727
86702: 0.827272
86703: 0.827274
86704: 0.827276
86705: 0.827278
86706: 0.82728
86707: 0.827282
86708: 0.827284
86709: 0.827275
86710: 0.827277
86711: 0.827279
86712: 0.827281
86713: 0.827283
86714: 0.827285
86715: 0.827287
86716: 0.827277
86717: 0.827268
86718: 0.82727
86719: 0.827272
86720: 0.827274
86721: 0.827276
86722: 0.827278
86723: 0.82728
86724: 0.827282
86725: 0.827284
86726: 0.827274
86727: 0.827276
86728: 0.827278
86729: 0.82728
86730: 0.827282
86731: 0.827284
86732: 0.827286
86733: 0.827288
86734: 0.82729
86735: 0.827292
86736: 0.827294
86737: 0.827296
86738: 0.827298
86739: 0.8273
86740: 0.82729
86741: 0.827292
86742: 0.827294
86743: 0.827285
86744: 0.827287
86745: 0.827289
86746: 0.827291
86747: 0.827293
86748: 0.827295
86749: 0.827297
86750: 0.827299
86751: 0.827301
86752: 0.827303
86753: 0.827305
86754: 0.827307
86755: 0.827309
86756: 0.827311
86757: 0.827313
86758: 0.827315
86759: 0.827317
86760: 0.827319
86761: 0.827321
86762: 0.827323
86763: 0.827325
86764: 0.827327
86765: 0.827329
86766: 0.827331
86767: 0.827333
86768: 0.827335
86769: 0.827337
86770: 0.827339
86771: 0.827329
86772: 0.827331
86773: 0.827333
86774: 0.827335
86775: 0.827337
86776: 0.827339
86777: 0.827341
86778: 0.827343
86779: 0.827345
86780: 0.827347
86781: 0.827337
86782: 0.827328
86783: 0.82733
86784: 0.827332
86785: 0.827334
86786: 0.827336
86787: 0.827326
86788: 0.827328
86789: 0.82733
86790: 0.827321
86791: 0.827311
86792: 0.827302
86793: 0.827304
86794: 0.827306
86795: 0.827308
86796: 0.82731
86797: 0.827312
86798: 0.827314
86799: 0.827316
86800: 0.827318
86801: 0.827308
86802: 0.827299
86803: 0.827301
86804: 0.827303
86805: 0.827305
86806: 0.827307
86807: 0.827297
86808: 0.827299
86809: 0.827301
86810: 0.827291
86811: 0.827282
86812: 0.827284
86813: 0.827286
86814: 0.827288
86815: 0.82729
86816: 0.827292
86817: 0.827282
86818: 0.827284
86819: 0.827286
86820: 0.827288
86821: 0.82729
86822: 0.827292
86823: 0.827294
86824: 0.827296
86825: 0.827298
86826: 0.8273
86827: 0.827302
86828: 0.827304
86829: 0.827306
86830: 0.827308
86831: 0.827299
86832: 0.827301
86833: 0.827303
86834: 0.827305
86835: 0.827307
86836: 0.827309
86837: 0.827311
86838: 0.827313
86839: 0.827315
86840: 0.827317
86841: 0.827319
86842: 0.827321
86843: 0.827311
86844: 0.827302
86845: 0.827292
86846: 0.827282
86847: 0.827284
86848: 0.827286
86849: 0.827288
86850: 0.82729
86851: 0.827292
86852: 0.827283
86853: 0.827273
86854: 0.827264
86855: 0.827254
86856: 0.827256
86857: 0.827258
86858: 0.82726
86859: 0.827262
86860: 0.827264
86861: 0.827266
86862: 0.827268
86863: 0.82727
86864: 0.827261
86865: 0.827251
86866: 0.827242
86867: 0.827244
86868: 0.827234
86869: 0.827225
86870: 0.827227
86871: 0.827229
86872: 0.827231
86873: 0.827233
86874: 0.827235
86875: 0.827237
86876: 0.827239
86877: 0.82724
86878: 0.827242
86879: 0.827233
86880: 0.827235
86881: 0.827237
86882: 0.827239
86883: 0.827241
86884: 0.827243
86885: 0.827245
86886: 0.827247
86887: 0.827249
86888: 0.827251
86889: 0.827253
86890: 0.827255
86891: 0.827245
86892: 0.827247
86893: 0.827238
86894: 0.82724
86895: 0.827242
86896: 0.827244
86897: 0.827246
86898: 0.827248
86899: 0.82725
86900: 0.827252
86901: 0.827254
86902: 0.827256
86903: 0.827258
86904: 0.82726
86905: 0.827262
86906: 0.827264
86907: 0.827254
86908: 0.827256
86909: 0.827258
86910: 0.82726
86911: 0.827262
86912: 0.827264
86913: 0.827266
86914: 0.827268
86915: 0.82727
86916: 0.82726
86917: 0.827251
86918: 0.827253
86919: 0.827255
86920: 0.827257
86921: 0.827259
86922: 0.827261
86923: 0.827263
86924: 0.827265
86925: 0.827267
86926: 0.827269
86927: 0.827271
86928: 0.827273
86929: 0.827275
86930: 0.827277
86931: 0.827279
86932: 0.827269
86933: 0.82726
86934: 0.827262
86935: 0.827264
86936: 0.827266
86937: 0.827268
86938: 0.82727
86939: 0.827272
86940: 0.827274
86941: 0.827276
86942: 0.827278
86943: 0.82728
86944: 0.827282
86945: 0.827284
86946: 0.827286
86947: 0.827288
86948: 0.82729
86949: 0.827292
86950: 0.827294
86951: 0.827296
86952: 0.827298
86953: 0.827299
86954: 0.82729
86955: 0.82728
86956: 0.827271
86957: 0.827261
86958: 0.827263
86959: 0.827265
86960: 0.827267
86961: 0.827258
86962: 0.827248
86963: 0.827239
86964: 0.827229
86965: 0.82722
86966: 0.82721
86967: 0.827212
86968: 0.827214
86969: 0.827216
86970: 0.827218
86971: 0.82722
86972: 0.827222
86973: 0.827224
86974: 0.827226
86975: 0.827228
86976: 0.82723
86977: 0.827232
86978: 0.827223
86979: 0.827225
86980: 0.827227
86981: 0.827217
86982: 0.827219
86983: 0.827221
86984: 0.827223
86985: 0.827214
86986: 0.827216
86987: 0.827218
86988: 0.82722
86989: 0.827222
86990: 0.827224
86991: 0.827225
86992: 0.827227
86993: 0.827229
86994: 0.82722
86995: 0.827222
86996: 0.827224
86997: 0.827226
86998: 0.827228
86999: 0.82723
87000: 0.827232
87001: 0.827234
87002: 0.827236
87003: 0.827238
87004: 0.82724
87005: 0.827242
87006: 0.827244
87007: 0.827234
87008: 0.827225
87009: 0.827227
87010: 0.827229
87011: 0.827231
87012: 0.827233
87013: 0.827235
87014: 0.827237
87015: 0.827239
87016: 0.827241
87017: 0.827243
87018: 0.827233
87019: 0.827224
87020: 0.827226
87021: 0.827228
87022: 0.82723
87023: 0.827232
87024: 0.827234
87025: 0.827224
87026: 0.827226
87027: 0.827228
87028: 0.82723
87029: 0.827232
87030: 0.827234
87031: 0.827236
87032: 0.827238
87033: 0.82724
87034: 0.827242
87035: 0.827244
87036: 0.827246
87037: 0.827248
87038: 0.82725
87039: 0.827252
87040: 0.827254
87041: 0.827256
87042: 0.827258
87043: 0.82726
87044: 0.827262
87045: 0.827264
87046: 0.827266
87047: 0.827268
87048: 0.827258
87049: 0.827249
87050: 0.827239
87051: 0.82723
87052: 0.827232
87053: 0.827234
87054: 0.827236
87055: 0.827238
87056: 0.82724
87057: 0.827242
87058: 0.827232
87059: 0.827223
87060: 0.827225
87061: 0.827227
87062: 0.827229
87063: 0.827219
87064: 0.82721
87065: 0.8272
87066: 0.827202
87067: 0.827204
87068: 0.827206
87069: 0.827208
87070: 0.82721
87071: 0.8272
87072: 0.827191
87073: 0.827193
87074: 0.827195
87075: 0.827197
87076: 0.827199
87077: 0.827201
87078: 0.827191
87079: 0.827182
87080: 0.827172
87081: 0.827174
87082: 0.827176
87083: 0.827178
87084: 0.82718
87085: 0.827171
87086: 0.827161
87087: 0.827152
87088: 0.827142
87089: 0.827144
87090: 0.827146
87091: 0.827148
87092: 0.82715
87093: 0.827152
87094: 0.827154
87095: 0.827156
87096: 0.827158
87097: 0.82716
87098: 0.827151
87099: 0.827153
87100: 0.827155
87101: 0.827157
87102: 0.827159
87103: 0.827161
87104: 0.827163
87105: 0.827165
87106: 0.827167
87107: 0.827157
87108: 0.827159
87109: 0.827161
87110: 0.827152
87111: 0.827154
87112: 0.827156
87113: 0.827158
87114: 0.82716
87115: 0.827161
87116: 0.827163
87117: 0.827165
87118: 0.827167
87119: 0.827169
87120: 0.827171
87121: 0.827173
87122: 0.827175
87123: 0.827177
87124: 0.827179
87125: 0.827181
87126: 0.827183
87127: 0.827185
87128: 0.827187
87129: 0.827189
87130: 0.827191
87131: 0.827193
87132: 0.827195
87133: 0.827197
87134: 0.827199
87135: 0.827201
87136: 0.827203
87137: 0.827194
87138: 0.827184
87139: 0.827186
87140: 0.827188
87141: 0.82719
87142: 0.827192
87143: 0.827194
87144: 0.827196
87145: 0.827198
87146: 0.8272
87147: 0.827202
87148: 0.827204
87149: 0.827206
87150: 0.827208
87151: 0.82721
87152: 0.827212
87153: 0.827202
87154: 0.827204
87155: 0.827206
87156: 0.827208
87157: 0.82721
87158: 0.827212
87159: 0.827214
87160: 0.827216
87161: 0.827218
87162: 0.827209
87163: 0.827199
87164: 0.82719
87165: 0.827192
87166: 0.827194
87167: 0.827196
87168: 0.827198
87169: 0.8272
87170: 0.827202
87171: 0.827204
87172: 0.827206
87173: 0.827196
87174: 0.827187
87175: 0.827189
87176: 0.827191
87177: 0.827193
87178: 0.827183
87179: 0.827174
87180: 0.827164
87181: 0.827166
87182: 0.827168
87183: 0.82717
87184: 0.827172
87185: 0.827174
87186: 0.827176
87187: 0.827178
87188: 0.82718
87189: 0.827182
87190: 0.827184
87191: 0.827186
87192: 0.827188
87193: 0.82719
87194: 0.827192
87195: 0.827194
87196: 0.827184
87197: 0.827175
87198: 0.827165
87199: 0.827167
87200: 0.827169
87201: 0.827171
87202: 0.827162
87203: 0.827152
87204: 0.827143
87205: 0.827145
87206: 0.827147
87207: 0.827149
87208: 0.827151
87209: 0.827141
87210: 0.827132
87211: 0.827134
87212: 0.827136
87213: 0.827126
87214: 0.827117
87215: 0.827119
87216: 0.827121
87217: 0.827123
87218: 0.827125
87219: 0.827127
87220: 0.827117
87221: 0.827119
87222: 0.827121
87223: 0.827123
87224: 0.827125
87225: 0.827116
87226: 0.827118
87227: 0.82712
87228: 0.827122
87229: 0.827124
87230: 0.827126
87231: 0.827128
87232: 0.82713
87233: 0.827132
87234: 0.827134
87235: 0.827136
87236: 0.827138
87237: 0.82714
87238: 0.827142
87239: 0.827144
87240: 0.827145
87241: 0.827147
87242: 0.827138
87243: 0.82714
87244: 0.827142
87245: 0.827144
87246: 0.827134
87247: 0.827125
87248: 0.827127
87249: 0.827129
87250: 0.827131
87251: 0.827133
87252: 0.827135
87253: 0.827137
87254: 0.827139
87255: 0.827141
87256: 0.827131
87257: 0.827133
87258: 0.827135
87259: 0.827137
87260: 0.827139
87261: 0.827141
87262: 0.827143
87263: 0.827145
87264: 0.827147
87265: 0.827149
87266: 0.827151
87267: 0.827153
87268: 0.827155
87269: 0.827146
87270: 0.827148
87271: 0.82715
87272: 0.827152
87273: 0.827142
87274: 0.827144
87275: 0.827146
87276: 0.827148
87277: 0.82715
87278: 0.827152
87279: 0.827154
87280: 0.827156
87281: 0.827158
87282: 0.82716
87283: 0.827162
87284: 0.827164
87285: 0.827166
87286: 0.827168
87287: 0.82717
87288: 0.827172
87289: 0.827174
87290: 0.827176
87291: 0.827166
87292: 0.827168
87293: 0.82717
87294: 0.827161
87295: 0.827163
87296: 0.827165
87297: 0.827155
87298: 0.827146
87299: 0.827148
87300: 0.82715
87301: 0.827152
87302: 0.827154
87303: 0.827156
87304: 0.827158
87305: 0.82716
87306: 0.82715
87307: 0.827152
87308: 0.827154
87309: 0.827156
87310: 0.827158
87311: 0.82716
87312: 0.827162
87313: 0.827164
87314: 0.827166
87315: 0.827168
87316: 0.82717
87317: 0.827172
87318: 0.827174
87319: 0.827164
87320: 0.827155
87321: 0.827157
87322: 0.827159
87323: 0.827161
87324: 0.827163
87325: 0.827153
87326: 0.827144
87327: 0.827134
87328: 0.827136
87329: 0.827138
87330: 0.82714
87331: 0.827142
87332: 0.827133
87333: 0.827135
87334: 0.827137
87335: 0.827139
87336: 0.827141
87337: 0.827143
87338: 0.827145
87339: 0.827147
87340: 0.827149
87341: 0.827139
87342: 0.827141
87343: 0.827143
87344: 0.827145
87345: 0.827147
87346: 0.827149
87347: 0.827151
87348: 0.827153
87349: 0.827155
87350: 0.827157
87351: 0.827159
87352: 0.827161
87353: 0.827152
87354: 0.827154
87355: 0.827156
87356: 0.827158
87357: 0.82716
87358: 0.82715
87359: 0.827141
87360: 0.827131
87361: 0.827133
87362: 0.827135
87363: 0.827137
87364: 0.827139
87365: 0.827141
87366: 0.827143
87367: 0.827145
87368: 0.827147
87369: 0.827149
87370: 0.827151
87371: 0.827153
87372: 0.827155
87373: 0.827157
87374: 0.827159
87375: 0.827161
87376: 0.827163
87377: 0.827165
87378: 0.827155
87379: 0.827157
87380: 0.827159
87381: 0.827161
87382: 0.827163
87383: 0.827165
87384: 0.827167
87385: 0.827169
87386: 0.827171
87387: 0.827162
87388: 0.827164
87389: 0.827166
87390: 0.827168
87391: 0.82717
87392: 0.827172
87393: 0.827173
87394: 0.827175
87395: 0.827177
87396: 0.827179
87397: 0.827181
87398: 0.827183
87399: 0.827185
87400: 0.827187
87401: 0.827189
87402: 0.827191
87403: 0.827193
87404: 0.827195
87405: 0.827197
87406: 0.827199
87407: 0.827201
87408: 0.827203
87409: 0.827205
87410: 0.827207
87411: 0.827209
87412: 0.827211
87413: 0.827213
87414: 0.827215
87415: 0.827217
87416: 0.827219
87417: 0.827221
87418: 0.827223
87419: 0.827225
87420: 0.827215
87421: 0.827217
87422: 0.827219
87423: 0.82721
87424: 0.8272
87425: 0.827191
87426: 0.827193
87427: 0.827195
87428: 0.827197
87429: 0.827199
87430: 0.827201
87431: 0.827203
87432: 0.827205
87433: 0.827207
87434: 0.827209
87435: 0.827199
87436: 0.827201
87437: 0.827203
87438: 0.827194
87439: 0.827196
87440: 0.827198
87441: 0.8272
87442: 0.827202
87443: 0.827204
87444: 0.827206
87445: 0.827208
87446: 0.82721
87447: 0.827212
87448: 0.827214
87449: 0.827216
87450: 0.827206
87451: 0.827208
87452: 0.82721
87453: 0.827201
87454: 0.827203
87455: 0.827205
87456: 0.827207
87457: 0.827208
87458: 0.82721
87459: 0.827212
87460: 0.827214
87461: 0.827216
87462: 0.827218
87463: 0.82722
87464: 0.827211
87465: 0.827201
87466: 0.827203
87467: 0.827205
87468: 0.827207
87469: 0.827198
87470: 0.827188
87471: 0.82719
87472: 0.827192
87473: 0.827194
87474: 0.827196
87475: 0.827198
87476: 0.8272
87477: 0.827202
87478: 0.827204
87479: 0.827206
87480: 0.827208
87481: 0.82721
87482: 0.827212
87483: 0.827214
87484: 0.827216
87485: 0.827218
87486: 0.82722
87487: 0.827222
87488: 0.827224
87489: 0.827226
87490: 0.827228
87491: 0.82723
87492: 0.827232
87493: 0.827234
87494: 0.827236
87495: 0.827238
87496: 0.82724
87497: 0.827242
87498: 0.827244
87499: 0.827246
87500: 0.827248
87501: 0.82725
87502: 0.827252
87503: 0.827254
87504: 0.827256
87505: 0.827258
87506: 0.827248
87507: 0.82725
87508: 0.827241
87509: 0.827243
87510: 0.827245
87511: 0.827235
87512: 0.827226
87513: 0.827228
87514: 0.82723
87515: 0.827232
87516: 0.827234
87517: 0.827236
87518: 0.827238
87519: 0.827239
87520: 0.827241
87521: 0.827243
87522: 0.827245
87523: 0.827236
87524: 0.827227
87525: 0.827228
87526: 0.82723
87527: 0.827221
87528: 0.827223
87529: 0.827225
87530: 0.827227
87531: 0.827229
87532: 0.827231
87533: 0.827233
87534: 0.827235
87535: 0.827237
87536: 0.827239
87537: 0.827241
87538: 0.827243
87539: 0.827245
87540: 0.827247
87541: 0.827249
87542: 0.827239
87543: 0.82723
87544: 0.827232
87545: 0.827234
87546: 0.827224
87547: 0.827226
87548: 0.827228
87549: 0.82723
87550: 0.827232
87551: 0.827234
87552: 0.827236
87553: 0.827238
87554: 0.82724
87555: 0.827242
87556: 0.827244
87557: 0.827246
87558: 0.827248
87559: 0.82725
87560: 0.827252
87561: 0.827254
87562: 0.827256
87563: 0.827258
87564: 0.82726
87565: 0.827262
87566: 0.827264
87567: 0.827266
87568: 0.827268
87569: 0.827258
87570: 0.82726
87571: 0.827262
87572: 0.827264
87573: 0.827266
87574: 0.827268
87575: 0.82727
87576: 0.827272
87577: 0.827274
87578: 0.827276
87579: 0.827278
87580: 0.82728
87581: 0.827282
87582: 0.827284
87583: 0.827286
87584: 0.827288
87585: 0.82729
87586: 0.827292
87587: 0.827294
87588: 0.827284
87589: 0.827275
87590: 0.827277
87591: 0.827279
87592: 0.827281
87593: 0.827283
87594: 0.827285
87595: 0.827275
87596: 0.827266
87597: 0.827268
87598: 0.82727
87599: 0.827272
87600: 0.827274
87601: 0.827276
87602: 0.827278
87603: 0.82728
87604: 0.82727
87605: 0.827272
87606: 0.827274
87607: 0.827276
87608: 0.827278
87609: 0.82728
87610: 0.827271
87611: 0.827261
87612: 0.827263
87613: 0.827265
87614: 0.827267
87615: 0.827269
87616: 0.827271
87617: 0.827273
87618: 0.827275
87619: 0.827277
87620: 0.827279
87621: 0.827281
87622: 0.827283
87623: 0.827285
87624: 0.827287
87625: 0.827289
87626: 0.827279
87627: 0.827281
87628: 0.827283
87629: 0.827285
87630: 0.827287
87631: 0.827289
87632: 0.827291
87633: 0.827293
87634: 0.827295
87635: 0.827297
87636: 0.827299
87637: 0.827301
87638: 0.827303
87639: 0.827305
87640: 0.827307
87641: 0.827309
87642: 0.827311
87643: 0.827313
87644: 0.827315
87645: 0.827317
87646: 0.827319
87647: 0.827321
87648: 0.827323
87649: 0.827325
87650: 0.827327
87651: 0.827329
87652: 0.82733
87653: 0.827332
87654: 0.827334
87655: 0.827336
87656: 0.827338
87657: 0.82734
87658: 0.827342
87659: 0.827333
87660: 0.827335
87661: 0.827337
87662: 0.827339
87663: 0.827341
87664: 0.827343
87665: 0.827333
87666: 0.827335
87667: 0.827337
87668: 0.827339
87669: 0.827341
87670: 0.827343
87671: 0.827345
87672: 0.827347
87673: 0.827349
87674: 0.827351
87675: 0.827353
87676: 0.827355
87677: 0.827357
87678: 0.827359
87679: 0.827361
87680: 0.827363
87681: 0.827365
87682: 0.827367
87683: 0.827369
87684: 0.827371
87685: 0.827373
87686: 0.827375
87687: 0.827377
87688: 0.827379
87689: 0.827381
87690: 0.827383
87691: 0.827384
87692: 0.827386
87693: 0.827388
87694: 0.82739
87695: 0.827392
87696: 0.827394
87697: 0.827396
87698: 0.827398
87699: 0.8274
87700: 0.827391
87701: 0.827393
87702: 0.827395
87703: 0.827397
87704: 0.827399
87705: 0.827389
87706: 0.82738
87707: 0.827382
87708: 0.827372
87709: 0.827374
87710: 0.827376
87711: 0.827378
87712: 0.827369
87713: 0.827359
87714: 0.827361
87715: 0.827363
87716: 0.827365
87717: 0.827367
87718: 0.827369
87719: 0.827371
87720: 0.827373
87721: 0.827375
87722: 0.827377
87723: 0.827379
87724: 0.827381
87725: 0.827383
87726: 0.827374
87727: 0.827376
87728: 0.827377
87729: 0.827379
87730: 0.827381
87731: 0.827383
87732: 0.827385
87733: 0.827387
87734: 0.827389
87735: 0.827391
87736: 0.827393
87737: 0.827395
87738: 0.827397
87739: 0.827399
87740: 0.827401
87741: 0.827403
87742: 0.827405
87743: 0.827407
87744: 0.827409
87745: 0.827411
87746: 0.827413
87747: 0.827415
87748: 0.827417
87749: 0.827419
87750: 0.827421
87751: 0.827423
87752: 0.827425
87753: 0.827415
87754: 0.827417
87755: 0.827419
87756: 0.827421
87757: 0.827423
87758: 0.827425
87759: 0.827427
87760: 0.827429
87761: 0.827431
87762: 0.827433
87763: 0.827435
87764: 0.827426
87765: 0.827427
87766: 0.827429
87767: 0.827431
87768: 0.827433
87769: 0.827435
87770: 0.827437
87771: 0.827439
87772: 0.827441
87773: 0.827443
87774: 0.827445
87775: 0.827447
87776: 0.827449
87777: 0.827451
87778: 0.827453
87779: 0.827444
87780: 0.827434
87781: 0.827425
87782: 0.827427
87783: 0.827429
87784: 0.827431
87785: 0.827433
87786: 0.827423
87787: 0.827414
87788: 0.827404
87789: 0.827406
87790: 0.827408
87791: 0.82741
87792: 0.827412
87793: 0.827414
87794: 0.827416
87795: 0.827418
87796: 0.827409
87797: 0.827399
87798: 0.827401
87799: 0.827403
87800: 0.827405
87801: 0.827407
87802: 0.827409
87803: 0.827411
87804: 0.827413
87805: 0.827415
87806: 0.827417
87807: 0.827419
87808: 0.827421
87809: 0.827423
87810: 0.827425
87811: 0.827427
87812: 0.827429
87813: 0.827431
87814: 0.827433
87815: 0.827435
87816: 0.827437
87817: 0.827439
87818: 0.827441
87819: 0.827442
87820: 0.827444
87821: 0.827446
87822: 0.827448
87823: 0.82745
87824: 0.827452
87825: 0.827454
87826: 0.827456
87827: 0.827458
87828: 0.82746
87829: 0.827462
87830: 0.827464
87831: 0.827466
87832: 0.827468
87833: 0.827459
87834: 0.827461
87835: 0.827463
87836: 0.827465
87837: 0.827466
87838: 0.827468
87839: 0.82747
87840: 0.827461
87841: 0.827452
87842: 0.827442
87843: 0.827433
87844: 0.827423
87845: 0.827425
87846: 0.827427
87847: 0.827418
87848: 0.82742
87849: 0.827422
87850: 0.827412
87851: 0.827403
87852: 0.827393
87853: 0.827395
87854: 0.827397
87855: 0.827399
87856: 0.827401
87857: 0.827403
87858: 0.827405
87859: 0.827407
87860: 0.827409
87861: 0.827411
87862: 0.827413
87863: 0.827415
87864: 0.827417
87865: 0.827419
87866: 0.827421
87867: 0.827423
87868: 0.827414
87869: 0.827404
87870: 0.827395
87871: 0.827397
87872: 0.827399
87873: 0.827401
87874: 0.827403
87875: 0.827405
87876: 0.827395
87877: 0.827397
87878: 0.827399
87879: 0.827401
87880: 0.827392
87881: 0.827382
87882: 0.827384
87883: 0.827386
87884: 0.827388
87885: 0.82739
87886: 0.827392
87887: 0.827394
87888: 0.827396
87889: 0.827398
87890: 0.8274
87891: 0.82739
87892: 0.827392
87893: 0.827383
87894: 0.827374
87895: 0.827364
87896: 0.827366
87897: 0.827368
87898: 0.82737
87899: 0.827372
87900: 0.827374
87901: 0.827376
87902: 0.827378
87903: 0.82738
87904: 0.82737
87905: 0.827361
87906: 0.827363
87907: 0.827354
87908: 0.827344
87909: 0.827335
87910: 0.827337
87911: 0.827339
87912: 0.827341
87913: 0.827343
87914: 0.827345
87915: 0.827347
87916: 0.827349
87917: 0.82735
87918: 0.827352
87919: 0.827354
87920: 0.827345
87921: 0.827347
87922: 0.827349
87923: 0.827351
87924: 0.827353
87925: 0.827343
87926: 0.827345
87927: 0.827347
87928: 0.827349
87929: 0.827351
87930: 0.827353
87931: 0.827355
87932: 0.827357
87933: 0.827359
87934: 0.827361
87935: 0.827363
87936: 0.827365
87937: 0.827367
87938: 0.827369
87939: 0.827371
87940: 0.827373
87941: 0.827375
87942: 0.827365
87943: 0.827367
87944: 0.827369
87945: 0.827371
87946: 0.827373
87947: 0.827375
87948: 0.827377
87949: 0.827379
87950: 0.827381
87951: 0.827383
87952: 0.827385
87953: 0.827387
87954: 0.827389
87955: 0.827391
87956: 0.827382
87957: 0.827384
87958: 0.827385
87959: 0.827387
87960: 0.827378
87961: 0.827369
87962: 0.827371
87963: 0.827373
87964: 0.827375
87965: 0.827376
87966: 0.827378
87967: 0.82738
87968: 0.827371
87969: 0.827373
87970: 0.827375
87971: 0.827377
87972: 0.827379
87973: 0.827381
87974: 0.827383
87975: 0.827373
87976: 0.827375
87977: 0.827377
87978: 0.827379
87979: 0.827381
87980: 0.827383
87981: 0.827385
87982: 0.827387
87983: 0.827378
87984: 0.82738
87985: 0.827382
87986: 0.827384
87987: 0.827386
87988: 0.827376
87989: 0.827378
87990: 0.827369
87991: 0.827371
87992: 0.827373
87993: 0.827375
87994: 0.827377
87995: 0.827379
87996: 0.827369
87997: 0.827371
87998: 0.827373
87999: 0.827375
88000: 0.827377
88001: 0.827379
88002: 0.827381
88003: 0.827383
88004: 0.827385
88005: 0.827387
88006: 0.827377
88007: 0.827368
88008: 0.827359
88009: 0.827361
88010: 0.827362
88011: 0.827364
88012: 0.827366
88013: 0.827368
88014: 0.82737
88015: 0.827372
88016: 0.827363
88017: 0.827365
88018: 0.827367
88019: 0.827357
88020: 0.827359
88021: 0.827361
88022: 0.827352
88023: 0.827354
88024: 0.827356
88025: 0.827358
88026: 0.82736
88027: 0.827362
88028: 0.827364
88029: 0.827366
88030: 0.827368
88031: 0.82737
88032: 0.827372
88033: 0.827374
88034: 0.827375
88035: 0.827377
88036: 0.827379
88037: 0.827381
88038: 0.827383
88039: 0.827385
88040: 0.827387
88041: 0.827389
88042: 0.827391
88043: 0.827393
88044: 0.827395
88045: 0.827397
88046: 0.827399
88047: 0.827401
88048: 0.827392
88049: 0.827394
88050: 0.827395
88051: 0.827397
88052: 0.827399
88053: 0.827401
88054: 0.827403
88055: 0.827405
88056: 0.827396
88057: 0.827386
88058: 0.827388
88059: 0.82739
88060: 0.827392
88061: 0.827394
88062: 0.827396
88063: 0.827387
88064: 0.827378
88065: 0.827379
88066: 0.827381
88067: 0.827372
88068: 0.827363
88069: 0.827365
88070: 0.827355
88071: 0.827346
88072: 0.827336
88073: 0.827327
88074: 0.827329
88075: 0.827331
88076: 0.827333
88077: 0.827335
88078: 0.827337
88079: 0.827339
88080: 0.827341
88081: 0.827331
88082: 0.827333
88083: 0.827335
88084: 0.827337
88085: 0.827339
88086: 0.82733
88087: 0.827332
88088: 0.827322
88089: 0.827324
88090: 0.827326
88091: 0.827328
88092: 0.82733
88093: 0.827332
88094: 0.827334
88095: 0.827336
88096: 0.827338
88097: 0.827329
88098: 0.827331
88099: 0.827333
88100: 0.827335
88101: 0.827325
88102: 0.827316
88103: 0.827318
88104: 0.82732
88105: 0.82731
88106: 0.827301
88107: 0.827292
88108: 0.827282
88109: 0.827284
88110: 0.827286
88111: 0.827288
88112: 0.82729
88113: 0.827292
88114: 0.827294
88115: 0.827296
88116: 0.827298
88117: 0.8273
88118: 0.82729
88119: 0.827281
88120: 0.827283
88121: 0.827285
88122: 0.827287
88123: 0.827289
88124: 0.827291
88125: 0.827293
88126: 0.827295
88127: 0.827297
88128: 0.827299
88129: 0.827301
88130: 0.827303
88131: 0.827304
88132: 0.827306
88133: 0.827297
88134: 0.827299
88135: 0.827301
88136: 0.827303
88137: 0.827305
88138: 0.827307
88139: 0.827309
88140: 0.827311
88141: 0.827313
88142: 0.827315
88143: 0.827317
88144: 0.827319
88145: 0.827321
88146: 0.827323
88147: 0.827324
88148: 0.827326
88149: 0.827328
88150: 0.82733
88151: 0.827332
88152: 0.827334
88153: 0.827325
88154: 0.827316
88155: 0.827306
88156: 0.827308
88157: 0.82731
88158: 0.827312
88159: 0.827314
88160: 0.827316
88161: 0.827318
88162: 0.82732
88163: 0.82731
88164: 0.827301
88165: 0.827292
88166: 0.827294
88167: 0.827296
88168: 0.827298
88169: 0.8273
88170: 0.82729
88171: 0.827281
88172: 0.827271
88173: 0.827273
88174: 0.827275
88175: 0.827277
88176: 0.827279
88177: 0.827281
88178: 0.827283
88179: 0.827285
88180: 0.827287
88181: 0.827289
88182: 0.827291
88183: 0.827293
88184: 0.827295
88185: 0.827297
88186: 0.827299
88187: 0.827301
88188: 0.827303
88189: 0.827305
88190: 0.827307
88191: 0.827309
88192: 0.827311
88193: 0.827301
88194: 0.827303
88195: 0.827294
88196: 0.827296
88197: 0.827298
88198: 0.8273
88199: 0.827302
88200: 0.827304
88201: 0.827306
88202: 0.827307
88203: 0.827309
88204: 0.827311
88205: 0.827302
88206: 0.827304
88207: 0.827306
88208: 0.827308
88209: 0.82731
88210: 0.827312
88211: 0.827314
88212: 0.827316
88213: 0.827318
88214: 0.827308
88215: 0.82731
88216: 0.827312
88217: 0.827314
88218: 0.827316
88219: 0.827307
88220: 0.827297
88221: 0.827288
88222: 0.82729
88223: 0.827292
88224: 0.827283
88225: 0.827273
88226: 0.827275
88227: 0.827266
88228: 0.827268
88229: 0.82727
88230: 0.827272
88231: 0.827274
88232: 0.827276
88233: 0.827277
88234: 0.827279
88235: 0.827281
88236: 0.827283
88237: 0.827285
88238: 0.827287
88239: 0.827289
88240: 0.827291
88241: 0.827293
88242: 0.827295
88243: 0.827297
88244: 0.827299
88245: 0.827301
88246: 0.827292
88247: 0.827282
88248: 0.827284
88249: 0.827286
88250: 0.827288
88251: 0.82729
88252: 0.827292
88253: 0.827294
88254: 0.827296
88255: 0.827298
88256: 0.8273
88257: 0.82729
88258: 0.827292
88259: 0.827294
88260: 0.827296
88261: 0.827298
88262: 0.8273
88263: 0.827302
88264: 0.827304
88265: 0.827306
88266: 0.827308
88267: 0.82731
88268: 0.827312
88269: 0.827303
88270: 0.827305
88271: 0.827307
88272: 0.827308
88273: 0.82731
88274: 0.827312
88275: 0.827314
88276: 0.827316
88277: 0.827307
88278: 0.827309
88279: 0.827311
88280: 0.827313
88281: 0.827315
88282: 0.827305
88283: 0.827307
88284: 0.827309
88285: 0.8273
88286: 0.827291
88287: 0.827292
88288: 0.827294
88289: 0.827296
88290: 0.827298
88291: 0.8273
88292: 0.827302
88293: 0.827304
88294: 0.827306
88295: 0.827308
88296: 0.82731
88297: 0.827312
88298: 0.827314
88299: 0.827316
88300: 0.827318
88301: 0.82732
88302: 0.827322
88303: 0.827312
88304: 0.827303
88305: 0.827294
88306: 0.827296
88307: 0.827298
88308: 0.8273
88309: 0.827302
88310: 0.827304
88311: 0.827305
88312: 0.827307
88313: 0.827298
88314: 0.827289
88315: 0.827291
88316: 0.827293
88317: 0.827295
88318: 0.827297
88319: 0.827298
88320: 0.8273
88321: 0.827291
88322: 0.827293
88323: 0.827295
88324: 0.827297
88325: 0.827288
88326: 0.82729
88327: 0.827291
88328: 0.827293
88329: 0.827295
88330: 0.827297
88331: 0.827299
88332: 0.827301
88333: 0.827303
88334: 0.827305
88335: 0.827307
88336: 0.827309
88337: 0.827311
88338: 0.827313
88339: 0.827315
88340: 0.827317
88341: 0.827319
88342: 0.827321
88343: 0.827311
88344: 0.827313
88345: 0.827315
88346: 0.827317
88347: 0.827319
88348: 0.827321
88349: 0.827323
88350: 0.827325
88351: 0.827327
88352: 0.827329
88353: 0.827331
88354: 0.827333
88355: 0.827335
88356: 0.827337
88357: 0.827339
88358: 0.827341
88359: 0.827343
88360: 0.827333
88361: 0.827335
88362: 0.827326
88363: 0.827328
88364: 0.82733
88365: 0.827332
88366: 0.827334
88367: 0.827324
88368: 0.827326
88369: 0.827328
88370: 0.82733
88371: 0.827332
88372: 0.827334
88373: 0.827336
88374: 0.827338
88375: 0.82734
88376: 0.827342
88377: 0.827344
88378: 0.827346
88379: 0.827348
88380: 0.82735
88381: 0.827352
88382: 0.827354
88383: 0.827356
88384: 0.827358
88385: 0.82736
88386: 0.827361
88387: 0.827363
88388: 0.827365
88389: 0.827367
88390: 0.827369
88391: 0.82736
88392: 0.827362
88393: 0.827364
88394: 0.827354
88395: 0.827356
88396: 0.827347
88397: 0.827349
88398: 0.82734
88399: 0.82733
88400: 0.827321
88401: 0.827312
88402: 0.827302
88403: 0.827304
88404: 0.827306
88405: 0.827308
88406: 0.82731
88407: 0.827312
88408: 0.827314
88409: 0.827316
88410: 0.827318
88411: 0.82732
88412: 0.827322
88413: 0.827324
88414: 0.827326
88415: 0.827328
88416: 0.82733
88417: 0.827332
88418: 0.827333
88419: 0.827335
88420: 0.827337
88421: 0.827339
88422: 0.827341
88423: 0.827343
88424: 0.827334
88425: 0.827336
88426: 0.827338
88427: 0.82734
88428: 0.827342
88429: 0.827344
88430: 0.827346
88431: 0.827348
88432: 0.82735
88433: 0.82734
88434: 0.827342
88435: 0.827344
88436: 0.827346
88437: 0.827348
88438: 0.82735
88439: 0.827352
88440: 0.827343
88441: 0.827344
88442: 0.827346
88443: 0.827348
88444: 0.82735
88445: 0.827352
88446: 0.827354
88447: 0.827356
88448: 0.827347
88449: 0.827337
88450: 0.827339
88451: 0.827341
88452: 0.827343
88453: 0.827345
88454: 0.827347
88455: 0.827349
88456: 0.827351
88457: 0.827342
88458: 0.827344
88459: 0.827334
88460: 0.827325
88461: 0.827327
88462: 0.827329
88463: 0.827331
88464: 0.827333
88465: 0.827335
88466: 0.827337
88467: 0.827327
88468: 0.827329
88469: 0.827331
88470: 0.827333
88471: 0.827335
88472: 0.827337
88473: 0.827339
88474: 0.827341
88475: 0.827343
88476: 0.827345
88477: 0.827347
88478: 0.827349
88479: 0.82734
88480: 0.827341
88481: 0.827332
88482: 0.827334
88483: 0.827336
88484: 0.827338
88485: 0.82734
88486: 0.827342
88487: 0.827344
88488: 0.827346
88489: 0.827336
88490: 0.827338
88491: 0.827329
88492: 0.827331
88493: 0.827333
88494: 0.827335
88495: 0.827337
88496: 0.827339
88497: 0.827341
88498: 0.827343
88499: 0.827345
88500: 0.827347
88501: 0.827349
88502: 0.827339
88503: 0.82733
88504: 0.82732
88505: 0.827322
88506: 0.827324
88507: 0.827326
88508: 0.827328
88509: 0.82733
88510: 0.827332
88511: 0.827323
88512: 0.827314
88513: 0.827315
88514: 0.827317
88515: 0.827319
88516: 0.827321
88517: 0.827323
88518: 0.827325
88519: 0.827327
88520: 0.827329
88521: 0.827331
88522: 0.827333
88523: 0.827335
88524: 0.827337
88525: 0.827339
88526: 0.827341
88527: 0.827343
88528: 0.827345
88529: 0.827347
88530: 0.827349
88531: 0.827351
88532: 0.827353
88533: 0.827354
88534: 0.827356
88535: 0.827358
88536: 0.82736
88537: 0.827362
88538: 0.827353
88539: 0.827344
88540: 0.827334
88541: 0.827336
88542: 0.827338
88543: 0.82734
88544: 0.827342
88545: 0.827344
88546: 0.827346
88547: 0.827348
88548: 0.827339
88549: 0.82734
88550: 0.827342
88551: 0.827344
88552: 0.827346
88553: 0.827348
88554: 0.82735
88555: 0.827352
88556: 0.827343
88557: 0.827333
88558: 0.827335
88559: 0.827337
88560: 0.827339
88561: 0.827341
88562: 0.827343
88563: 0.827345
88564: 0.827347
88565: 0.827349
88566: 0.827351
88567: 0.827353
88568: 0.827344
88569: 0.827334
88570: 0.827336
88571: 0.827338
88572: 0.82734
88573: 0.827342
88574: 0.827344
88575: 0.827335
88576: 0.827325
88577: 0.827327
88578: 0.827329
88579: 0.827331
88580: 0.827333
88581: 0.827335
88582: 0.827337
88583: 0.827339
88584: 0.827341
88585: 0.827343
88586: 0.827334
88587: 0.827324
88588: 0.827326
88589: 0.827328
88590: 0.82733
88591: 0.827332
88592: 0.827334
88593: 0.827336
88594: 0.827338
88595: 0.82734
88596: 0.827342
88597: 0.827344
88598: 0.827334
88599: 0.827336
88600: 0.827338
88601: 0.82734
88602: 0.827342
88603: 0.827344
88604: 0.827346
88605: 0.827348
88606: 0.82735
88607: 0.827352
88608: 0.827354
88609: 0.827356
88610: 0.827358
88611: 0.82736
88612: 0.827362
88613: 0.827364
88614: 0.827366
88615: 0.827368
88616: 0.827369
88617: 0.827371
88618: 0.827373
88619: 0.827364
88620: 0.827366
88621: 0.827368
88622: 0.82737
88623: 0.827372
88624: 0.827362
88625: 0.827353
88626: 0.827355
88627: 0.827357
88628: 0.827359
88629: 0.827361
88630: 0.827363
88631: 0.827365
88632: 0.827367
88633: 0.827369
88634: 0.827371
88635: 0.827373
88636: 0.827375
88637: 0.827365
88638: 0.827356
88639: 0.827347
88640: 0.827349
88641: 0.82735
88642: 0.827341
88643: 0.827343
88644: 0.827334
88645: 0.827324
88646: 0.827315
88647: 0.827306
88648: 0.827296
88649: 0.827287
88650: 0.827289
88651: 0.827291
88652: 0.827293
88653: 0.827295
88654: 0.827297
88655: 0.827299
88656: 0.827301
88657: 0.827303
88658: 0.827305
88659: 0.827307
88660: 0.827309
88661: 0.82731
88662: 0.827312
88663: 0.827314
88664: 0.827316
88665: 0.827318
88666: 0.82732
88667: 0.827322
88668: 0.827324
88669: 0.827326
88670: 0.827317
88671: 0.827319
88672: 0.827321
88673: 0.827311
88674: 0.827302
88675: 0.827293
88676: 0.827295
88677: 0.827297
88678: 0.827298
88679: 0.8273
88680: 0.827302
88681: 0.827304
88682: 0.827306
88683: 0.827308
88684: 0.82731
88685: 0.827312
88686: 0.827314
88687: 0.827316
88688: 0.827318
88689: 0.82732
88690: 0.827322
88691: 0.827324
88692: 0.827326
88693: 0.827328
88694: 0.82733
88695: 0.827332
88696: 0.827334
88697: 0.827335
88698: 0.827337
88699: 0.827339
88700: 0.827341
88701: 0.827343
88702: 0.827345
88703: 0.827347
88704: 0.827349
88705: 0.827351
88706: 0.827353
88707: 0.827355
88708: 0.827357
88709: 0.827359
88710: 0.827361
88711: 0.827363
88712: 0.827365
88713: 0.827367
88714: 0.827369
88715: 0.82737
88716: 0.827372
88717: 0.827374
88718: 0.827376
88719: 0.827378
88720: 0.82738
88721: 0.827382
88722: 0.827384
88723: 0.827386
88724: 0.827388
88725: 0.82739
88726: 0.827381
88727: 0.827371
88728: 0.827373
88729: 0.827375
88730: 0.827377
88731: 0.827379
88732: 0.827381
88733: 0.827383
88734: 0.827385
88735: 0.827376
88736: 0.827366
88737: 0.827368
88738: 0.827359
88739: 0.827361
88740: 0.827363
88741: 0.827365
88742: 0.827367
88743: 0.827369
88744: 0.827371
88745: 0.827373
88746: 0.827374
88747: 0.827376
88748: 0.827378
88749: 0.827369
88750: 0.827371
88751: 0.827373
88752: 0.827375
88753: 0.827377
88754: 0.827379
88755: 0.827381
88756: 0.827383
88757: 0.827385
88758: 0.827387
88759: 0.827388
88760: 0.82739
88761: 0.827392
88762: 0.827394
88763: 0.827396
88764: 0.827398
88765: 0.8274
88766: 0.827402
88767: 0.827404
88768: 0.827406
88769: 0.827408
88770: 0.82741
88771: 0.827412
88772: 0.827414
88773: 0.827404
88774: 0.827406
88775: 0.827397
88776: 0.827388
88777: 0.827378
88778: 0.82738
88779: 0.827382
88780: 0.827384
88781: 0.827386
88782: 0.827388
88783: 0.82739
88784: 0.827392
88785: 0.827394
88786: 0.827396
88787: 0.827398
88788: 0.8274
88789: 0.827402
88790: 0.827404
88791: 0.827394
88792: 0.827396
88793: 0.827398
88794: 0.827389
88795: 0.82738
88796: 0.827382
88797: 0.827383
88798: 0.827385
88799: 0.827387
88800: 0.827378
88801: 0.82738
88802: 0.827382
88803: 0.827373
88804: 0.827375
88805: 0.827377
88806: 0.827378
88807: 0.82738
88808: 0.827382
88809: 0.827384
88810: 0.827386
88811: 0.827388
88812: 0.82739
88813: 0.827392
88814: 0.827394
88815: 0.827396
88816: 0.827398
88817: 0.8274
88818: 0.827402
88819: 0.827404
88820: 0.827406
88821: 0.827396
88822: 0.827387
88823: 0.827389
88824: 0.827391
88825: 0.827382
88826: 0.827384
88827: 0.827386
88828: 0.827387
88829: 0.827389
88830: 0.827391
88831: 0.827393
88832: 0.827395
88833: 0.827397
88834: 0.827399
88835: 0.82739
88836: 0.82738
88837: 0.827371
88838: 0.827362
88839: 0.827364
88840: 0.827366
88841: 0.827368
88842: 0.82737
88843: 0.827372
88844: 0.827362
88845: 0.827353
88846: 0.827355
88847: 0.827357
88848: 0.827359
88849: 0.827361
88850: 0.827363
88851: 0.827365
88852: 0.827367
88853: 0.827368
88854: 0.827359
88855: 0.82735
88856: 0.827352
88857: 0.827354
88858: 0.827356
88859: 0.827358
88860: 0.82736
88861: 0.827362
88862: 0.827363
88863: 0.827365
88864: 0.827356
88865: 0.827358
88866: 0.82736
88867: 0.827362
88868: 0.827364
88869: 0.827366
88870: 0.827368
88871: 0.82737
88872: 0.827372
88873: 0.827374
88874: 0.827376
88875: 0.827366
88876: 0.827368
88877: 0.82737
88878: 0.827372
88879: 0.827374
88880: 0.827376
88881: 0.827378
88882: 0.82738
88883: 0.827382
88884: 0.827384
88885: 0.827386
88886: 0.827388
88887: 0.82739
88888: 0.827391
88889: 0.827393
88890: 0.827395
88891: 0.827397
88892: 0.827399
88893: 0.827401
88894: 0.827403
88895: 0.827405
88896: 0.827407
88897: 0.827409
88898: 0.827411
88899: 0.827402
88900: 0.827404
88901: 0.827405
88902: 0.827407
88903: 0.827409
88904: 0.8274
88905: 0.827391
88906: 0.827393
88907: 0.827395
88908: 0.827397
88909: 0.827398
88910: 0.8274
88911: 0.827402
88912: 0.827404
88913: 0.827406
88914: 0.827397
88915: 0.827388
88916: 0.827378
88917: 0.827369
88918: 0.82736
88919: 0.82735
88920: 0.827352
88921: 0.827354
88922: 0.827356
88923: 0.827358
88924: 0.82736
88925: 0.827362
88926: 0.827364
88927: 0.827366
88928: 0.827357
88929: 0.827347
88930: 0.827349
88931: 0.827351
88932: 0.827353
88933: 0.827355
88934: 0.827357
88935: 0.827359
88936: 0.827361
88937: 0.827352
88938: 0.827354
88939: 0.827356
88940: 0.827357
88941: 0.827359
88942: 0.827361
88943: 0.827352
88944: 0.827343
88945: 0.827333
88946: 0.827335
88947: 0.827326
88948: 0.827328
88949: 0.82733
88950: 0.827332
88951: 0.827334
88952: 0.827336
88953: 0.827338
88954: 0.82734
88955: 0.827342
88956: 0.827344
88957: 0.827345
88958: 0.827347
88959: 0.827349
88960: 0.827351
88961: 0.827353
88962: 0.827355
88963: 0.827357
88964: 0.827359
88965: 0.827361
88966: 0.827363
88967: 0.827365
88968: 0.827367
88969: 0.827369
88970: 0.827359
88971: 0.82735
88972: 0.827341
88973: 0.827332
88974: 0.827322
88975: 0.827324
88976: 0.827326
88977: 0.827328
88978: 0.82733
88979: 0.827332
88980: 0.827334
88981: 0.827336
88982: 0.827338
88983: 0.82734
88984: 0.827342
88985: 0.827344
88986: 0.827346
88987: 0.827348
88988: 0.827349
88989: 0.827351
88990: 0.827353
88991: 0.827355
88992: 0.827346
88993: 0.827348
88994: 0.82735
88995: 0.827352
88996: 0.827354
88997: 0.827356
88998: 0.827346
88999: 0.827337
89000: 0.827328
89001: 0.82733
89002: 0.827332
89003: 0.827334
89004: 0.827336
89005: 0.827337
89006: 0.827339
89007: 0.827341
89008: 0.827343
89009: 0.827345
89010: 0.827347
89011: 0.827349
89012: 0.827351
89013: 0.827353
89014: 0.827355
89015: 0.827357
89016: 0.827359
89017: 0.827361
89018: 0.827363
89019: 0.827365
89020: 0.827355
89021: 0.827357
89022: 0.827359
89023: 0.827361
89024: 0.827363
89025: 0.827365
89026: 0.827356
89027: 0.827346
89028: 0.827348
89029: 0.82735
89030: 0.827352
89031: 0.827354
89032: 0.827356
89033: 0.827358
89034: 0.82736
89035: 0.827362
89036: 0.827364
89037: 0.827366
89038: 0.827368
89039: 0.82737
89040: 0.82736
89041: 0.827351
89042: 0.827342
89043: 0.827344
89044: 0.827346
89045: 0.827348
89046: 0.82735
89047: 0.827352
89048: 0.827353
89049: 0.827355
89050: 0.827357
89051: 0.827348
89052: 0.82735
89053: 0.827352
89054: 0.827354
89055: 0.827356
89056: 0.827358
89057: 0.82736
89058: 0.827362
89059: 0.827364
89060: 0.827366
89061: 0.827356
89062: 0.827347
89063: 0.827338
89064: 0.827328
89065: 0.827319
89066: 0.827321
89067: 0.827323
89068: 0.827325
89069: 0.827316
89070: 0.827306
89071: 0.827308
89072: 0.82731
89073: 0.827312
89074: 0.827314
89075: 0.827316
89076: 0.827318
89077: 0.82732
89078: 0.827322
89079: 0.827324
89080: 0.827326
89081: 0.827328
89082: 0.82733
89083: 0.827332
89084: 0.827333
89085: 0.827335
89086: 0.827326
89087: 0.827317
89088: 0.827319
89089: 0.827321
89090: 0.827323
89091: 0.827325
89092: 0.827327
89093: 0.827317
89094: 0.827319
89095: 0.827321
89096: 0.827323
89097: 0.827325
89098: 0.827327
89099: 0.827329
89100: 0.827331
89101: 0.827333
89102: 0.827335
89103: 0.827337
89104: 0.827339
89105: 0.82734
89106: 0.827342
89107: 0.827333
89108: 0.827335
89109: 0.827337
89110: 0.827339
89111: 0.827341
89112: 0.827343
89113: 0.827345
89114: 0.827347
89115: 0.827349
89116: 0.827339
89117: 0.82733
89118: 0.827321
89119: 0.827323
89120: 0.827325
89121: 0.827327
89122: 0.827329
89123: 0.82733
89124: 0.827332
89125: 0.827334
89126: 0.827336
89127: 0.827338
89128: 0.82734
89129: 0.827331
89130: 0.827322
89131: 0.827312
89132: 0.827303
89133: 0.827305
89134: 0.827307
89135: 0.827309
89136: 0.8273
89137: 0.827301
89138: 0.827292
89139: 0.827294
89140: 0.827285
89141: 0.827287
89142: 0.827289
89143: 0.827291
89144: 0.827293
89145: 0.827295
89146: 0.827296
89147: 0.827298
89148: 0.8273
89149: 0.827302
89150: 0.827304
89151: 0.827306
89152: 0.827308
89153: 0.82731
89154: 0.827312
89155: 0.827314
89156: 0.827316
89157: 0.827318
89158: 0.82732
89159: 0.827322
89160: 0.827312
89161: 0.827314
89162: 0.827316
89163: 0.827318
89164: 0.82732
89165: 0.827322
89166: 0.827313
89167: 0.827304
89168: 0.827294
89169: 0.827285
89170: 0.827287
89171: 0.827278
89172: 0.82728
89173: 0.827281
89174: 0.827283
89175: 0.827285
89176: 0.827287
89177: 0.827289
89178: 0.827291
89179: 0.827293
89180: 0.827295
89181: 0.827286
89182: 0.827288
89183: 0.827278
89184: 0.827269
89185: 0.827271
89186: 0.827273
89187: 0.827275
89188: 0.827266
89189: 0.827268
89190: 0.827258
89191: 0.82726
89192: 0.827262
89193: 0.827264
89194: 0.827266
89195: 0.827268
89196: 0.82727
89197: 0.827272
89198: 0.827274
89199: 0.827276
89200: 0.827278
89201: 0.82728
89202: 0.827282
89203: 0.827284
89204: 0.827285
89205: 0.827287
89206: 0.827278
89207: 0.827269
89208: 0.827271
89209: 0.827262
89210: 0.827252
89211: 0.827254
89212: 0.827245
89213: 0.827236
89214: 0.827238
89215: 0.82724
89216: 0.82723
89217: 0.827221
89218: 0.827212
89219: 0.827214
89220: 0.827204
89221: 0.827206
89222: 0.827208
89223: 0.82721
89224: 0.827212
89225: 0.827203
89226: 0.827194
89227: 0.827184
89228: 0.827175
89229: 0.827177
89230: 0.827179
89231: 0.827181
89232: 0.827183
89233: 0.827185
89234: 0.827187
89235: 0.827177
89236: 0.827179
89237: 0.827181
89238: 0.827183
89239: 0.827174
89240: 0.827165
89241: 0.827167
89242: 0.827157
89243: 0.827159
89244: 0.827161
89245: 0.827163
89246: 0.827165
89247: 0.827167
89248: 0.827169
89249: 0.827171
89250: 0.827173
89251: 0.827175
89252: 0.827177
89253: 0.827179
89254: 0.827169
89255: 0.82716
89256: 0.827162
89257: 0.827164
89258: 0.827166
89259: 0.827168
89260: 0.827159
89261: 0.82716
89262: 0.827162
89263: 0.827164
89264: 0.827166
89265: 0.827168
89266: 0.82717
89267: 0.827172
89268: 0.827174
89269: 0.827165
89270: 0.827167
89271: 0.827169
89272: 0.827171
89273: 0.827173
89274: 0.827174
89275: 0.827176
89276: 0.827167
89277: 0.827169
89278: 0.827171
89279: 0.827173
89280: 0.827175
89281: 0.827177
89282: 0.827168
89283: 0.827169
89284: 0.827171
89285: 0.827173
89286: 0.827175
89287: 0.827177
89288: 0.827179
89289: 0.827181
89290: 0.827183
89291: 0.827185
89292: 0.827187
89293: 0.827189
89294: 0.827191
89295: 0.827193
89296: 0.827195
89297: 0.827197
89298: 0.827199
89299: 0.8272
89300: 0.827202
89301: 0.827204
89302: 0.827206
89303: 0.827208
89304: 0.82721
89305: 0.827212
89306: 0.827203
89307: 0.827205
89308: 0.827195
89309: 0.827186
89310: 0.827188
89311: 0.82719
89312: 0.827181
89313: 0.827183
89314: 0.827185
89315: 0.827175
89316: 0.827177
89317: 0.827179
89318: 0.827181
89319: 0.827183
89320: 0.827185
89321: 0.827187
89322: 0.827189
89323: 0.827191
89324: 0.827193
89325: 0.827184
89326: 0.827174
89327: 0.827176
89328: 0.827178
89329: 0.82718
89330: 0.827182
89331: 0.827184
89332: 0.827186
89333: 0.827188
89334: 0.82719
89335: 0.827192
89336: 0.827194
89337: 0.827196
89338: 0.827198
89339: 0.827199
89340: 0.827201
89341: 0.827192
89342: 0.827183
89343: 0.827185
89344: 0.827176
89345: 0.827166
89346: 0.827157
89347: 0.827159
89348: 0.827161
89349: 0.827163
89350: 0.827165
89351: 0.827167
89352: 0.827169
89353: 0.827171
89354: 0.827173
89355: 0.827174
89356: 0.827176
89357: 0.827167
89358: 0.827169
89359: 0.827171
89360: 0.827173
89361: 0.827175
89362: 0.827177
89363: 0.827179
89364: 0.827169
89365: 0.82716
89366: 0.827162
89367: 0.827164
89368: 0.827166
89369: 0.827168
89370: 0.82717
89371: 0.827172
89372: 0.827174
89373: 0.827164
89374: 0.827155
89375: 0.827157
89376: 0.827159
89377: 0.827161
89378: 0.827163
89379: 0.827165
89380: 0.827167
89381: 0.827169
89382: 0.827171
89383: 0.827173
89384: 0.827175
89385: 0.827177
89386: 0.827178
89387: 0.82718
89388: 0.827182
89389: 0.827184
89390: 0.827186
89391: 0.827188
89392: 0.82719
89393: 0.827181
89394: 0.827183
89395: 0.827173
89396: 0.827164
89397: 0.827166
89398: 0.827168
89399: 0.82717
89400: 0.827161
89401: 0.827152
89402: 0.827153
89403: 0.827155
89404: 0.827157
89405: 0.827159
89406: 0.827161
89407: 0.827163
89408: 0.827165
89409: 0.827167
89410: 0.827169
89411: 0.827171
89412: 0.827173
89413: 0.827175
89414: 0.827177
89415: 0.827179
89416: 0.827181
89417: 0.827182
89418: 0.827173
89419: 0.827164
89420: 0.827155
89421: 0.827145
89422: 0.827147
89423: 0.827149
89424: 0.827151
89425: 0.827142
89426: 0.827144
89427: 0.827146
89428: 0.827148
89429: 0.82715
89430: 0.827152
89431: 0.827154
89432: 0.827156
89433: 0.827146
89434: 0.827148
89435: 0.82715
89436: 0.827152
89437: 0.827154
89438: 0.827156
89439: 0.827158
89440: 0.82716
89441: 0.827162
89442: 0.827164
89443: 0.827166
89444: 0.827168
89445: 0.827169
89446: 0.82716
89447: 0.827151
89448: 0.827153
89449: 0.827144
89450: 0.827134
89451: 0.827125
89452: 0.827116
89453: 0.827107
89454: 0.827097
89455: 0.827088
89456: 0.827079
89457: 0.827081
89458: 0.827083
89459: 0.827085
89460: 0.827087
89461: 0.827089
89462: 0.827091
89463: 0.827092
89464: 0.827094
89465: 0.827096
89466: 0.827098
89467: 0.8271
89468: 0.827102
89469: 0.827093
89470: 0.827095
89471: 0.827097
89472: 0.827088
89473: 0.827089
89474: 0.827091
89475: 0.827093
89476: 0.827095
89477: 0.827086
89478: 0.827077
89479: 0.827079
89480: 0.827081
89481: 0.827083
89482: 0.827084
89483: 0.827086
89484: 0.827088
89485: 0.82709
89486: 0.827092
89487: 0.827094
89488: 0.827096
89489: 0.827098
89490: 0.8271
89491: 0.827102
89492: 0.827104
89493: 0.827106
89494: 0.827108
89495: 0.82711
89496: 0.827112
89497: 0.827113
89498: 0.827115
89499: 0.827117
89500: 0.827119
89501: 0.827121
89502: 0.827112
89503: 0.827103
89504: 0.827105
89505: 0.827107
89506: 0.827108
89507: 0.82711
89508: 0.827112
89509: 0.827114
89510: 0.827116
89511: 0.827118
89512: 0.82712
89513: 0.827111
89514: 0.827113
89515: 0.827104
89516: 0.827105
89517: 0.827107
89518: 0.827109
89519: 0.827111
89520: 0.827113
89521: 0.827115
89522: 0.827117
89523: 0.827119
89524: 0.827121
89525: 0.827123
89526: 0.827125
89527: 0.827127
89528: 0.827129
89529: 0.827131
89530: 0.827133
89531: 0.827134
89532: 0.827136
89533: 0.827138
89534: 0.82714
89535: 0.827142
89536: 0.827144
89537: 0.827135
89538: 0.827137
89539: 0.827139
89540: 0.827141
89541: 0.827143
89542: 0.827145
89543: 0.827146
89544: 0.827148
89545: 0.82715
89546: 0.827152
89547: 0.827154
89548: 0.827156
89549: 0.827158
89550: 0.82716
89551: 0.827162
89552: 0.827164
89553: 0.827166
89554: 0.827168
89555: 0.82717
89556: 0.827172
89557: 0.827173
89558: 0.827175
89559: 0.827177
89560: 0.827179
89561: 0.827181
89562: 0.827183
89563: 0.827185
89564: 0.827187
89565: 0.827189
89566: 0.827191
89567: 0.827182
89568: 0.827184
89569: 0.827185
89570: 0.827187
89571: 0.827189
89572: 0.827191
89573: 0.827193
89574: 0.827195
89575: 0.827197
89576: 0.827199
89577: 0.827201
89578: 0.827203
89579: 0.827205
89580: 0.827207
89581: 0.827209
89582: 0.827211
89583: 0.827201
89584: 0.827203
89585: 0.827205
89586: 0.827207
89587: 0.827209
89588: 0.8272
89589: 0.827202
89590: 0.827204
89591: 0.827206
89592: 0.827196
89593: 0.827187
89594: 0.827189
89595: 0.827191
89596: 0.827193
89597: 0.827195
89598: 0.827186
89599: 0.827176
89600: 0.827167
89601: 0.827169
89602: 0.827171
89603: 0.827173
89604: 0.827175
89605: 0.827177
89606: 0.827179
89607: 0.827181
89608: 0.827183
89609: 0.827184
89610: 0.827186
89611: 0.827177
89612: 0.827168
89613: 0.82717
89614: 0.827172
89615: 0.827174
89616: 0.827176
89617: 0.827178
89618: 0.82718
89619: 0.827181
89620: 0.827183
89621: 0.827185
89622: 0.827187
89623: 0.827189
89624: 0.827191
89625: 0.827193
89626: 0.827195
89627: 0.827197
89628: 0.827199
89629: 0.827201
89630: 0.827203
89631: 0.827205
89632: 0.827206
89633: 0.827208
89634: 0.82721
89635: 0.827212
89636: 0.827214
89637: 0.827216
89638: 0.827218
89639: 0.82722
89640: 0.827222
89641: 0.827224
89642: 0.827226
89643: 0.827228
89644: 0.82723
89645: 0.827232
89646: 0.827233
89647: 0.827224
89648: 0.827226
89649: 0.827228
89650: 0.82723
89651: 0.827232
89652: 0.827234
89653: 0.827236
89654: 0.827238
89655: 0.827229
89656: 0.82723
89657: 0.827232
89658: 0.827234
89659: 0.827236
89660: 0.827238
89661: 0.82724
89662: 0.827242
89663: 0.827233
89664: 0.827235
89665: 0.827237
89666: 0.827239
89667: 0.82724
89668: 0.827242
89669: 0.827244
89670: 0.827246
89671: 0.827248
89672: 0.82725
89673: 0.827252
89674: 0.827254
89675: 0.827256
89676: 0.827258
89677: 0.82726
89678: 0.827262
89679: 0.827252
89680: 0.827254
89681: 0.827256
89682: 0.827258
89683: 0.827249
89684: 0.827251
89685: 0.827253
89686: 0.827244
89687: 0.827246
89688: 0.827236
89689: 0.827227
89690: 0.827229
89691: 0.827231
89692: 0.827233
89693: 0.827235
89694: 0.827237
89695: 0.827239
89696: 0.827241
89697: 0.827243
89698: 0.827244
89699: 0.827246
89700: 0.827248
89701: 0.82725
89702: 0.827252
89703: 0.827254
89704: 0.827256
89705: 0.827247
89706: 0.827249
89707: 0.827251
89708: 0.827253
89709: 0.827254
89710: 0.827245
89711: 0.827236
89712: 0.827227
89713: 0.827229
89714: 0.827231
89715: 0.827233
89716: 0.827235
89717: 0.827236
89718: 0.827238
89719: 0.82724
89720: 0.827242
89721: 0.827244
89722: 0.827246
89723: 0.827248
89724: 0.827239
89725: 0.827241
89726: 0.827243
89727: 0.827245
89728: 0.827246
89729: 0.827248
89730: 0.82725
89731: 0.827241
89732: 0.827243
89733: 0.827245
89734: 0.827247
89735: 0.827249
89736: 0.827251
89737: 0.827253
89738: 0.827255
89739: 0.827257
89740: 0.827258
89741: 0.82726
89742: 0.827262
89743: 0.827264
89744: 0.827266
89745: 0.827257
89746: 0.827259
89747: 0.827261
89748: 0.827263
89749: 0.827265
89750: 0.827267
89751: 0.827268
89752: 0.82727
89753: 0.827272
89754: 0.827274
89755: 0.827276
89756: 0.827267
89757: 0.827269
89758: 0.827271
89759: 0.827273
89760: 0.827275
89761: 0.827277
89762: 0.827279
89763: 0.82728
89764: 0.827282
89765: 0.827284
89766: 0.827286
89767: 0.827288
89768: 0.82729
89769: 0.827292
89770: 0.827294
89771: 0.827296
89772: 0.827298
89773: 0.8273
89774: 0.82729
89775: 0.827292
89776: 0.827294
89777: 0.827296
89778: 0.827298
89779: 0.8273
89780: 0.827302
89781: 0.827304
89782: 0.827306
89783: 0.827308
89784: 0.82731
89785: 0.827312
89786: 0.827302
89787: 0.827304
89788: 0.827295
89789: 0.827297
89790: 0.827299
89791: 0.827301
89792: 0.827303
89793: 0.827305
89794: 0.827307
89795: 0.827309
89796: 0.82731
89797: 0.827312
89798: 0.827314
89799: 0.827316
89800: 0.827318
89801: 0.82732
89802: 0.827322
89803: 0.827324
89804: 0.827326
89805: 0.827328
89806: 0.82733
89807: 0.827332
89808: 0.827334
89809: 0.827335
89810: 0.827337
89811: 0.827339
89812: 0.827341
89813: 0.827343
89814: 0.827334
89815: 0.827336
89816: 0.827338
89817: 0.82734
89818: 0.827342
89819: 0.827344
89820: 0.827345
89821: 0.827347
89822: 0.827349
89823: 0.827351
89824: 0.827353
89825: 0.827355
89826: 0.827357
89827: 0.827359
89828: 0.827361
89829: 0.827363
89830: 0.827365
89831: 0.827367
89832: 0.827369
89833: 0.82737
89834: 0.827372
89835: 0.827374
89836: 0.827376
89837: 0.827378
89838: 0.82738
89839: 0.827371
89840: 0.827362
89841: 0.827352
89842: 0.827354
89843: 0.827345
89844: 0.827347
89845: 0.827349
89846: 0.827351
89847: 0.827353
89848: 0.827344
89849: 0.827334
89850: 0.827336
89851: 0.827338
89852: 0.82734
89853: 0.827342
89854: 0.827344
89855: 0.827346
89856: 0.827348
89857: 0.82735
89858: 0.827352
89859: 0.827354
89860: 0.827356
89861: 0.827346
89862: 0.827348
89863: 0.82735
89864: 0.827352
89865: 0.827354
89866: 0.827356
89867: 0.827358
89868: 0.82736
89869: 0.827362
89870: 0.827364
89871: 0.827366
89872: 0.827368
89873: 0.827369
89874: 0.82736
89875: 0.827351
89876: 0.827353
89877: 0.827355
89878: 0.827357
89879: 0.827359
89880: 0.827349
89881: 0.827351
89882: 0.827353
89883: 0.827344
89884: 0.827335
89885: 0.827337
89886: 0.827339
89887: 0.827341
89888: 0.827343
89889: 0.827345
89890: 0.827346
89891: 0.827348
89892: 0.82735
89893: 0.827352
89894: 0.827354
89895: 0.827356
89896: 0.827358
89897: 0.82736
89898: 0.827362
89899: 0.827364
89900: 0.827366
89901: 0.827368
89902: 0.827369
89903: 0.827371
89904: 0.827373
89905: 0.827375
89906: 0.827377
89907: 0.827379
89908: 0.827381
89909: 0.827383
89910: 0.827385
89911: 0.827387
89912: 0.827378
89913: 0.827379
89914: 0.827381
89915: 0.827372
89916: 0.827363
89917: 0.827365
89918: 0.827367
89919: 0.827369
89920: 0.827371
89921: 0.827373
89922: 0.827375
89923: 0.827376
89924: 0.827378
89925: 0.827369
89926: 0.827371
89927: 0.827373
89928: 0.827375
89929: 0.827377
89930: 0.827379
89931: 0.827381
89932: 0.827383
89933: 0.827385
89934: 0.827386
89935: 0.827388
89936: 0.82739
89937: 0.827392
89938: 0.827394
89939: 0.827396
89940: 0.827398
89941: 0.8274
89942: 0.827402
89943: 0.827404
89944: 0.827406
89945: 0.827408
89946: 0.827409
89947: 0.827411
89948: 0.827413
89949: 0.827415
89950: 0.827406
89951: 0.827397
89952: 0.827399
89953: 0.827401
89954: 0.827403
89955: 0.827405
89956: 0.827406
89957: 0.827408
89958: 0.82741
89959: 0.827412
89960: 0.827414
89961: 0.827416
89962: 0.827418
89963: 0.82742
89964: 0.827422
89965: 0.827424
89966: 0.827426
89967: 0.827416
89968: 0.827407
89969: 0.827409
89970: 0.827411
89971: 0.827413
89972: 0.827415
89973: 0.827417
89974: 0.827419
89975: 0.827421
89976: 0.827423
89977: 0.827424
89978: 0.827426
89979: 0.827428
89980: 0.82743
89981: 0.827432
89982: 0.827434
89983: 0.827436
89984: 0.827438
89985: 0.82744
89986: 0.827442
89987: 0.827444
89988: 0.827446
89989: 0.827436
89990: 0.827438
89991: 0.82744
89992: 0.827442
89993: 0.827444
89994: 0.827446
89995: 0.827448
89996: 0.82745
89997: 0.827452
89998: 0.827454
89999: 0.827456
90000: 0.827457
90001: 0.827459
90002: 0.827461
90003: 0.827452
90004: 0.827454
90005: 0.827456
90006: 0.827458
90007: 0.82746
90008: 0.827462
90009: 0.827464
90010: 0.827466
90011: 0.827467
90012: 0.827469
90013: 0.827471
90014: 0.827473
90015: 0.827475
90016: 0.827466
90017: 0.827468
90018: 0.82747
90019: 0.827472
90020: 0.827474
90021: 0.827464
90022: 0.827466
90023: 0.827468
90024: 0.827459
90025: 0.82745
90026: 0.827452
90027: 0.827443
90028: 0.827444
90029: 0.827435
90030: 0.827426
90031: 0.827428
90032: 0.82743
90033: 0.827432
90034: 0.827434
90035: 0.827436
90036: 0.827438
90037: 0.82744
90038: 0.827441
90039: 0.827443
90040: 0.827445
90041: 0.827447
90042: 0.827449
90043: 0.827451
90044: 0.827453
90045: 0.827455
90046: 0.827446
90047: 0.827436
90048: 0.827438
90049: 0.82744
90050: 0.827442
90051: 0.827444
90052: 0.827446
90053: 0.827448
90054: 0.82745
90055: 0.827452
90056: 0.827454
90057: 0.827456
90058: 0.827458
90059: 0.827459
90060: 0.827461
90061: 0.827452
90062: 0.827443
90063: 0.827445
90064: 0.827447
90065: 0.827449
90066: 0.827451
90067: 0.827453
90068: 0.827455
90069: 0.827456
90070: 0.827458
90071: 0.82746
90072: 0.827462
90073: 0.827464
90074: 0.827466
90075: 0.827468
90076: 0.82747
90077: 0.827472
90078: 0.827474
90079: 0.827476
90080: 0.827477
90081: 0.827479
90082: 0.827481
90083: 0.827483
90084: 0.827485
90085: 0.827487
90086: 0.827478
90087: 0.82748
90088: 0.827482
90089: 0.827484
90090: 0.827486
90091: 0.827487
90092: 0.827489
90093: 0.827491
90094: 0.827493
90095: 0.827495
90096: 0.827497
90097: 0.827499
90098: 0.827501
90099: 0.827503
90100: 0.827494
90101: 0.827484
90102: 0.827475
90103: 0.827477
90104: 0.827479
90105: 0.827481
90106: 0.827483
90107: 0.827485
90108: 0.827487
90109: 0.827489
90110: 0.827479
90111: 0.82747
90112: 0.827461
90113: 0.827463
90114: 0.827465
90115: 0.827467
90116: 0.827469
90117: 0.82746
90118: 0.82745
90119: 0.827452
90120: 0.827454
90121: 0.827456
90122: 0.827458
90123: 0.82746
90124: 0.827451
90125: 0.827453
90126: 0.827455
90127: 0.827445
90128: 0.827447
90129: 0.827449
90130: 0.82744
90131: 0.827431
90132: 0.827433
90133: 0.827435
90134: 0.827437
90135: 0.827439
90136: 0.82744
90137: 0.827431
90138: 0.827433
90139: 0.827435
90140: 0.827437
90141: 0.827439
90142: 0.827441
90143: 0.827443
90144: 0.827445
90145: 0.827447
90146: 0.827449
90147: 0.82745
90148: 0.827452
90149: 0.827454
90150: 0.827456
90151: 0.827458
90152: 0.82746
90153: 0.827462
90154: 0.827464
90155: 0.827466
90156: 0.827468
90157: 0.82747
90158: 0.827471
90159: 0.827473
90160: 0.827464
90161: 0.827455
90162: 0.827457
90163: 0.827459
90164: 0.827461
90165: 0.827463
90166: 0.827465
90167: 0.827467
90168: 0.827457
90169: 0.827459
90170: 0.827461
90171: 0.827463
90172: 0.827465
90173: 0.827467
90174: 0.827469
90175: 0.827471
90176: 0.827473
90177: 0.827475
90178: 0.827465
90179: 0.827456
90180: 0.827458
90181: 0.82746
90182: 0.827462
90183: 0.827464
90184: 0.827466
90185: 0.827468
90186: 0.82747
90187: 0.82746
90188: 0.827451
90189: 0.827442
90190: 0.827444
90191: 0.827446
90192: 0.827448
90193: 0.827439
90194: 0.827429
90195: 0.827431
90196: 0.827433
90197: 0.827435
90198: 0.827437
90199: 0.827439
90200: 0.827441
90201: 0.827443
90202: 0.827445
90203: 0.827447
90204: 0.827449
90205: 0.827439
90206: 0.827441
90207: 0.827443
90208: 0.827445
90209: 0.827447
90210: 0.827438
90211: 0.82744
90212: 0.827442
90213: 0.827433
90214: 0.827434
90215: 0.827436
90216: 0.827438
90217: 0.82744
90218: 0.827442
90219: 0.827444
90220: 0.827435
90221: 0.827437
90222: 0.827439
90223: 0.827441
90224: 0.827443
90225: 0.827444
90226: 0.827446
90227: 0.827448
90228: 0.82745
90229: 0.827452
90230: 0.827454
90231: 0.827456
90232: 0.827458
90233: 0.82746
90234: 0.827462
90235: 0.827452
90236: 0.827443
90237: 0.827434
90238: 0.827436
90239: 0.827438
90240: 0.82744
90241: 0.827442
90242: 0.827444
90243: 0.827446
90244: 0.827448
90245: 0.827449
90246: 0.827451
90247: 0.827453
90248: 0.827455
90249: 0.827457
90250: 0.827459
90251: 0.827461
90252: 0.827463
90253: 0.827465
90254: 0.827467
90255: 0.827469
90256: 0.827459
90257: 0.82745
90258: 0.827452
90259: 0.827454
90260: 0.827445
90261: 0.827447
90262: 0.827449
90263: 0.827451
90264: 0.827453
90265: 0.827454
90266: 0.827456
90267: 0.827458
90268: 0.82746
90269: 0.827462
90270: 0.827464
90271: 0.827466
90272: 0.827457
90273: 0.827459
90274: 0.827461
90275: 0.827462
90276: 0.827464
90277: 0.827466
90278: 0.827468
90279: 0.82747
90280: 0.827472
90281: 0.827474
90282: 0.827476
90283: 0.827478
90284: 0.82748
90285: 0.827482
90286: 0.827483
90287: 0.827485
90288: 0.827487
90289: 0.827478
90290: 0.82748
90291: 0.827482
90292: 0.827484
90293: 0.827486
90294: 0.827488
90295: 0.82749
90296: 0.827492
90297: 0.827493
90298: 0.827495
90299: 0.827497
90300: 0.827499
90301: 0.827501
90302: 0.827503
90303: 0.827505
90304: 0.827507
90305: 0.827509
90306: 0.827511
90307: 0.827501
90308: 0.827503
90309: 0.827505
90310: 0.827507
90311: 0.827509
90312: 0.827511
90313: 0.827513
90314: 0.827515
90315: 0.827517
90316: 0.827519
90317: 0.827521
90318: 0.827522
90319: 0.827524
90320: 0.827526
90321: 0.827517
90322: 0.827508
90323: 0.82751
90324: 0.827512
90325: 0.827514
90326: 0.827516
90327: 0.827517
90328: 0.827519
90329: 0.827521
90330: 0.827523
90331: 0.827525
90332: 0.827527
90333: 0.827518
90334: 0.82752
90335: 0.827522
90336: 0.827524
90337: 0.827514
90338: 0.827516
90339: 0.827518
90340: 0.82752
90341: 0.827522
90342: 0.827524
90343: 0.827526
90344: 0.827528
90345: 0.82753
90346: 0.827532
90347: 0.827534
90348: 0.827535
90349: 0.827537
90350: 0.827539
90351: 0.82753
90352: 0.827521
90353: 0.827512
90354: 0.827503
90355: 0.827505
90356: 0.827495
90357: 0.827486
90358: 0.827477
90359: 0.827468
90360: 0.827459
90361: 0.827461
90362: 0.827463
90363: 0.827464
90364: 0.827466
90365: 0.827468
90366: 0.827459
90367: 0.82745
90368: 0.827441
90369: 0.827443
90370: 0.827445
90371: 0.827447
90372: 0.827448
90373: 0.82745
90374: 0.827452
90375: 0.827443
90376: 0.827434
90377: 0.827425
90378: 0.827416
90379: 0.827407
90380: 0.827408
90381: 0.82741
90382: 0.827412
90383: 0.827403
90384: 0.827405
90385: 0.827407
90386: 0.827398
90387: 0.827389
90388: 0.827379
90389: 0.827381
90390: 0.827383
90391: 0.827385
90392: 0.827387
90393: 0.827378
90394: 0.82738
90395: 0.827382
90396: 0.827384
90397: 0.827386
90398: 0.827387
90399: 0.827389
90400: 0.827391
90401: 0.827393
90402: 0.827395
90403: 0.827397
90404: 0.827399
90405: 0.827401
90406: 0.827403
90407: 0.827405
90408: 0.827407
90409: 0.827408
90410: 0.82741
90411: 0.827412
90412: 0.827414
90413: 0.827416
90414: 0.827418
90415: 0.82742
90416: 0.827422
90417: 0.827424
90418: 0.827426
90419: 0.827428
90420: 0.827418
90421: 0.827409
90422: 0.827411
90423: 0.827413
90424: 0.827415
90425: 0.827406
90426: 0.827408
90427: 0.82741
90428: 0.827412
90429: 0.827413
90430: 0.827415
90431: 0.827417
90432: 0.827419
90433: 0.827421
90434: 0.827423
90435: 0.827425
90436: 0.827427
90437: 0.827429
90438: 0.82742
90439: 0.827421
90440: 0.827423
90441: 0.827425
90442: 0.827427
90443: 0.827429
90444: 0.827431
90445: 0.827433
90446: 0.827435
90447: 0.827437
90448: 0.827439
90449: 0.827441
90450: 0.827442
90451: 0.827444
90452: 0.827446
90453: 0.827448
90454: 0.82745
90455: 0.827441
90456: 0.827443
90457: 0.827445
90458: 0.827447
90459: 0.827449
90460: 0.827451
90461: 0.827452
90462: 0.827454
90463: 0.827445
90464: 0.827436
90465: 0.827427
90466: 0.827418
90467: 0.82742
90468: 0.827422
90469: 0.827423
90470: 0.827414
90471: 0.827405
90472: 0.827407
90473: 0.827398
90474: 0.827389
90475: 0.827391
90476: 0.827393
90477: 0.827395
90478: 0.827396
90479: 0.827398
90480: 0.8274
90481: 0.827391
90482: 0.827393
90483: 0.827395
90484: 0.827397
90485: 0.827399
90486: 0.827401
90487: 0.827403
90488: 0.827404
90489: 0.827406
90490: 0.827397
90491: 0.827399
90492: 0.827401
90493: 0.827403
90494: 0.827405
90495: 0.827407
90496: 0.827409
90497: 0.8274
90498: 0.82739
90499: 0.827392
90500: 0.827394
90501: 0.827396
90502: 0.827398
90503: 0.8274
90504: 0.827402
90505: 0.827404
90506: 0.827406
90507: 0.827408
90508: 0.827409
90509: 0.827411
90510: 0.827413
90511: 0.827415
90512: 0.827417
90513: 0.827419
90514: 0.827421
90515: 0.827423
90516: 0.827425
90517: 0.827427
90518: 0.827428
90519: 0.82743
90520: 0.827432
90521: 0.827434
90522: 0.827436
90523: 0.827438
90524: 0.827429
90525: 0.82742
90526: 0.827411
90527: 0.827413
90528: 0.827403
90529: 0.827394
90530: 0.827385
90531: 0.827387
90532: 0.827389
90533: 0.82738
90534: 0.827382
90535: 0.827384
90536: 0.827385
90537: 0.827387
90538: 0.827389
90539: 0.827391
90540: 0.827393
90541: 0.827395
90542: 0.827397
90543: 0.827388
90544: 0.82739
90545: 0.827392
90546: 0.827394
90547: 0.827395
90548: 0.827397
90549: 0.827399
90550: 0.827401
90551: 0.827403
90552: 0.827394
90553: 0.827385
90554: 0.827387
90555: 0.827389
90556: 0.82739
90557: 0.827392
90558: 0.827394
90559: 0.827396
90560: 0.827398
90561: 0.8274
90562: 0.827402
90563: 0.827393
90564: 0.827384
90565: 0.827375
90566: 0.827376
90567: 0.827378
90568: 0.82738
90569: 0.827382
90570: 0.827384
90571: 0.827386
90572: 0.827388
90573: 0.82739
90574: 0.827392
90575: 0.827394
90576: 0.827395
90577: 0.827397
90578: 0.827399
90579: 0.827401
90580: 0.827392
90581: 0.827394
90582: 0.827396
90583: 0.827398
90584: 0.8274
90585: 0.827391
90586: 0.827392
90587: 0.827394
90588: 0.827396
90589: 0.827398
90590: 0.8274
90591: 0.827391
90592: 0.827393
90593: 0.827395
90594: 0.827397
90595: 0.827399
90596: 0.827389
90597: 0.827391
90598: 0.827393
90599: 0.827395
90600: 0.827397
90601: 0.827399
90602: 0.827401
90603: 0.827403
90604: 0.827394
90605: 0.827396
90606: 0.827397
90607: 0.827399
90608: 0.82739
90609: 0.827381
90610: 0.827383
90611: 0.827385
90612: 0.827387
90613: 0.827389
90614: 0.827391
90615: 0.827393
90616: 0.827394
90617: 0.827385
90618: 0.827376
90619: 0.827367
90620: 0.827369
90621: 0.827371
90622: 0.827373
90623: 0.827375
90624: 0.827377
90625: 0.827378
90626: 0.82738
90627: 0.827382
90628: 0.827373
90629: 0.827364
90630: 0.827366
90631: 0.827368
90632: 0.82737
90633: 0.827372
90634: 0.827374
90635: 0.827375
90636: 0.827377
90637: 0.827379
90638: 0.827381
90639: 0.827383
90640: 0.827385
90641: 0.827387
90642: 0.827378
90643: 0.82738
90644: 0.827382
90645: 0.827383
90646: 0.827385
90647: 0.827387
90648: 0.827389
90649: 0.827391
90650: 0.827393
90651: 0.827395
90652: 0.827397
90653: 0.827399
90654: 0.827401
90655: 0.827391
90656: 0.827393
90657: 0.827395
90658: 0.827397
90659: 0.827388
90660: 0.82739
90661: 0.827392
90662: 0.827383
90663: 0.827374
90664: 0.827364
90665: 0.827355
90666: 0.827357
90667: 0.827359
90668: 0.827361
90669: 0.827363
90670: 0.827365
90671: 0.827367
90672: 0.827369
90673: 0.827371
90674: 0.827372
90675: 0.827374
90676: 0.827376
90677: 0.827378
90678: 0.82738
90679: 0.827382
90680: 0.827384
90681: 0.827386
90682: 0.827388
90683: 0.82739
90684: 0.827392
90685: 0.827393
90686: 0.827395
90687: 0.827397
90688: 0.827399
90689: 0.827401
90690: 0.827403
90691: 0.827405
90692: 0.827407
90693: 0.827409
90694: 0.827411
90695: 0.827401
90696: 0.827403
90697: 0.827394
90698: 0.827396
90699: 0.827398
90700: 0.8274
90701: 0.827402
90702: 0.827404
90703: 0.827406
90704: 0.827397
90705: 0.827398
90706: 0.8274
90707: 0.827402
90708: 0.827404
90709: 0.827406
90710: 0.827408
90711: 0.82741
90712: 0.827412
90713: 0.827403
90714: 0.827405
90715: 0.827406
90716: 0.827408
90717: 0.82741
90718: 0.827412
90719: 0.827414
90720: 0.827405
90721: 0.827407
90722: 0.827409
90723: 0.827411
90724: 0.827413
90725: 0.827414
90726: 0.827416
90727: 0.827418
90728: 0.82742
90729: 0.827422
90730: 0.827424
90731: 0.827426
90732: 0.827428
90733: 0.82743
90734: 0.827432
90735: 0.827433
90736: 0.827435
90737: 0.827437
90738: 0.827428
90739: 0.827419
90740: 0.82741
90741: 0.827401
90742: 0.827403
90743: 0.827405
90744: 0.827395
90745: 0.827397
90746: 0.827399
90747: 0.827401
90748: 0.827403
90749: 0.827405
90750: 0.827407
90751: 0.827409
90752: 0.827411
90753: 0.827413
90754: 0.827414
90755: 0.827416
90756: 0.827418
90757: 0.82742
90758: 0.827422
90759: 0.827424
90760: 0.827426
90761: 0.827428
90762: 0.82743
90763: 0.827432
90764: 0.827433
90765: 0.827435
90766: 0.827437
90767: 0.827439
90768: 0.827441
90769: 0.827443
90770: 0.827445
90771: 0.827447
90772: 0.827449
90773: 0.827451
90774: 0.827452
90775: 0.827454
90776: 0.827456
90777: 0.827458
90778: 0.827449
90779: 0.827451
90780: 0.827453
90781: 0.827455
90782: 0.827457
90783: 0.827459
90784: 0.82746
90785: 0.827462
90786: 0.827464
90787: 0.827466
90788: 0.827468
90789: 0.82747
90790: 0.827472
90791: 0.827474
90792: 0.827476
90793: 0.827478
90794: 0.827479
90795: 0.827481
90796: 0.827483
90797: 0.827485
90798: 0.827487
90799: 0.827489
90800: 0.827491
90801: 0.827482
90802: 0.827484
90803: 0.827486
90804: 0.827487
90805: 0.827489
90806: 0.827491
90807: 0.827493
90808: 0.827495
90809: 0.827497
90810: 0.827499
90811: 0.827501
90812: 0.827503
90813: 0.827505
90814: 0.827506
90815: 0.827497
90816: 0.827499
90817: 0.827501
90818: 0.827503
90819: 0.827505
90820: 0.827507
90821: 0.827509
90822: 0.827511
90823: 0.827513
90824: 0.827514
90825: 0.827516
90826: 0.827518
90827: 0.82752
90828: 0.827522
90829: 0.827513
90830: 0.827515
90831: 0.827517
90832: 0.827519
90833: 0.827521
90834: 0.827522
90835: 0.827524
90836: 0.827526
90837: 0.827528
90838: 0.82753
90839: 0.827532
90840: 0.827534
90841: 0.827536
90842: 0.827538
90843: 0.82754
90844: 0.82753
90845: 0.827521
90846: 0.827523
90847: 0.827525
90848: 0.827527
90849: 0.827529
90850: 0.827531
90851: 0.827522
90852: 0.827524
90853: 0.827514
90854: 0.827516
90855: 0.827518
90856: 0.82752
90857: 0.827522
90858: 0.827524
90859: 0.827515
90860: 0.827506
90861: 0.827508
90862: 0.82751
90863: 0.827511
90864: 0.827502
90865: 0.827504
90866: 0.827506
90867: 0.827508
90868: 0.82751
90869: 0.827512
90870: 0.827514
90871: 0.827505
90872: 0.827507
90873: 0.827508
90874: 0.82751
90875: 0.827501
90876: 0.827492
90877: 0.827483
90878: 0.827485
90879: 0.827487
90880: 0.827489
90881: 0.827491
90882: 0.827492
90883: 0.827494
90884: 0.827496
90885: 0.827498
90886: 0.827489
90887: 0.827491
90888: 0.827493
90889: 0.827495
90890: 0.827497
90891: 0.827499
90892: 0.8275
90893: 0.827491
90894: 0.827482
90895: 0.827473
90896: 0.827475
90897: 0.827477
90898: 0.827479
90899: 0.827481
90900: 0.827483
90901: 0.827485
90902: 0.827486
90903: 0.827477
90904: 0.827468
90905: 0.82747
90906: 0.827472
90907: 0.827463
90908: 0.827465
90909: 0.827467
90910: 0.827469
90911: 0.827471
90912: 0.827461
90913: 0.827463
90914: 0.827465
90915: 0.827456
90916: 0.827458
90917: 0.82746
90918: 0.827462
90919: 0.827464
90920: 0.827466
90921: 0.827467
90922: 0.827469
90923: 0.827471
90924: 0.827473
90925: 0.827475
90926: 0.827477
90927: 0.827479
90928: 0.827481
90929: 0.827483
90930: 0.827485
90931: 0.827486
90932: 0.827488
90933: 0.82749
90934: 0.827492
90935: 0.827494
90936: 0.827496
90937: 0.827487
90938: 0.827478
90939: 0.82748
90940: 0.827482
90941: 0.827483
90942: 0.827485
90943: 0.827487
90944: 0.827489
90945: 0.827491
90946: 0.827493
90947: 0.827495
90948: 0.827497
90949: 0.827499
90950: 0.827501
90951: 0.827502
90952: 0.827504
90953: 0.827506
90954: 0.827508
90955: 0.82751
90956: 0.827512
90957: 0.827514
90958: 0.827505
90959: 0.827496
90960: 0.827497
90961: 0.827499
90962: 0.827501
90963: 0.827503
90964: 0.827494
90965: 0.827496
90966: 0.827498
90967: 0.8275
90968: 0.827502
90969: 0.827504
90970: 0.827505
90971: 0.827496
90972: 0.827498
90973: 0.8275
90974: 0.827502
90975: 0.827504
90976: 0.827506
90977: 0.827508
90978: 0.82751
90979: 0.827512
90980: 0.827513
90981: 0.827515
90982: 0.827517
90983: 0.827519
90984: 0.827521
90985: 0.827523
90986: 0.827525
90987: 0.827527
90988: 0.827529
90989: 0.82753
90990: 0.827532
90991: 0.827534
90992: 0.827536
90993: 0.827538
90994: 0.82754
90995: 0.827542
90996: 0.827544
90997: 0.827546
90998: 0.827548
90999: 0.827549
91000: 0.827551
91001: 0.827542
91002: 0.827544
91003: 0.827546
91004: 0.827548
91005: 0.82755
91006: 0.827552
91007: 0.827554
91008: 0.827556
91009: 0.827557
91010: 0.827559
91011: 0.827561
91012: 0.827563
91013: 0.827565
91014: 0.827567
91015: 0.827569
91016: 0.827571
91017: 0.827573
91018: 0.827574
91019: 0.827576
91020: 0.827567
91021: 0.827558
91022: 0.827549
91023: 0.827551
91024: 0.827553
91025: 0.827555
91026: 0.827557
91027: 0.827559
91028: 0.82756
91029: 0.827562
91030: 0.827564
91031: 0.827566
91032: 0.827568
91033: 0.82757
91034: 0.827561
91035: 0.827552
91036: 0.827543
91037: 0.827545
91038: 0.827546
91039: 0.827548
91040: 0.82755
91041: 0.827552
91042: 0.827543
91043: 0.827545
91044: 0.827547
91045: 0.827549
91046: 0.827551
91047: 0.827552
91048: 0.827543
91049: 0.827534
91050: 0.827536
91051: 0.827527
91052: 0.827529
91053: 0.827531
91054: 0.827533
91055: 0.827535
91056: 0.827537
91057: 0.827538
91058: 0.82754
91059: 0.827542
91060: 0.827544
91061: 0.827546
91062: 0.827548
91063: 0.82755
91064: 0.827541
91065: 0.827532
91066: 0.827523
91067: 0.827524
91068: 0.827526
91069: 0.827528
91070: 0.82753
91071: 0.827532
91072: 0.827534
91073: 0.827536
91074: 0.827527
91075: 0.827529
91076: 0.827531
91077: 0.827532
91078: 0.827534
91079: 0.827536
91080: 0.827538
91081: 0.82754
91082: 0.827542
91083: 0.827544
91084: 0.827546
91085: 0.827548
91086: 0.827549
91087: 0.827551
91088: 0.827553
91089: 0.827555
91090: 0.827557
91091: 0.827548
91092: 0.82755
91093: 0.827552
91094: 0.827554
91095: 0.827556
91096: 0.827557
91097: 0.827548
91098: 0.82755
91099: 0.827541
91100: 0.827543
91101: 0.827545
91102: 0.827536
91103: 0.827538
91104: 0.82754
91105: 0.827542
91106: 0.827532
91107: 0.827523
91108: 0.827525
91109: 0.827527
91110: 0.827529
91111: 0.827531
91112: 0.827533
91113: 0.827535
91114: 0.827537
91115: 0.827539
91116: 0.82754
91117: 0.827531
91118: 0.827533
91119: 0.827535
91120: 0.827526
91121: 0.827517
91122: 0.827519
91123: 0.827521
91124: 0.827523
91125: 0.827525
91126: 0.827526
91127: 0.827528
91128: 0.82753
91129: 0.827532
91130: 0.827534
91131: 0.827536
91132: 0.827538
91133: 0.82754
91134: 0.827542
91135: 0.827532
91136: 0.827534
91137: 0.827536
91138: 0.827538
91139: 0.82754
91140: 0.827542
91141: 0.827544
91142: 0.827546
91143: 0.827548
91144: 0.82755
91145: 0.827551
91146: 0.827553
91147: 0.827544
91148: 0.827546
91149: 0.827537
91150: 0.827528
91151: 0.827519
91152: 0.827521
91153: 0.827523
91154: 0.827514
91155: 0.827504
91156: 0.827495
91157: 0.827497
91158: 0.827499
91159: 0.827501
91160: 0.827492
91161: 0.827494
91162: 0.827485
91163: 0.827487
91164: 0.827489
91165: 0.82748
91166: 0.827481
91167: 0.827483
91168: 0.827485
91169: 0.827487
91170: 0.827489
91171: 0.827491
91172: 0.827493
91173: 0.827495
91174: 0.827486
91175: 0.827477
91176: 0.827478
91177: 0.82748
91178: 0.827482
91179: 0.827484
91180: 0.827486
91181: 0.827488
91182: 0.82749
91183: 0.827492
91184: 0.827494
91185: 0.827495
91186: 0.827497
91187: 0.827499
91188: 0.82749
91189: 0.827492
91190: 0.827494
91191: 0.827485
91192: 0.827487
91193: 0.827489
91194: 0.82748
91195: 0.827471
91196: 0.827461
91197: 0.827452
91198: 0.827443
91199: 0.827445
91200: 0.827447
91201: 0.827449
91202: 0.827451
91203: 0.827453
91204: 0.827455
91205: 0.827457
91206: 0.827458
91207: 0.82746
91208: 0.827462
91209: 0.827464
91210: 0.827466
91211: 0.827457
91212: 0.827459
91213: 0.827461
91214: 0.827463
91215: 0.827464
91216: 0.827466
91217: 0.827468
91218: 0.82747
91219: 0.827472
91220: 0.827474
91221: 0.827476
91222: 0.827478
91223: 0.82748
91224: 0.827482
91225: 0.827483
91226: 0.827485
91227: 0.827487
91228: 0.827489
91229: 0.827491
91230: 0.827493
91231: 0.827495
91232: 0.827497
91233: 0.827499
91234: 0.827489
91235: 0.827491
91236: 0.827493
91237: 0.827495
91238: 0.827497
91239: 0.827499
91240: 0.827501
91241: 0.827503
91242: 0.827494
91243: 0.827485
91244: 0.827486
91245: 0.827488
91246: 0.82749
91247: 0.827492
91248: 0.827494
91249: 0.827496
91250: 0.827498
91251: 0.8275
91252: 0.827502
91253: 0.827503
91254: 0.827505
91255: 0.827507
91256: 0.827509
91257: 0.827511
91258: 0.827513
91259: 0.827515
91260: 0.827517
91261: 0.827519
91262: 0.82752
91263: 0.827522
91264: 0.827524
91265: 0.827526
91266: 0.827528
91267: 0.82753
91268: 0.827532
91269: 0.827534
91270: 0.827536
91271: 0.827537
91272: 0.827539
91273: 0.827541
91274: 0.827543
91275: 0.827545
91276: 0.827536
91277: 0.827538
91278: 0.827529
91279: 0.82752
91280: 0.827522
91281: 0.827523
91282: 0.827525
91283: 0.827527
91284: 0.827529
91285: 0.827531
91286: 0.827533
91287: 0.827535
91288: 0.827537
91289: 0.827528
91290: 0.827519
91291: 0.82751
91292: 0.827511
91293: 0.827513
91294: 0.827504
91295: 0.827495
91296: 0.827497
91297: 0.827499
91298: 0.827501
91299: 0.827503
91300: 0.827494
91301: 0.827496
91302: 0.827497
91303: 0.827499
91304: 0.827501
91305: 0.827503
91306: 0.827505
91307: 0.827507
91308: 0.827498
91309: 0.827489
91310: 0.827491
91311: 0.827482
91312: 0.827483
91313: 0.827485
91314: 0.827487
91315: 0.827489
91316: 0.827491
91317: 0.827493
91318: 0.827495
91319: 0.827497
91320: 0.827499
91321: 0.8275
91322: 0.827491
91323: 0.827482
91324: 0.827473
91325: 0.827475
91326: 0.827466
91327: 0.827468
91328: 0.82747
91329: 0.827472
91330: 0.827474
91331: 0.827476
91332: 0.827477
91333: 0.827479
91334: 0.827481
91335: 0.827483
91336: 0.827485
91337: 0.827487
91338: 0.827489
91339: 0.827491
91340: 0.827493
91341: 0.827494
91342: 0.827496
91343: 0.827498
91344: 0.8275
91345: 0.827491
91346: 0.827493
91347: 0.827495
91348: 0.827486
91349: 0.827488
91350: 0.82749
91351: 0.827491
91352: 0.827493
91353: 0.827495
91354: 0.827497
91355: 0.827488
91356: 0.827479
91357: 0.82747
91358: 0.827461
91359: 0.827463
91360: 0.827465
91361: 0.827467
91362: 0.827468
91363: 0.82747
91364: 0.827472
91365: 0.827463
91366: 0.827454
91367: 0.827456
91368: 0.827447
91369: 0.827449
91370: 0.827451
91371: 0.827453
91372: 0.827454
91373: 0.827445
91374: 0.827447
91375: 0.827449
91376: 0.827451
91377: 0.827453
91378: 0.827455
91379: 0.827457
91380: 0.827459
91381: 0.827461
91382: 0.827462
91383: 0.827464
91384: 0.827455
91385: 0.827446
91386: 0.827448
91387: 0.82745
91388: 0.827452
91389: 0.827454
91390: 0.827456
91391: 0.827458
91392: 0.827459
91393: 0.827461
91394: 0.827452
91395: 0.827443
91396: 0.827445
91397: 0.827447
91398: 0.827449
91399: 0.827451
91400: 0.827453
91401: 0.827455
91402: 0.827456
91403: 0.827458
91404: 0.82746
91405: 0.827462
91406: 0.827453
91407: 0.827444
91408: 0.827446
91409: 0.827437
91410: 0.827428
91411: 0.827419
91412: 0.827421
91413: 0.827422
91414: 0.827424
91415: 0.827426
91416: 0.827428
91417: 0.82743
91418: 0.827432
91419: 0.827434
91420: 0.827436
91421: 0.827438
91422: 0.827439
91423: 0.827441
91424: 0.827443
91425: 0.827445
91426: 0.827447
91427: 0.827438
91428: 0.82744
91429: 0.827442
91430: 0.827444
91431: 0.827435
91432: 0.827426
91433: 0.827427
91434: 0.827429
91435: 0.827431
91436: 0.827433
91437: 0.827435
91438: 0.827426
91439: 0.827417
91440: 0.827419
91441: 0.827421
91442: 0.827423
91443: 0.827424
91444: 0.827426
91445: 0.827428
91446: 0.82743
91447: 0.827432
91448: 0.827423
91449: 0.827414
91450: 0.827416
91451: 0.827418
91452: 0.827409
91453: 0.827411
91454: 0.827412
91455: 0.827414
91456: 0.827416
91457: 0.827418
91458: 0.827409
91459: 0.827411
91460: 0.827413
91461: 0.827415
91462: 0.827417
91463: 0.827418
91464: 0.82742
91465: 0.827422
91466: 0.827424
91467: 0.827426
91468: 0.827428
91469: 0.82743
91470: 0.827421
91471: 0.827423
91472: 0.827424
91473: 0.827426
91474: 0.827428
91475: 0.82743
91476: 0.827432
91477: 0.827434
91478: 0.827436
91479: 0.827427
91480: 0.827418
91481: 0.82742
91482: 0.827421
91483: 0.827423
91484: 0.827425
91485: 0.827427
91486: 0.827429
91487: 0.827431
91488: 0.827433
91489: 0.827435
91490: 0.827437
91491: 0.827438
91492: 0.82744
91493: 0.827442
91494: 0.827444
91495: 0.827435
91496: 0.827426
91497: 0.827428
91498: 0.82743
91499: 0.827432
91500: 0.827434
91501: 0.827435
91502: 0.827437
91503: 0.827439
91504: 0.827441
91505: 0.827443
91506: 0.827445
91507: 0.827447
91508: 0.827449
91509: 0.827451
91510: 0.827452
91511: 0.827454
91512: 0.827456
91513: 0.827458
91514: 0.82746
91515: 0.827451
91516: 0.827442
91517: 0.827444
91518: 0.827446
91519: 0.827448
91520: 0.827449
91521: 0.827451
91522: 0.827442
91523: 0.827444
91524: 0.827446
91525: 0.827448
91526: 0.82745
91527: 0.827452
91528: 0.827454
91529: 0.827455
91530: 0.827457
91531: 0.827459
91532: 0.827461
91533: 0.827463
91534: 0.827465
91535: 0.827467
91536: 0.827469
91537: 0.827471
91538: 0.827472
91539: 0.827463
91540: 0.827454
91541: 0.827445
91542: 0.827436
91543: 0.827438
91544: 0.82744
91545: 0.827442
91546: 0.827444
91547: 0.827446
91548: 0.827448
91549: 0.827449
91550: 0.827451
91551: 0.827442
91552: 0.827433
91553: 0.827435
91554: 0.827437
91555: 0.827428
91556: 0.82743
91557: 0.827432
91558: 0.827434
91559: 0.827436
91560: 0.827437
91561: 0.827439
91562: 0.827441
91563: 0.827443
91564: 0.827445
91565: 0.827447
91566: 0.827449
91567: 0.827451
91568: 0.827453
91569: 0.827454
91570: 0.827445
91571: 0.827436
91572: 0.827438
91573: 0.82744
91574: 0.827442
91575: 0.827444
91576: 0.827446
91577: 0.827437
91578: 0.827428
91579: 0.82743
91580: 0.827431
91581: 0.827433
91582: 0.827435
91583: 0.827437
91584: 0.827439
91585: 0.82743
91586: 0.827421
91587: 0.827412
91588: 0.827403
91589: 0.827405
91590: 0.827407
91591: 0.827409
91592: 0.82741
91593: 0.827412
91594: 0.827414
91595: 0.827416
91596: 0.827418
91597: 0.82742
91598: 0.827411
91599: 0.827413
91600: 0.827415
91601: 0.827416
91602: 0.827418
91603: 0.82742
91604: 0.827422
91605: 0.827424
91606: 0.827426
91607: 0.827428
91608: 0.827419
91609: 0.827421
91610: 0.827422
91611: 0.827424
91612: 0.827426
91613: 0.827417
91614: 0.827419
91615: 0.827421
91616: 0.827423
91617: 0.827425
91618: 0.827416
91619: 0.827418
91620: 0.827419
91621: 0.827421
91622: 0.827412
91623: 0.827414
91624: 0.827416
91625: 0.827418
91626: 0.82742
91627: 0.827422
91628: 0.827424
91629: 0.827426
91630: 0.827427
91631: 0.827429
91632: 0.827431
91633: 0.827433
91634: 0.827435
91635: 0.827426
91636: 0.827417
91637: 0.827419
91638: 0.827421
91639: 0.827412
91640: 0.827413
91641: 0.827415
91642: 0.827417
91643: 0.827419
91644: 0.82741
91645: 0.827401
91646: 0.827403
91647: 0.827405
91648: 0.827407
91649: 0.827409
91650: 0.827411
91651: 0.827412
91652: 0.827414
91653: 0.827416
91654: 0.827418
91655: 0.82742
91656: 0.827422
91657: 0.827424
91658: 0.827426
91659: 0.827417
91660: 0.827418
91661: 0.82742
91662: 0.827422
91663: 0.827424
91664: 0.827426
91665: 0.827428
91666: 0.82743
91667: 0.827432
91668: 0.827433
91669: 0.827435
91670: 0.827437
91671: 0.827439
91672: 0.827441
91673: 0.827443
91674: 0.827434
91675: 0.827425
91676: 0.827427
91677: 0.827429
91678: 0.82743
91679: 0.827432
91680: 0.827434
91681: 0.827436
91682: 0.827438
91683: 0.82744
91684: 0.827442
91685: 0.827444
91686: 0.827435
91687: 0.827437
91688: 0.827438
91689: 0.827429
91690: 0.827431
91691: 0.827433
91692: 0.827435
91693: 0.827437
91694: 0.827439
91695: 0.827441
91696: 0.827443
91697: 0.827444
91698: 0.827446
91699: 0.827448
91700: 0.827439
91701: 0.827441
91702: 0.827443
91703: 0.827445
91704: 0.827447
91705: 0.827449
91706: 0.82745
91707: 0.827452
91708: 0.827443
91709: 0.827445
91710: 0.827447
91711: 0.827449
91712: 0.827451
91713: 0.827453
91714: 0.827455
91715: 0.827456
91716: 0.827447
91717: 0.827449
91718: 0.827451
91719: 0.827442
91720: 0.827433
91721: 0.827435
91722: 0.827437
91723: 0.827439
91724: 0.827441
91725: 0.827443
91726: 0.827444
91727: 0.827446
91728: 0.827448
91729: 0.82745
91730: 0.827452
91731: 0.827454
91732: 0.827456
91733: 0.827458
91734: 0.82746
91735: 0.827461
91736: 0.827452
91737: 0.827454
91738: 0.827456
91739: 0.827458
91740: 0.82746
91741: 0.827462
91742: 0.827464
91743: 0.827455
91744: 0.827457
91745: 0.827458
91746: 0.82746
91747: 0.827462
91748: 0.827464
91749: 0.827466
91750: 0.827468
91751: 0.82747
91752: 0.827472
91753: 0.827473
91754: 0.827475
91755: 0.827477
91756: 0.827479
91757: 0.827481
91758: 0.827472
91759: 0.827474
91760: 0.827476
91761: 0.827478
91762: 0.827479
91763: 0.827481
91764: 0.827483
91765: 0.827485
91766: 0.827487
91767: 0.827489
91768: 0.827491
91769: 0.827493
91770: 0.827495
91771: 0.827496
91772: 0.827498
91773: 0.827489
91774: 0.827491
91775: 0.827482
91776: 0.827484
91777: 0.827486
91778: 0.827488
91779: 0.82749
91780: 0.827492
91781: 0.827493
91782: 0.827495
91783: 0.827497
91784: 0.827499
91785: 0.827501
91786: 0.827503
91787: 0.827505
91788: 0.827507
91789: 0.827508
91790: 0.82751
91791: 0.827512
91792: 0.827503
91793: 0.827494
91794: 0.827496
91795: 0.827498
91796: 0.8275
91797: 0.827502
91798: 0.827504
91799: 0.827505
91800: 0.827507
91801: 0.827509
91802: 0.827511
91803: 0.827513
91804: 0.827515
91805: 0.827517
91806: 0.827508
91807: 0.827499
91808: 0.827501
91809: 0.827502
91810: 0.827493
91811: 0.827484
91812: 0.827486
91813: 0.827488
91814: 0.82749
91815: 0.827492
91816: 0.827494
91817: 0.827496
91818: 0.827487
91819: 0.827478
91820: 0.82748
91821: 0.827481
91822: 0.827483
91823: 0.827485
91824: 0.827487
91825: 0.827489
91826: 0.827491
91827: 0.827493
91828: 0.827484
91829: 0.827486
91830: 0.827487
91831: 0.827489
91832: 0.827491
91833: 0.827493
91834: 0.827495
91835: 0.827497
91836: 0.827488
91837: 0.827479
91838: 0.827481
91839: 0.827483
91840: 0.827484
91841: 0.827486
91842: 0.827488
91843: 0.82749
91844: 0.827492
91845: 0.827494
91846: 0.827496
91847: 0.827498
91848: 0.827499
91849: 0.827501
91850: 0.827503
91851: 0.827505
91852: 0.827507
91853: 0.827498
91854: 0.8275
91855: 0.827502
91856: 0.827504
91857: 0.827505
91858: 0.827507
91859: 0.827509
91860: 0.827511
91861: 0.827513
91862: 0.827515
91863: 0.827517
91864: 0.827519
91865: 0.827521
91866: 0.827522
91867: 0.827513
91868: 0.827504
91869: 0.827506
91870: 0.827497
91871: 0.827499
91872: 0.827501
91873: 0.827503
91874: 0.827505
91875: 0.827507
91876: 0.827509
91877: 0.82751
91878: 0.827501
91879: 0.827492
91880: 0.827494
91881: 0.827496
91882: 0.827487
91883: 0.827489
91884: 0.827491
91885: 0.827493
91886: 0.827495
91887: 0.827497
91888: 0.827498
91889: 0.827489
91890: 0.827491
91891: 0.827493
91892: 0.827495
91893: 0.827497
91894: 0.827499
91895: 0.827501
91896: 0.827503
91897: 0.827504
91898: 0.827506
91899: 0.827508
91900: 0.82751
91901: 0.827512
91902: 0.827514
91903: 0.827505
91904: 0.827507
91905: 0.827509
91906: 0.82751
91907: 0.827512
91908: 0.827514
91909: 0.827516
91910: 0.827518
91911: 0.82752
91912: 0.827511
91913: 0.827513
91914: 0.827515
91915: 0.827516
91916: 0.827518
91917: 0.82752
91918: 0.827511
91919: 0.827502
91920: 0.827504
91921: 0.827506
91922: 0.827508
91923: 0.82751
91924: 0.827512
91925: 0.827513
91926: 0.827515
91927: 0.827506
91928: 0.827497
91929: 0.827499
91930: 0.827501
91931: 0.827503
91932: 0.827505
91933: 0.827507
91934: 0.827498
91935: 0.827489
91936: 0.827491
91937: 0.827492
91938: 0.827494
91939: 0.827496
91940: 0.827498
91941: 0.8275
91942: 0.827502
91943: 0.827504
91944: 0.827506
91945: 0.827507
91946: 0.827509
91947: 0.8275
91948: 0.827502
91949: 0.827493
91950: 0.827484
91951: 0.827475
91952: 0.827466
91953: 0.827468
91954: 0.82747
91955: 0.827472
91956: 0.827474
91957: 0.827465
91958: 0.827467
91959: 0.827468
91960: 0.82747
91961: 0.827461
91962: 0.827452
91963: 0.827454
91964: 0.827456
91965: 0.827458
91966: 0.82746
91967: 0.827462
91968: 0.827464
91969: 0.827465
91970: 0.827467
91971: 0.827469
91972: 0.827471
91973: 0.827473
91974: 0.827475
91975: 0.827477
91976: 0.827479
91977: 0.82748
91978: 0.827482
91979: 0.827484
91980: 0.827486
91981: 0.827477
91982: 0.827479
91983: 0.827481
91984: 0.827483
91985: 0.827485
91986: 0.827486
91987: 0.827477
91988: 0.827479
91989: 0.827481
91990: 0.827472
91991: 0.827474
91992: 0.827476
91993: 0.827467
91994: 0.827458
91995: 0.82746
91996: 0.827462
91997: 0.827464
91998: 0.827466
91999: 0.827467
92000: 0.827469
92001: 0.827471
92002: 0.827473
92003: 0.827475
92004: 0.827477
92005: 0.827479
92006: 0.827481
92007: 0.827482
92008: 0.827484
92009: 0.827486
92010: 0.827488
92011: 0.82749
92012: 0.827492
92013: 0.827494
92014: 0.827496
92015: 0.827497
92016: 0.827499
92017: 0.827501
92018: 0.827503
92019: 0.827505
92020: 0.827507
92021: 0.827509
92022: 0.827511
92023: 0.827512
92024: 0.827514
92025: 0.827505
92026: 0.827496
92027: 0.827498
92028: 0.8275
92029: 0.827502
92030: 0.827504
92031: 0.827506
92032: 0.827508
92033: 0.827509
92034: 0.827511
92035: 0.827513
92036: 0.827515
92037: 0.827517
92038: 0.827519
92039: 0.827521
92040: 0.827523
92041: 0.827524
92042: 0.827526
92043: 0.827528
92044: 0.827519
92045: 0.827521
92046: 0.827523
92047: 0.827525
92048: 0.827516
92049: 0.827507
92050: 0.827498
92051: 0.827489
92052: 0.827491
92053: 0.827493
92054: 0.827494
92055: 0.827496
92056: 0.827487
92057: 0.827489
92058: 0.827491
92059: 0.827493
92060: 0.827484
92061: 0.827475
92062: 0.827466
92063: 0.827457
92064: 0.827459
92065: 0.827461
92066: 0.827463
92067: 0.827464
92068: 0.827466
92069: 0.827468
92070: 0.82747
92071: 0.827472
92072: 0.827474
92073: 0.827465
92074: 0.827456
92075: 0.827447
92076: 0.827449
92077: 0.827451
92078: 0.827453
92079: 0.827444
92080: 0.827445
92081: 0.827447
92082: 0.827449
92083: 0.827451
92084: 0.827453
92085: 0.827455
92086: 0.827457
92087: 0.827459
92088: 0.82746
92089: 0.827462
92090: 0.827464
92091: 0.827466
92092: 0.827457
92093: 0.827448
92094: 0.82745
92095: 0.827452
92096: 0.827454
92097: 0.827456
92098: 0.827457
92099: 0.827459
92100: 0.827461
92101: 0.827463
92102: 0.827454
92103: 0.827456
92104: 0.827458
92105: 0.82746
92106: 0.827451
92107: 0.827442
92108: 0.827433
92109: 0.827435
92110: 0.827436
92111: 0.827438
92112: 0.82744
92113: 0.827442
92114: 0.827444
92115: 0.827446
92116: 0.827448
92117: 0.82745
92118: 0.827451
92119: 0.827442
92120: 0.827433
92121: 0.827425
92122: 0.827426
92123: 0.827428
92124: 0.82743
92125: 0.827432
92126: 0.827434
92127: 0.827436
92128: 0.827438
92129: 0.827439
92130: 0.827441
92131: 0.827443
92132: 0.827445
92133: 0.827447
92134: 0.827449
92135: 0.827451
92136: 0.827453
92137: 0.827454
92138: 0.827445
92139: 0.827437
92140: 0.827428
92141: 0.827429
92142: 0.827431
92143: 0.827433
92144: 0.827435
92145: 0.827437
92146: 0.827428
92147: 0.827419
92148: 0.82741
92149: 0.827412
92150: 0.827414
92151: 0.827416
92152: 0.827417
92153: 0.827419
92154: 0.827421
92155: 0.827423
92156: 0.827425
92157: 0.827427
92158: 0.827429
92159: 0.827431
92160: 0.827432
92161: 0.827434
92162: 0.827436
92163: 0.827438
92164: 0.82744
92165: 0.827442
92166: 0.827444
92167: 0.827446
92168: 0.827447
92169: 0.827449
92170: 0.827451
92171: 0.827453
92172: 0.827444
92173: 0.827446
92174: 0.827448
92175: 0.82745
92176: 0.827452
92177: 0.827453
92178: 0.827455
92179: 0.827457
92180: 0.827459
92181: 0.827461
92182: 0.827463
92183: 0.827465
92184: 0.827467
92185: 0.827468
92186: 0.82747
92187: 0.827472
92188: 0.827474
92189: 0.827476
92190: 0.827478
92191: 0.82748
92192: 0.827471
92193: 0.827473
92194: 0.827474
92195: 0.827476
92196: 0.827478
92197: 0.82748
92198: 0.827471
92199: 0.827473
92200: 0.827475
92201: 0.827477
92202: 0.827478
92203: 0.82748
92204: 0.827471
92205: 0.827462
92206: 0.827464
92207: 0.827466
92208: 0.827457
92209: 0.827459
92210: 0.827461
92211: 0.827463
92212: 0.827465
92213: 0.827467
92214: 0.827468
92215: 0.82747
92216: 0.827472
92217: 0.827474
92218: 0.827476
92219: 0.827478
92220: 0.82748
92221: 0.827482
92222: 0.827483
92223: 0.827485
92224: 0.827487
92225: 0.827489
92226: 0.827491
92227: 0.827493
92228: 0.827495
92229: 0.827496
92230: 0.827498
92231: 0.8275
92232: 0.827502
92233: 0.827504
92234: 0.827506
92235: 0.827508
92236: 0.82751
92237: 0.827511
92238: 0.827513
92239: 0.827515
92240: 0.827517
92241: 0.827519
92242: 0.82751
92243: 0.827501
92244: 0.827492
92245: 0.827494
92246: 0.827496
92247: 0.827498
92248: 0.827499
92249: 0.827501
92250: 0.827503
92251: 0.827505
92252: 0.827507
92253: 0.827509
92254: 0.827511
92255: 0.827513
92256: 0.827514
92257: 0.827516
92258: 0.827518
92259: 0.82752
92260: 0.827522
92261: 0.827524
92262: 0.827526
92263: 0.827528
92264: 0.827529
92265: 0.82752
92266: 0.827511
92267: 0.827502
92268: 0.827494
92269: 0.827485
92270: 0.827476
92271: 0.827477
92272: 0.827479
92273: 0.827481
92274: 0.827483
92275: 0.827485
92276: 0.827487
92277: 0.827489
92278: 0.82748
92279: 0.827482
92280: 0.827483
92281: 0.827485
92282: 0.827487
92283: 0.827489
92284: 0.827491
92285: 0.827482
92286: 0.827473
92287: 0.827475
92288: 0.827477
92289: 0.827479
92290: 0.82748
92291: 0.827482
92292: 0.827484
92293: 0.827486
92294: 0.827477
92295: 0.827468
92296: 0.827459
92297: 0.827461
92298: 0.827463
92299: 0.827465
92300: 0.827467
92301: 0.827469
92302: 0.82747
92303: 0.827461
92304: 0.827463
92305: 0.827465
92306: 0.827467
92307: 0.827469
92308: 0.827471
92309: 0.827473
92310: 0.827475
92311: 0.827476
92312: 0.827478
92313: 0.82748
92314: 0.827482
92315: 0.827484
92316: 0.827486
92317: 0.827488
92318: 0.827489
92319: 0.827491
92320: 0.827493
92321: 0.827495
92322: 0.827497
92323: 0.827499
92324: 0.827501
92325: 0.827503
92326: 0.827504
92327: 0.827506
92328: 0.827508
92329: 0.82751
92330: 0.827501
92331: 0.827492
92332: 0.827494
92333: 0.827496
92334: 0.827498
92335: 0.8275
92336: 0.827501
92337: 0.827503
92338: 0.827494
92339: 0.827485
92340: 0.827487
92341: 0.827489
92342: 0.827491
92343: 0.827482
92344: 0.827473
92345: 0.827475
92346: 0.827477
92347: 0.827468
92348: 0.82747
92349: 0.827472
92350: 0.827473
92351: 0.827475
92352: 0.827477
92353: 0.827479
92354: 0.827481
92355: 0.827483
92356: 0.827485
92357: 0.827487
92358: 0.827488
92359: 0.82749
92360: 0.827492
92361: 0.827494
92362: 0.827496
92363: 0.827498
92364: 0.8275
92365: 0.827491
92366: 0.827482
92367: 0.827473
92368: 0.827475
92369: 0.827476
92370: 0.827467
92371: 0.827459
92372: 0.82745
92373: 0.827441
92374: 0.827442
92375: 0.827444
92376: 0.827446
92377: 0.827437
92378: 0.827439
92379: 0.827441
92380: 0.827443
92381: 0.827434
92382: 0.827425
92383: 0.827427
92384: 0.827429
92385: 0.827431
92386: 0.827432
92387: 0.827434
92388: 0.827436
92389: 0.827438
92390: 0.827429
92391: 0.827431
92392: 0.827433
92393: 0.827435
92394: 0.827437
92395: 0.827438
92396: 0.82744
92397: 0.827442
92398: 0.827444
92399: 0.827446
92400: 0.827437
92401: 0.827428
92402: 0.827419
92403: 0.82741
92404: 0.827412
92405: 0.827414
92406: 0.827405
92407: 0.827396
92408: 0.827387
92409: 0.827389
92410: 0.82738
92411: 0.827371
92412: 0.827373
92413: 0.827375
92414: 0.827377
92415: 0.827378
92416: 0.827369
92417: 0.827371
92418: 0.827373
92419: 0.827375
92420: 0.827377
92421: 0.827379
92422: 0.82737
92423: 0.827372
92424: 0.827374
92425: 0.827375
92426: 0.827377
92427: 0.827379
92428: 0.827381
92429: 0.827383
92430: 0.827385
92431: 0.827387
92432: 0.827388
92433: 0.82739
92434: 0.827392
92435: 0.827394
92436: 0.827396
92437: 0.827398
92438: 0.8274
92439: 0.827402
92440: 0.827393
92441: 0.827384
92442: 0.827375
92443: 0.827366
92444: 0.827357
92445: 0.827348
92446: 0.82735
92447: 0.827352
92448: 0.827353
92449: 0.827355
92450: 0.827357
92451: 0.827359
92452: 0.827361
92453: 0.827363
92454: 0.827354
92455: 0.827356
92456: 0.827358
92457: 0.827359
92458: 0.827361
92459: 0.827363
92460: 0.827365
92461: 0.827367
92462: 0.827358
92463: 0.827349
92464: 0.827351
92465: 0.827353
92466: 0.827355
92467: 0.827356
92468: 0.827358
92469: 0.82736
92470: 0.827362
92471: 0.827364
92472: 0.827366
92473: 0.827368
92474: 0.82737
92475: 0.827361
92476: 0.827352
92477: 0.827343
92478: 0.827345
92479: 0.827346
92480: 0.827348
92481: 0.82735
92482: 0.827341
92483: 0.827332
92484: 0.827334
92485: 0.827336
92486: 0.827338
92487: 0.82734
92488: 0.827342
92489: 0.827343
92490: 0.827345
92491: 0.827336
92492: 0.827338
92493: 0.82734
92494: 0.827342
92495: 0.827344
92496: 0.827346
92497: 0.827348
92498: 0.827349
92499: 0.827351
92500: 0.827353
92501: 0.827355
92502: 0.827357
92503: 0.827359
92504: 0.82735
92505: 0.827352
92506: 0.827354
92507: 0.827355
92508: 0.827357
92509: 0.827359
92510: 0.827361
92511: 0.827352
92512: 0.827354
92513: 0.827356
92514: 0.827358
92515: 0.827349
92516: 0.82734
92517: 0.827331
92518: 0.827333
92519: 0.827335
92520: 0.827336
92521: 0.827338
92522: 0.827329
92523: 0.827331
92524: 0.827333
92525: 0.827335
92526: 0.827337
92527: 0.827339
92528: 0.827341
92529: 0.827342
92530: 0.827344
92531: 0.827346
92532: 0.827348
92533: 0.82735
92534: 0.827352
92535: 0.827354
92536: 0.827356
92537: 0.827357
92538: 0.827359
92539: 0.827361
92540: 0.827363
92541: 0.827365
92542: 0.827367
92543: 0.827369
92544: 0.82737
92545: 0.827362
92546: 0.827363
92547: 0.827365
92548: 0.827367
92549: 0.827369
92550: 0.827371
92551: 0.827373
92552: 0.827375
92553: 0.827366
92554: 0.827368
92555: 0.827369
92556: 0.827371
92557: 0.827373
92558: 0.827375
92559: 0.827377
92560: 0.827379
92561: 0.827381
92562: 0.827382
92563: 0.827384
92564: 0.827386
92565: 0.827388
92566: 0.827379
92567: 0.82737
92568: 0.827361
92569: 0.827363
92570: 0.827365
92571: 0.827367
92572: 0.827358
92573: 0.82736
92574: 0.827362
92575: 0.827363
92576: 0.827365
92577: 0.827367
92578: 0.827369
92579: 0.82736
92580: 0.827362
92581: 0.827364
92582: 0.827366
92583: 0.827368
92584: 0.827369
92585: 0.827371
92586: 0.827362
92587: 0.827353
92588: 0.827345
92589: 0.827346
92590: 0.827348
92591: 0.82735
92592: 0.827352
92593: 0.827354
92594: 0.827356
92595: 0.827347
92596: 0.827349
92597: 0.82735
92598: 0.827352
92599: 0.827354
92600: 0.827356
92601: 0.827358
92602: 0.82736
92603: 0.827362
92604: 0.827353
92605: 0.827355
92606: 0.827356
92607: 0.827358
92608: 0.82736
92609: 0.827362
92610: 0.827364
92611: 0.827366
92612: 0.827368
92613: 0.827359
92614: 0.827361
92615: 0.827362
92616: 0.827364
92617: 0.827366
92618: 0.827368
92619: 0.82737
92620: 0.827372
92621: 0.827374
92622: 0.827375
92623: 0.827377
92624: 0.827379
92625: 0.827381
92626: 0.827383
92627: 0.827385
92628: 0.827387
92629: 0.827389
92630: 0.82739
92631: 0.827392
92632: 0.827394
92633: 0.827396
92634: 0.827398
92635: 0.8274
92636: 0.827402
92637: 0.827403
92638: 0.827405
92639: 0.827407
92640: 0.827409
92641: 0.827411
92642: 0.827413
92643: 0.827404
92644: 0.827406
92645: 0.827408
92646: 0.827409
92647: 0.827411
92648: 0.827413
92649: 0.827415
92650: 0.827417
92651: 0.827419
92652: 0.827421
92653: 0.827422
92654: 0.827424
92655: 0.827426
92656: 0.827428
92657: 0.82743
92658: 0.827421
92659: 0.827412
92660: 0.827414
92661: 0.827416
92662: 0.827418
92663: 0.827419
92664: 0.827421
92665: 0.827423
92666: 0.827425
92667: 0.827427
92668: 0.827429
92669: 0.827431
92670: 0.827433
92671: 0.827434
92672: 0.827436
92673: 0.827438
92674: 0.82744
92675: 0.827442
92676: 0.827444
92677: 0.827435
92678: 0.827437
92679: 0.827438
92680: 0.82744
92681: 0.827442
92682: 0.827444
92683: 0.827446
92684: 0.827448
92685: 0.82745
92686: 0.827452
92687: 0.827453
92688: 0.827455
92689: 0.827457
92690: 0.827459
92691: 0.827461
92692: 0.827463
92693: 0.827465
92694: 0.827466
92695: 0.827468
92696: 0.82747
92697: 0.827472
92698: 0.827474
92699: 0.827476
92700: 0.827478
92701: 0.827479
92702: 0.827481
92703: 0.827483
92704: 0.827485
92705: 0.827487
92706: 0.827489
92707: 0.827491
92708: 0.827482
92709: 0.827484
92710: 0.827485
92711: 0.827487
92712: 0.827489
92713: 0.827491
92714: 0.827493
92715: 0.827484
92716: 0.827486
92717: 0.827488
92718: 0.82749
92719: 0.827491
92720: 0.827493
92721: 0.827495
92722: 0.827497
92723: 0.827499
92724: 0.827501
92725: 0.827503
92726: 0.827494
92727: 0.827485
92728: 0.827476
92729: 0.827478
92730: 0.827479
92731: 0.827481
92732: 0.827483
92733: 0.827485
92734: 0.827487
92735: 0.827489
92736: 0.827491
92737: 0.827493
92738: 0.827494
92739: 0.827496
92740: 0.827498
92741: 0.827489
92742: 0.82748
92743: 0.827482
92744: 0.827484
92745: 0.827486
92746: 0.827488
92747: 0.82749
92748: 0.827491
92749: 0.827493
92750: 0.827495
92751: 0.827497
92752: 0.827499
92753: 0.827501
92754: 0.827503
92755: 0.827504
92756: 0.827506
92757: 0.827497
92758: 0.827499
92759: 0.827501
92760: 0.827503
92761: 0.827505
92762: 0.827496
92763: 0.827498
92764: 0.8275
92765: 0.827501
92766: 0.827503
92767: 0.827505
92768: 0.827507
92769: 0.827509
92770: 0.827511
92771: 0.827513
92772: 0.827514
92773: 0.827516
92774: 0.827518
92775: 0.82752
92776: 0.827511
92777: 0.827513
92778: 0.827515
92779: 0.827506
92780: 0.827508
92781: 0.82751
92782: 0.827512
92783: 0.827513
92784: 0.827515
92785: 0.827517
92786: 0.827519
92787: 0.827521
92788: 0.827523
92789: 0.827525
92790: 0.827526
92791: 0.827517
92792: 0.827519
92793: 0.827521
92794: 0.827523
92795: 0.827525
92796: 0.827516
92797: 0.827507
92798: 0.827498
92799: 0.827489
92800: 0.82748
92801: 0.827482
92802: 0.827484
92803: 0.827486
92804: 0.827488
92805: 0.82749
92806: 0.827491
92807: 0.827493
92808: 0.827495
92809: 0.827486
92810: 0.827488
92811: 0.82749
92812: 0.827492
92813: 0.827494
92814: 0.827496
92815: 0.827497
92816: 0.827499
92817: 0.82749
92818: 0.827492
92819: 0.827494
92820: 0.827496
92821: 0.827498
92822: 0.8275
92823: 0.827502
92824: 0.827503
92825: 0.827505
92826: 0.827507
92827: 0.827509
92828: 0.827511
92829: 0.827513
92830: 0.827515
92831: 0.827506
92832: 0.827507
92833: 0.827509
92834: 0.8275
92835: 0.827491
92836: 0.827493
92837: 0.827495
92838: 0.827497
92839: 0.827499
92840: 0.827501
92841: 0.827503
92842: 0.827504
92843: 0.827506
92844: 0.827508
92845: 0.82751
92846: 0.827512
92847: 0.827514
92848: 0.827516
92849: 0.827518
92850: 0.827519
92851: 0.827521
92852: 0.827523
92853: 0.827525
92854: 0.827527
92855: 0.827529
92856: 0.827531
92857: 0.827532
92858: 0.827534
92859: 0.827525
92860: 0.827516
92861: 0.827518
92862: 0.82752
92863: 0.827522
92864: 0.827524
92865: 0.827526
92866: 0.827528
92867: 0.827529
92868: 0.827531
92869: 0.827533
92870: 0.827535
92871: 0.827526
92872: 0.827528
92873: 0.82753
92874: 0.827532
92875: 0.827533
92876: 0.827535
92877: 0.827526
92878: 0.827528
92879: 0.82753
92880: 0.827532
92881: 0.827534
92882: 0.827536
92883: 0.827527
92884: 0.827529
92885: 0.827531
92886: 0.827532
92887: 0.827534
92888: 0.827536
92889: 0.827538
92890: 0.82754
92891: 0.827542
92892: 0.827544
92893: 0.827535
92894: 0.827526
92895: 0.827517
92896: 0.827508
92897: 0.827499
92898: 0.82749
92899: 0.827492
92900: 0.827494
92901: 0.827496
92902: 0.827497
92903: 0.827499
92904: 0.827501
92905: 0.827492
92906: 0.827494
92907: 0.827496
92908: 0.827498
92909: 0.8275
92910: 0.827491
92911: 0.827493
92912: 0.827495
92913: 0.827496
92914: 0.827487
92915: 0.827479
92916: 0.82748
92917: 0.827482
92918: 0.827473
92919: 0.827475
92920: 0.827477
92921: 0.827479
92922: 0.827481
92923: 0.827483
92924: 0.827485
92925: 0.827476
92926: 0.827467
92927: 0.827458
92928: 0.827449
92929: 0.82744
92930: 0.827431
92931: 0.827422
92932: 0.827424
92933: 0.827426
92934: 0.827428
92935: 0.82743
92936: 0.827431
92937: 0.827433
92938: 0.827435
92939: 0.827437
92940: 0.827428
92941: 0.82743
92942: 0.827432
92943: 0.827434
92944: 0.827436
92945: 0.827437
92946: 0.827439
92947: 0.827441
92948: 0.827443
92949: 0.827434
92950: 0.827425
92951: 0.827427
92952: 0.827429
92953: 0.827431
92954: 0.827422
92955: 0.827424
92956: 0.827426
92957: 0.827427
92958: 0.827429
92959: 0.827431
92960: 0.827433
92961: 0.827435
92962: 0.827437
92963: 0.827439
92964: 0.82744
92965: 0.827442
92966: 0.827444
92967: 0.827446
92968: 0.827448
92969: 0.82745
92970: 0.827452
92971: 0.827453
92972: 0.827455
92973: 0.827446
92974: 0.827448
92975: 0.82745
92976: 0.827441
92977: 0.827443
92978: 0.827445
92979: 0.827447
92980: 0.827438
92981: 0.827429
92982: 0.827431
92983: 0.827433
92984: 0.827435
92985: 0.827436
92986: 0.827438
92987: 0.82744
92988: 0.827442
92989: 0.827444
92990: 0.827446
92991: 0.827448
92992: 0.827449
92993: 0.827451
92994: 0.827453
92995: 0.827444
92996: 0.827446
92997: 0.827437
92998: 0.827428
92999: 0.82743
93000: 0.827432
93001: 0.827434
93002: 0.827436
93003: 0.827427
93004: 0.827418
93005: 0.82742
93006: 0.827422
93007: 0.827423
93008: 0.827425
93009: 0.827427
93010: 0.827429
93011: 0.827431
93012: 0.827433
93013: 0.827435
93014: 0.827436
93015: 0.827438
93016: 0.82744
93017: 0.827442
93018: 0.827444
93019: 0.827446
93020: 0.827448
93021: 0.827449
93022: 0.827451
93023: 0.827453
93024: 0.827455
93025: 0.827457
93026: 0.827459
93027: 0.827461
93028: 0.827462
93029: 0.827464
93030: 0.827466
93031: 0.827468
93032: 0.82747
93033: 0.827461
93034: 0.827452
93035: 0.827454
93036: 0.827445
93037: 0.827447
93038: 0.827449
93039: 0.827451
93040: 0.827442
93041: 0.827444
93042: 0.827445
93043: 0.827447
93044: 0.827449
93045: 0.827451
93046: 0.827453
93047: 0.827455
93048: 0.827457
93049: 0.827458
93050: 0.82746
93051: 0.827462
93052: 0.827464
93053: 0.827466
93054: 0.827457
93055: 0.827448
93056: 0.827439
93057: 0.82743
93058: 0.827432
93059: 0.827434
93060: 0.827436
93061: 0.827438
93062: 0.827439
93063: 0.827441
93064: 0.827443
93065: 0.827445
93066: 0.827447
93067: 0.827438
93068: 0.827429
93069: 0.827431
93070: 0.827433
93071: 0.827435
93072: 0.827437
93073: 0.827438
93074: 0.82744
93075: 0.827442
93076: 0.827444
93077: 0.827446
93078: 0.827437
93079: 0.827439
93080: 0.827441
93081: 0.827432
93082: 0.827423
93083: 0.827414
93084: 0.827416
93085: 0.827418
93086: 0.82742
93087: 0.827421
93088: 0.827423
93089: 0.827425
93090: 0.827427
93091: 0.827429
93092: 0.827431
93093: 0.827432
93094: 0.827434
93095: 0.827436
93096: 0.827427
93097: 0.827429
93098: 0.827431
93099: 0.827433
93100: 0.827435
93101: 0.827437
93102: 0.827438
93103: 0.82744
93104: 0.827442
93105: 0.827444
93106: 0.827435
93107: 0.827426
93108: 0.827417
93109: 0.827419
93110: 0.827421
93111: 0.827423
93112: 0.827425
93113: 0.827427
93114: 0.827418
93115: 0.82742
93116: 0.827421
93117: 0.827423
93118: 0.827425
93119: 0.827427
93120: 0.827429
93121: 0.827431
93122: 0.827433
93123: 0.827434
93124: 0.827436
93125: 0.827438
93126: 0.82744
93127: 0.827442
93128: 0.827444
93129: 0.827446
93130: 0.827447
93131: 0.827449
93132: 0.827451
93133: 0.827453
93134: 0.827455
93135: 0.827457
93136: 0.827458
93137: 0.82746
93138: 0.827462
93139: 0.827464
93140: 0.827466
93141: 0.827468
93142: 0.82747
93143: 0.827471
93144: 0.827473
93145: 0.827464
93146: 0.827466
93147: 0.827457
93148: 0.827459
93149: 0.827461
93150: 0.827463
93151: 0.827454
93152: 0.827445
93153: 0.827447
93154: 0.827449
93155: 0.827451
93156: 0.827453
93157: 0.827454
93158: 0.827446
93159: 0.827447
93160: 0.827449
93161: 0.827451
93162: 0.827453
93163: 0.827455
93164: 0.827457
93165: 0.827459
93166: 0.82745
93167: 0.827441
93168: 0.827432
93169: 0.827434
93170: 0.827436
93171: 0.827437
93172: 0.827439
93173: 0.827441
93174: 0.827443
93175: 0.827445
93176: 0.827447
93177: 0.827449
93178: 0.82745
93179: 0.827452
93180: 0.827454
93181: 0.827456
93182: 0.827458
93183: 0.827449
93184: 0.82744
93185: 0.827442
93186: 0.827444
93187: 0.827446
93188: 0.827447
93189: 0.827449
93190: 0.827451
93191: 0.827453
93192: 0.827455
93193: 0.827457
93194: 0.827459
93195: 0.82746
93196: 0.827462
93197: 0.827464
93198: 0.827466
93199: 0.827468
93200: 0.82747
93201: 0.827472
93202: 0.827473
93203: 0.827475
93204: 0.827477
93205: 0.827479
93206: 0.827481
93207: 0.827483
93208: 0.827484
93209: 0.827476
93210: 0.827477
93211: 0.827479
93212: 0.827481
93213: 0.827483
93214: 0.827474
93215: 0.827465
93216: 0.827467
93217: 0.827469
93218: 0.827471
93219: 0.827473
93220: 0.827464
93221: 0.827466
93222: 0.827467
93223: 0.827469
93224: 0.827471
93225: 0.827473
93226: 0.827475
93227: 0.827477
93228: 0.827468
93229: 0.82747
93230: 0.827472
93231: 0.827473
93232: 0.827475
93233: 0.827477
93234: 0.827468
93235: 0.827459
93236: 0.82745
93237: 0.827442
93238: 0.827443
93239: 0.827435
93240: 0.827436
93241: 0.827438
93242: 0.82744
93243: 0.827431
93244: 0.827433
93245: 0.827424
93246: 0.827415
93247: 0.827406
93248: 0.827408
93249: 0.82741
93250: 0.827412
93251: 0.827414
93252: 0.827405
93253: 0.827396
93254: 0.827398
93255: 0.8274
93256: 0.827402
93257: 0.827404
93258: 0.827405
93259: 0.827397
93260: 0.827398
93261: 0.8274
93262: 0.827402
93263: 0.827404
93264: 0.827406
93265: 0.827408
93266: 0.827399
93267: 0.827401
93268: 0.827402
93269: 0.827404
93270: 0.827406
93271: 0.827408
93272: 0.82741
93273: 0.827412
93274: 0.827414
93275: 0.827415
93276: 0.827417
93277: 0.827419
93278: 0.827421
93279: 0.827423
93280: 0.827425
93281: 0.827427
93282: 0.827418
93283: 0.827409
93284: 0.8274
93285: 0.827402
93286: 0.827404
93287: 0.827395
93288: 0.827386
93289: 0.827377
93290: 0.827368
93291: 0.82737
93292: 0.827372
93293: 0.827374
93294: 0.827365
93295: 0.827367
93296: 0.827369
93297: 0.82737
93298: 0.827372
93299: 0.827374
93300: 0.827365
93301: 0.827367
93302: 0.827369
93303: 0.827371
93304: 0.827373
93305: 0.827364
93306: 0.827366
93307: 0.827367
93308: 0.827369
93309: 0.827371
93310: 0.827362
93311: 0.827353
93312: 0.827355
93313: 0.827357
93314: 0.827359
93315: 0.82735
93316: 0.827352
93317: 0.827354
93318: 0.827345
93319: 0.827336
93320: 0.827338
93321: 0.82734
93322: 0.827342
93323: 0.827343
93324: 0.827345
93325: 0.827347
93326: 0.827349
93327: 0.827351
93328: 0.827353
93329: 0.827355
93330: 0.827356
93331: 0.827358
93332: 0.82736
93333: 0.827362
93334: 0.827364
93335: 0.827366
93336: 0.827367
93337: 0.827359
93338: 0.82736
93339: 0.827362
93340: 0.827364
93341: 0.827366
93342: 0.827368
93343: 0.82737
93344: 0.827372
93345: 0.827373
93346: 0.827375
93347: 0.827377
93348: 0.827379
93349: 0.827381
93350: 0.827383
93351: 0.827385
93352: 0.827386
93353: 0.827388
93354: 0.82739
93355: 0.827381
93356: 0.827383
93357: 0.827385
93358: 0.827387
93359: 0.827389
93360: 0.82738
93361: 0.827382
93362: 0.827383
93363: 0.827375
93364: 0.827366
93365: 0.827357
93366: 0.827359
93367: 0.827361
93368: 0.827362
93369: 0.827364
93370: 0.827366
93371: 0.827368
93372: 0.82737
93373: 0.827372
93374: 0.827373
93375: 0.827375
93376: 0.827377
93377: 0.827379
93378: 0.827381
93379: 0.827383
93380: 0.827385
93381: 0.827386
93382: 0.827388
93383: 0.82739
93384: 0.827392
93385: 0.827394
93386: 0.827396
93387: 0.827398
93388: 0.827389
93389: 0.827391
93390: 0.827392
93391: 0.827384
93392: 0.827385
93393: 0.827387
93394: 0.827389
93395: 0.827391
93396: 0.827393
93397: 0.827395
93398: 0.827396
93399: 0.827398
93400: 0.8274
93401: 0.827402
93402: 0.827404
93403: 0.827406
93404: 0.827408
93405: 0.827399
93406: 0.827401
93407: 0.827402
93408: 0.827404
93409: 0.827406
93410: 0.827408
93411: 0.82741
93412: 0.827412
93413: 0.827403
93414: 0.827394
93415: 0.827385
93416: 0.827376
93417: 0.827367
93418: 0.827358
93419: 0.82736
93420: 0.827351
93421: 0.827343
93422: 0.827334
93423: 0.827325
93424: 0.827327
93425: 0.827329
93426: 0.82733
93427: 0.827332
93428: 0.827334
93429: 0.827336
93430: 0.827338
93431: 0.82734
93432: 0.827342
93433: 0.827333
93434: 0.827335
93435: 0.827336
93436: 0.827338
93437: 0.82734
93438: 0.827342
93439: 0.827344
93440: 0.827346
93441: 0.827347
93442: 0.827349
93443: 0.827351
93444: 0.827353
93445: 0.827355
93446: 0.827346
93447: 0.827348
93448: 0.82735
93449: 0.827341
93450: 0.827332
93451: 0.827334
93452: 0.827336
93453: 0.827338
93454: 0.827339
93455: 0.827341
93456: 0.827332
93457: 0.827324
93458: 0.827325
93459: 0.827327
93460: 0.827329
93461: 0.827331
93462: 0.827322
93463: 0.827324
93464: 0.827326
93465: 0.827328
93466: 0.827329
93467: 0.827331
93468: 0.827333
93469: 0.827335
93470: 0.827337
93471: 0.827339
93472: 0.82733
93473: 0.827332
93474: 0.827334
93475: 0.827325
93476: 0.827316
93477: 0.827318
93478: 0.82732
93479: 0.827321
93480: 0.827323
93481: 0.827325
93482: 0.827327
93483: 0.827329
93484: 0.827331
93485: 0.827332
93486: 0.827334
93487: 0.827336
93488: 0.827338
93489: 0.82734
93490: 0.827331
93491: 0.827333
93492: 0.827335
93493: 0.827326
93494: 0.827317
93495: 0.827319
93496: 0.827321
93497: 0.827323
93498: 0.827324
93499: 0.827326
93500: 0.827328
93501: 0.82733
93502: 0.827332
93503: 0.827334
93504: 0.827335
93505: 0.827327
93506: 0.827318
93507: 0.827309
93508: 0.8273
93509: 0.827291
93510: 0.827293
93511: 0.827295
93512: 0.827286
93513: 0.827288
93514: 0.82729
93515: 0.827281
93516: 0.827283
93517: 0.827285
93518: 0.827286
93519: 0.827288
93520: 0.82729
93521: 0.827292
93522: 0.827294
93523: 0.827296
93524: 0.827298
93525: 0.827299
93526: 0.827301
93527: 0.827303
93528: 0.827305
93529: 0.827307
93530: 0.827309
93531: 0.82731
93532: 0.827312
93533: 0.827303
93534: 0.827295
93535: 0.827286
93536: 0.827288
93537: 0.827289
93538: 0.827291
93539: 0.827293
93540: 0.827295
93541: 0.827297
93542: 0.827299
93543: 0.827301
93544: 0.827292
93545: 0.827294
93546: 0.827295
93547: 0.827297
93548: 0.827299
93549: 0.827301
93550: 0.827303
93551: 0.827305
93552: 0.827306
93553: 0.827298
93554: 0.827289
93555: 0.82728
93556: 0.827282
93557: 0.827284
93558: 0.827285
93559: 0.827287
93560: 0.827289
93561: 0.827291
93562: 0.827293
93563: 0.827295
93564: 0.827297
93565: 0.827298
93566: 0.8273
93567: 0.827302
93568: 0.827304
93569: 0.827306
93570: 0.827308
93571: 0.827309
93572: 0.827311
93573: 0.827313
93574: 0.827315
93575: 0.827306
93576: 0.827297
93577: 0.827299
93578: 0.827301
93579: 0.827303
93580: 0.827305
93581: 0.827307
93582: 0.827308
93583: 0.82731
93584: 0.827312
93585: 0.827314
93586: 0.827316
93587: 0.827318
93588: 0.827319
93589: 0.827321
93590: 0.827312
93591: 0.827314
93592: 0.827316
93593: 0.827318
93594: 0.827309
93595: 0.8273
93596: 0.827302
93597: 0.827304
93598: 0.827306
93599: 0.827308
93600: 0.82731
93601: 0.827311
93602: 0.827313
93603: 0.827315
93604: 0.827317
93605: 0.827319
93606: 0.827321
93607: 0.827322
93608: 0.827324
93609: 0.827326
93610: 0.827328
93611: 0.82733
93612: 0.827321
93613: 0.827323
93614: 0.827325
93615: 0.827327
93616: 0.827328
93617: 0.82733
93618: 0.827332
93619: 0.827334
93620: 0.827336
93621: 0.827338
93622: 0.827339
93623: 0.827341
93624: 0.827343
93625: 0.827345
93626: 0.827347
93627: 0.827349
93628: 0.827351
93629: 0.827352
93630: 0.827354
93631: 0.827356
93632: 0.827358
93633: 0.82736
93634: 0.827351
93635: 0.827342
93636: 0.827333
93637: 0.827324
93638: 0.827326
93639: 0.827328
93640: 0.82733
93641: 0.827332
93642: 0.827334
93643: 0.827335
93644: 0.827337
93645: 0.827339
93646: 0.827341
93647: 0.827343
93648: 0.827345
93649: 0.827347
93650: 0.827348
93651: 0.82735
93652: 0.827352
93653: 0.827354
93654: 0.827356
93655: 0.827347
93656: 0.827349
93657: 0.827351
93658: 0.827352
93659: 0.827354
93660: 0.827356
93661: 0.827358
93662: 0.82736
93663: 0.827362
93664: 0.827363
93665: 0.827365
93666: 0.827367
93667: 0.827369
93668: 0.827371
93669: 0.827373
93670: 0.827375
93671: 0.827376
93672: 0.827378
93673: 0.82738
93674: 0.827371
93675: 0.827362
93676: 0.827354
93677: 0.827355
93678: 0.827357
93679: 0.827348
93680: 0.82735
93681: 0.827352
93682: 0.827354
93683: 0.827356
93684: 0.827358
93685: 0.827359
93686: 0.827361
93687: 0.827363
93688: 0.827365
93689: 0.827367
93690: 0.827369
93691: 0.827371
93692: 0.827372
93693: 0.827374
93694: 0.827376
93695: 0.827367
93696: 0.827369
93697: 0.827371
93698: 0.827373
93699: 0.827364
93700: 0.827366
93701: 0.827368
93702: 0.827359
93703: 0.827361
93704: 0.827362
93705: 0.827364
93706: 0.827366
93707: 0.827368
93708: 0.82737
93709: 0.827372
93710: 0.827374
93711: 0.827375
93712: 0.827377
93713: 0.827379
93714: 0.827381
93715: 0.827383
93716: 0.827385
93717: 0.827386
93718: 0.827388
93719: 0.82739
93720: 0.827392
93721: 0.827394
93722: 0.827385
93723: 0.827387
93724: 0.827389
93725: 0.82739
93726: 0.827392
93727: 0.827394
93728: 0.827396
93729: 0.827398
93730: 0.8274
93731: 0.827402
93732: 0.827403
93733: 0.827405
93734: 0.827407
93735: 0.827409
93736: 0.827411
93737: 0.827413
93738: 0.827414
93739: 0.827416
93740: 0.827418
93741: 0.827409
93742: 0.8274
93743: 0.827402
93744: 0.827404
93745: 0.827406
93746: 0.827397
93747: 0.827388
93748: 0.827379
93749: 0.827371
93750: 0.827362
93751: 0.827353
93752: 0.827355
93753: 0.827357
93754: 0.827359
93755: 0.82736
93756: 0.827362
93757: 0.827364
93758: 0.827366
93759: 0.827368
93760: 0.82737
93761: 0.827371
93762: 0.827373
93763: 0.827375
93764: 0.827377
93765: 0.827379
93766: 0.82737
93767: 0.827361
93768: 0.827352
93769: 0.827344
93770: 0.827345
93771: 0.827347
93772: 0.827349
93773: 0.827351
93774: 0.827353
93775: 0.827355
93776: 0.827346
93777: 0.827348
93778: 0.827349
93779: 0.827351
93780: 0.827353
93781: 0.827355
93782: 0.827357
93783: 0.827348
93784: 0.82735
93785: 0.827352
93786: 0.827353
93787: 0.827355
93788: 0.827357
93789: 0.827359
93790: 0.827361
93791: 0.827352
93792: 0.827354
93793: 0.827356
93794: 0.827358
93795: 0.827359
93796: 0.827361
93797: 0.827363
93798: 0.827365
93799: 0.827367
93800: 0.827369
93801: 0.82737
93802: 0.827372
93803: 0.827374
93804: 0.827376
93805: 0.827378
93806: 0.82738
93807: 0.827381
93808: 0.827373
93809: 0.827374
93810: 0.827366
93811: 0.827357
93812: 0.827348
93813: 0.827339
93814: 0.82733
93815: 0.827322
93816: 0.827323
93817: 0.827325
93818: 0.827327
93819: 0.827329
93820: 0.827331
93821: 0.827333
93822: 0.827334
93823: 0.827336
93824: 0.827338
93825: 0.82734
93826: 0.827342
93827: 0.827344
93828: 0.827335
93829: 0.827326
93830: 0.827328
93831: 0.82733
93832: 0.827332
93833: 0.827333
93834: 0.827335
93835: 0.827337
93836: 0.827339
93837: 0.827341
93838: 0.827343
93839: 0.827344
93840: 0.827336
93841: 0.827337
93842: 0.827339
93843: 0.827341
93844: 0.827343
93845: 0.827345
93846: 0.827347
93847: 0.827348
93848: 0.82734
93849: 0.827342
93850: 0.827343
93851: 0.827345
93852: 0.827347
93853: 0.827349
93854: 0.82734
93855: 0.827331
93856: 0.827322
93857: 0.827324
93858: 0.827315
93859: 0.827317
93860: 0.827319
93861: 0.827321
93862: 0.827323
93863: 0.827325
93864: 0.827326
93865: 0.827328
93866: 0.82733
93867: 0.827332
93868: 0.827334
93869: 0.827325
93870: 0.827316
93871: 0.827318
93872: 0.82732
93873: 0.827322
93874: 0.827324
93875: 0.827325
93876: 0.827327
93877: 0.827329
93878: 0.827331
93879: 0.827333
93880: 0.827335
93881: 0.827336
93882: 0.827328
93883: 0.827329
93884: 0.827331
93885: 0.827333
93886: 0.827335
93887: 0.827337
93888: 0.827339
93889: 0.827341
93890: 0.827342
93891: 0.827344
93892: 0.827346
93893: 0.827348
93894: 0.82735
93895: 0.827352
93896: 0.827353
93897: 0.827355
93898: 0.827357
93899: 0.827359
93900: 0.827361
93901: 0.827363
93902: 0.827364
93903: 0.827366
93904: 0.827368
93905: 0.827359
93906: 0.82735
93907: 0.827352
93908: 0.827354
93909: 0.827356
93910: 0.827358
93911: 0.827349
93912: 0.82734
93913: 0.827342
93914: 0.827344
93915: 0.827346
93916: 0.827348
93917: 0.827349
93918: 0.827351
93919: 0.827353
93920: 0.827355
93921: 0.827357
93922: 0.827359
93923: 0.82736
93924: 0.827362
93925: 0.827364
93926: 0.827366
93927: 0.827368
93928: 0.82737
93929: 0.827371
93930: 0.827373
93931: 0.827375
93932: 0.827377
93933: 0.827379
93934: 0.827381
93935: 0.827382
93936: 0.827384
93937: 0.827386
93938: 0.827388
93939: 0.82739
93940: 0.827392
93941: 0.827393
93942: 0.827395
93943: 0.827397
93944: 0.827388
93945: 0.82738
93946: 0.827381
93947: 0.827383
93948: 0.827385
93949: 0.827387
93950: 0.827378
93951: 0.827369
93952: 0.827371
93953: 0.827373
93954: 0.827364
93955: 0.827355
93956: 0.827347
93957: 0.827338
93958: 0.82734
93959: 0.827341
93960: 0.827343
93961: 0.827345
93962: 0.827347
93963: 0.827349
93964: 0.827351
93965: 0.827352
93966: 0.827354
93967: 0.827356
93968: 0.827347
93969: 0.827339
93970: 0.82734
93971: 0.827342
93972: 0.827344
93973: 0.827346
93974: 0.827348
93975: 0.827339
93976: 0.827341
93977: 0.827332
93978: 0.827323
93979: 0.827325
93980: 0.827327
93981: 0.827329
93982: 0.82733
93983: 0.827332
93984: 0.827334
93985: 0.827336
93986: 0.827338
93987: 0.82734
93988: 0.827341
93989: 0.827343
93990: 0.827345
93991: 0.827347
93992: 0.827349
93993: 0.827351
93994: 0.827353
93995: 0.827354
93996: 0.827356
93997: 0.827358
93998: 0.827349
93999: 0.827351
94000: 0.827353
94001: 0.827355
94002: 0.827357
94003: 0.827348
94004: 0.827339
94005: 0.82733
94006: 0.827332
94007: 0.827334
94008: 0.827336
94009: 0.827338
94010: 0.827339
94011: 0.827341
94012: 0.827343
94013: 0.827345
94014: 0.827347
94015: 0.827349
94016: 0.82735
94017: 0.827352
94018: 0.827354
94019: 0.827345
94020: 0.827336
94021: 0.827328
94022: 0.827329
94023: 0.827331
94024: 0.827333
94025: 0.827335
94026: 0.827337
94027: 0.827339
94028: 0.827341
94029: 0.827332
94030: 0.827323
94031: 0.827325
94032: 0.827327
94033: 0.827328
94034: 0.82733
94035: 0.827332
94036: 0.827334
94037: 0.827336
94038: 0.827338
94039: 0.827339
94040: 0.827341
94041: 0.827343
94042: 0.827345
94043: 0.827347
94044: 0.827349
94045: 0.82735
94046: 0.827352
94047: 0.827354
94048: 0.827345
94049: 0.827347
94050: 0.827349
94051: 0.827351
94052: 0.827353
94053: 0.827354
94054: 0.827356
94055: 0.827358
94056: 0.82736
94057: 0.827362
94058: 0.827364
94059: 0.827355
94060: 0.827346
94061: 0.827348
94062: 0.82735
94063: 0.827352
94064: 0.827353
94065: 0.827355
94066: 0.827357
94067: 0.827359
94068: 0.827361
94069: 0.827363
94070: 0.827364
94071: 0.827366
94072: 0.827368
94073: 0.827359
94074: 0.827361
94075: 0.827363
94076: 0.827365
94077: 0.827367
94078: 0.827368
94079: 0.82737
94080: 0.827362
94081: 0.827353
94082: 0.827344
94083: 0.827346
94084: 0.827348
94085: 0.827349
94086: 0.827351
94087: 0.827342
94088: 0.827334
94089: 0.827336
94090: 0.827337
94091: 0.827339
94092: 0.827341
94093: 0.827343
94094: 0.827345
94095: 0.827347
94096: 0.827348
94097: 0.82735
94098: 0.827352
94099: 0.827354
94100: 0.827356
94101: 0.827358
94102: 0.827349
94103: 0.82734
94104: 0.827331
94105: 0.827322
94106: 0.827314
94107: 0.827305
94108: 0.827296
94109: 0.827287
94110: 0.827278
94111: 0.82727
94112: 0.827271
94113: 0.827273
94114: 0.827275
94115: 0.827277
94116: 0.827279
94117: 0.827281
94118: 0.827282
94119: 0.827284
94120: 0.827286
94121: 0.827277
94122: 0.827269
94123: 0.82727
94124: 0.827272
94125: 0.827263
94126: 0.827255
94127: 0.827246
94128: 0.827237
94129: 0.827239
94130: 0.827241
94131: 0.827243
94132: 0.827234
94133: 0.827236
94134: 0.827237
94135: 0.827239
94136: 0.827241
94137: 0.827243
94138: 0.827245
94139: 0.827247
94140: 0.827248
94141: 0.82725
94142: 0.827252
94143: 0.827243
94144: 0.827235
94145: 0.827236
94146: 0.827238
94147: 0.82724
94148: 0.827242
94149: 0.827244
94150: 0.827246
94151: 0.827247
94152: 0.827249
94153: 0.827251
94154: 0.827253
94155: 0.827244
94156: 0.827246
94157: 0.827248
94158: 0.82725
94159: 0.827251
94160: 0.827253
94161: 0.827255
94162: 0.827257
94163: 0.827259
94164: 0.827261
94165: 0.827262
94166: 0.827264
94167: 0.827266
94168: 0.827268
94169: 0.82727
94170: 0.827261
94171: 0.827263
94172: 0.827265
94173: 0.827267
94174: 0.827258
94175: 0.82726
94176: 0.827261
94177: 0.827263
94178: 0.827265
94179: 0.827267
94180: 0.827269
94181: 0.827271
94182: 0.827272
94183: 0.827274
94184: 0.827276
94185: 0.827278
94186: 0.82728
94187: 0.827282
94188: 0.827283
94189: 0.827285
94190: 0.827287
94191: 0.827289
94192: 0.827291
94193: 0.827293
94194: 0.827294
94195: 0.827286
94196: 0.827287
94197: 0.827289
94198: 0.827291
94199: 0.827282
94200: 0.827274
94201: 0.827265
94202: 0.827256
94203: 0.827258
94204: 0.82726
94205: 0.827262
94206: 0.827263
94207: 0.827265
94208: 0.827267
94209: 0.827269
94210: 0.827271
94211: 0.827273
94212: 0.827274
94213: 0.827276
94214: 0.827267
94215: 0.827259
94216: 0.82726
94217: 0.827262
94218: 0.827264
94219: 0.827266
94220: 0.827268
94221: 0.82727
94222: 0.827271
94223: 0.827273
94224: 0.827275
94225: 0.827277
94226: 0.827279
94227: 0.827281
94228: 0.827272
94229: 0.827263
94230: 0.827254
94231: 0.827256
94232: 0.827258
94233: 0.82726
94234: 0.827251
94235: 0.827253
94236: 0.827255
94237: 0.827257
94238: 0.827258
94239: 0.82726
94240: 0.827262
94241: 0.827264
94242: 0.827266
94243: 0.827268
94244: 0.827269
94245: 0.827271
94246: 0.827273
94247: 0.827275
94248: 0.827277
94249: 0.827279
94250: 0.82728
94251: 0.827282
94252: 0.827284
94253: 0.827286
94254: 0.827288
94255: 0.82729
94256: 0.827291
94257: 0.827293
94258: 0.827295
94259: 0.827297
94260: 0.827299
94261: 0.82729
94262: 0.827292
94263: 0.827294
94264: 0.827285
94265: 0.827287
94266: 0.827288
94267: 0.82729
94268: 0.827292
94269: 0.827283
94270: 0.827285
94271: 0.827287
94272: 0.827289
94273: 0.827291
94274: 0.827292
94275: 0.827294
94276: 0.827296
94277: 0.827298
94278: 0.8273
94279: 0.827302
94280: 0.827303
94281: 0.827305
94282: 0.827307
94283: 0.827309
94284: 0.8273
94285: 0.827291
94286: 0.827293
94287: 0.827295
94288: 0.827297
94289: 0.827299
94290: 0.82729
94291: 0.827292
94292: 0.827294
94293: 0.827295
94294: 0.827297
94295: 0.827299
94296: 0.827301
94297: 0.827303
94298: 0.827305
94299: 0.827296
94300: 0.827298
94301: 0.8273
94302: 0.827291
94303: 0.827293
94304: 0.827294
94305: 0.827296
94306: 0.827298
94307: 0.8273
94308: 0.827291
94309: 0.827293
94310: 0.827295
94311: 0.827297
94312: 0.827298
94313: 0.8273
94314: 0.827302
94315: 0.827304
94316: 0.827306
94317: 0.827308
94318: 0.827309
94319: 0.827311
94320: 0.827313
94321: 0.827315
94322: 0.827317
94323: 0.827319
94324: 0.82732
94325: 0.827322
94326: 0.827324
94327: 0.827326
94328: 0.827328
94329: 0.82733
94330: 0.827331
94331: 0.827333
94332: 0.827335
94333: 0.827337
94334: 0.827339
94335: 0.82733
94336: 0.827321
94337: 0.827312
94338: 0.827314
94339: 0.827316
94340: 0.827318
94341: 0.82732
94342: 0.827322
94343: 0.827323
94344: 0.827325
94345: 0.827327
94346: 0.827329
94347: 0.827331
94348: 0.827333
94349: 0.827334
94350: 0.827336
94351: 0.827338
94352: 0.827329
94353: 0.827321
94354: 0.827322
94355: 0.827314
94356: 0.827315
94357: 0.827317
94358: 0.827319
94359: 0.827321
94360: 0.827323
94361: 0.827325
94362: 0.827326
94363: 0.827328
94364: 0.82733
94365: 0.827321
94366: 0.827313
94367: 0.827314
94368: 0.827306
94369: 0.827297
94370: 0.827299
94371: 0.8273
94372: 0.827302
94373: 0.827304
94374: 0.827306
94375: 0.827308
94376: 0.82731
94377: 0.827311
94378: 0.827313
94379: 0.827315
94380: 0.827317
94381: 0.827319
94382: 0.82731
94383: 0.827301
94384: 0.827303
94385: 0.827305
94386: 0.827307
94387: 0.827309
94388: 0.82731
94389: 0.827312
94390: 0.827314
94391: 0.827316
94392: 0.827318
94393: 0.827309
94394: 0.8273
94395: 0.827302
94396: 0.827304
94397: 0.827306
94398: 0.827307
94399: 0.827309
94400: 0.827311
94401: 0.827313
94402: 0.827304
94403: 0.827306
94404: 0.827308
94405: 0.82731
94406: 0.827312
94407: 0.827313
94408: 0.827315
94409: 0.827317
94410: 0.827319
94411: 0.827321
94412: 0.827312
94413: 0.827314
94414: 0.827316
94415: 0.827317
94416: 0.827319
94417: 0.827321
94418: 0.827323
94419: 0.827325
94420: 0.827327
94421: 0.827328
94422: 0.82733
94423: 0.827332
94424: 0.827334
94425: 0.827336
94426: 0.827338
94427: 0.827339
94428: 0.827341
94429: 0.827343
94430: 0.827345
94431: 0.827347
94432: 0.827348
94433: 0.82735
94434: 0.827352
94435: 0.827354
94436: 0.827356
94437: 0.827358
94438: 0.827359
94439: 0.827361
94440: 0.827363
94441: 0.827365
94442: 0.827356
94443: 0.827347
94444: 0.827349
94445: 0.827351
94446: 0.827353
94447: 0.827355
94448: 0.827357
94449: 0.827348
94450: 0.82735
94451: 0.827351
94452: 0.827343
94453: 0.827334
94454: 0.827325
94455: 0.827327
94456: 0.827329
94457: 0.827331
94458: 0.827332
94459: 0.827334
94460: 0.827336
94461: 0.827338
94462: 0.82734
94463: 0.827331
94464: 0.827333
94465: 0.827335
94466: 0.827337
94467: 0.827338
94468: 0.82734
94469: 0.827342
94470: 0.827344
94471: 0.827346
94472: 0.827347
94473: 0.827349
94474: 0.827351
94475: 0.827353
94476: 0.827355
94477: 0.827357
94478: 0.827358
94479: 0.82735
94480: 0.827352
94481: 0.827353
94482: 0.827355
94483: 0.827357
94484: 0.827359
94485: 0.827361
94486: 0.827362
94487: 0.827364
94488: 0.827366
94489: 0.827368
94490: 0.82737
94491: 0.827372
94492: 0.827363
94493: 0.827354
94494: 0.827345
94495: 0.827337
94496: 0.827338
94497: 0.82733
94498: 0.827332
94499: 0.827333
94500: 0.827335
94501: 0.827337
94502: 0.827339
94503: 0.827341
94504: 0.827342
94505: 0.827344
94506: 0.827346
94507: 0.827348
94508: 0.82735
94509: 0.827352
94510: 0.827353
94511: 0.827355
94512: 0.827357
94513: 0.827359
94514: 0.827361
94515: 0.827363
94516: 0.827364
94517: 0.827366
94518: 0.827357
94519: 0.827349
94520: 0.827351
94521: 0.827352
94522: 0.827354
94523: 0.827356
94524: 0.827358
94525: 0.82736
94526: 0.827361
94527: 0.827363
94528: 0.827355
94529: 0.827356
94530: 0.827358
94531: 0.82736
94532: 0.827362
94533: 0.827364
94534: 0.827355
94535: 0.827357
94536: 0.827359
94537: 0.82736
94538: 0.827362
94539: 0.827364
94540: 0.827366
94541: 0.827368
94542: 0.82737
94543: 0.827371
94544: 0.827373
94545: 0.827375
94546: 0.827377
94547: 0.827379
94548: 0.827381
94549: 0.827382
94550: 0.827384
94551: 0.827386
94552: 0.827388
94553: 0.82739
94554: 0.827381
94555: 0.827372
94556: 0.827374
94557: 0.827376
94558: 0.827378
94559: 0.827379
94560: 0.827381
94561: 0.827383
94562: 0.827385
94563: 0.827387
94564: 0.827378
94565: 0.82738
94566: 0.827382
94567: 0.827383
94568: 0.827385
94569: 0.827387
94570: 0.827378
94571: 0.82738
94572: 0.827382
94573: 0.827384
94574: 0.827386
94575: 0.827377
94576: 0.827368
94577: 0.827359
94578: 0.827351
94579: 0.827353
94580: 0.827354
94581: 0.827346
94582: 0.827347
94583: 0.827339
94584: 0.82734
94585: 0.827342
94586: 0.827344
94587: 0.827335
94588: 0.827337
94589: 0.827339
94590: 0.827341
94591: 0.827332
94592: 0.827323
94593: 0.827325
94594: 0.827316
94595: 0.827318
94596: 0.82732
94597: 0.827311
94598: 0.827313
94599: 0.827315
94600: 0.827317
94601: 0.827319
94602: 0.82732
94603: 0.827322
94604: 0.827324
94605: 0.827326
94606: 0.827328
94607: 0.82733
94608: 0.827331
94609: 0.827333
94610: 0.827325
94611: 0.827326
94612: 0.827328
94613: 0.82733
94614: 0.827321
94615: 0.827313
94616: 0.827304
94617: 0.827306
94618: 0.827307
94619: 0.827309
94620: 0.827311
94621: 0.827313
94622: 0.827315
94623: 0.827306
94624: 0.827308
94625: 0.82731
94626: 0.827301
94627: 0.827303
94628: 0.827305
94629: 0.827306
94630: 0.827308
94631: 0.82731
94632: 0.827312
94633: 0.827314
94634: 0.827315
94635: 0.827317
94636: 0.827319
94637: 0.827321
94638: 0.827323
94639: 0.827325
94640: 0.827326
94641: 0.827328
94642: 0.82733
94643: 0.827332
94644: 0.827334
94645: 0.827336
94646: 0.827337
94647: 0.827339
94648: 0.827341
94649: 0.827343
94650: 0.827345
94651: 0.827346
94652: 0.827348
94653: 0.82735
94654: 0.827352
94655: 0.827354
94656: 0.827356
94657: 0.827357
94658: 0.827359
94659: 0.827361
94660: 0.827363
94661: 0.827365
94662: 0.827356
94663: 0.827347
94664: 0.827339
94665: 0.82734
94666: 0.827342
94667: 0.827344
94668: 0.827346
94669: 0.827337
94670: 0.827328
94671: 0.82733
94672: 0.827332
94673: 0.827334
94674: 0.827336
94675: 0.827337
94676: 0.827339
94677: 0.827341
94678: 0.827343
94679: 0.827345
94680: 0.827347
94681: 0.827348
94682: 0.82735
94683: 0.827352
94684: 0.827354
94685: 0.827356
94686: 0.827358
94687: 0.827359
94688: 0.827361
94689: 0.827363
94690: 0.827365
94691: 0.827367
94692: 0.827368
94693: 0.82737
94694: 0.827362
94695: 0.827353
94696: 0.827355
94697: 0.827356
94698: 0.827358
94699: 0.82736
94700: 0.827362
94701: 0.827364
94702: 0.827366
94703: 0.827367
94704: 0.827369
94705: 0.82736
94706: 0.827352
94707: 0.827354
94708: 0.827355
94709: 0.827357
94710: 0.827359
94711: 0.827361
94712: 0.827363
94713: 0.827364
94714: 0.827366
94715: 0.827368
94716: 0.82737
94717: 0.827372
94718: 0.827374
94719: 0.827375
94720: 0.827377
94721: 0.827379
94722: 0.827381
94723: 0.827383
94724: 0.827385
94725: 0.827386
94726: 0.827378
94727: 0.827379
94728: 0.827381
94729: 0.827383
94730: 0.827385
94731: 0.827387
94732: 0.827389
94733: 0.82739
94734: 0.827392
94735: 0.827394
94736: 0.827396
94737: 0.827398
94738: 0.827389
94739: 0.827391
94740: 0.827382
94741: 0.827384
94742: 0.827375
94743: 0.827377
94744: 0.827379
94745: 0.827381
94746: 0.827382
94747: 0.827384
94748: 0.827386
94749: 0.827388
94750: 0.827379
94751: 0.82737
94752: 0.827362
94753: 0.827363
94754: 0.827365
94755: 0.827367
94756: 0.827369
94757: 0.827371
94758: 0.827373
94759: 0.827374
94760: 0.827366
94761: 0.827357
94762: 0.827348
94763: 0.82735
94764: 0.827352
94765: 0.827354
94766: 0.827356
94767: 0.827347
94768: 0.827338
94769: 0.827329
94770: 0.827331
94771: 0.827333
94772: 0.827335
94773: 0.827326
94774: 0.827328
94775: 0.82733
94776: 0.827332
94777: 0.827333
94778: 0.827335
94779: 0.827337
94780: 0.827328
94781: 0.82732
94782: 0.827321
94783: 0.827323
94784: 0.827325
94785: 0.827327
94786: 0.827318
94787: 0.82732
94788: 0.827311
94789: 0.827313
94790: 0.827315
94791: 0.827306
94792: 0.827308
94793: 0.82731
94794: 0.827312
94795: 0.827313
94796: 0.827315
94797: 0.827317
94798: 0.827319
94799: 0.827321
94800: 0.827322
94801: 0.827324
94802: 0.827326
94803: 0.827328
94804: 0.82733
94805: 0.827332
94806: 0.827333
94807: 0.827335
94808: 0.827327
94809: 0.827328
94810: 0.82733
94811: 0.827332
94812: 0.827334
94813: 0.827325
94814: 0.827327
94815: 0.827329
94816: 0.827331
94817: 0.827332
94818: 0.827334
94819: 0.827336
94820: 0.827338
94821: 0.82734
94822: 0.827341
94823: 0.827343
94824: 0.827345
94825: 0.827347
94826: 0.827349
94827: 0.827351
94828: 0.827352
94829: 0.827354
94830: 0.827356
94831: 0.827358
94832: 0.82736
94833: 0.827361
94834: 0.827363
94835: 0.827365
94836: 0.827367
94837: 0.827369
94838: 0.827371
94839: 0.827372
94840: 0.827374
94841: 0.827366
94842: 0.827367
94843: 0.827369
94844: 0.827371
94845: 0.827373
94846: 0.827375
94847: 0.827376
94848: 0.827378
94849: 0.82738
94850: 0.827371
94851: 0.827373
94852: 0.827364
94853: 0.827366
94854: 0.827368
94855: 0.82737
94856: 0.827361
94857: 0.827363
94858: 0.827365
94859: 0.827367
94860: 0.827358
94861: 0.82736
94862: 0.827362
94863: 0.827363
94864: 0.827365
94865: 0.827367
94866: 0.827369
94867: 0.827371
94868: 0.827372
94869: 0.827374
94870: 0.827376
94871: 0.827378
94872: 0.82738
94873: 0.827371
94874: 0.827373
94875: 0.827375
94876: 0.827376
94877: 0.827368
94878: 0.827359
94879: 0.827361
94880: 0.827363
94881: 0.827354
94882: 0.827356
94883: 0.827358
94884: 0.827349
94885: 0.82734
94886: 0.827342
94887: 0.827344
94888: 0.827346
94889: 0.827347
94890: 0.827349
94891: 0.827351
94892: 0.827353
94893: 0.827355
94894: 0.827357
94895: 0.827358
94896: 0.82736
94897: 0.827362
94898: 0.827364
94899: 0.827366
94900: 0.827367
94901: 0.827359
94902: 0.82735
94903: 0.827341
94904: 0.827343
94905: 0.827345
94906: 0.827347
94907: 0.827349
94908: 0.82735
94909: 0.827352
94910: 0.827354
94911: 0.827356
94912: 0.827358
94913: 0.82736
94914: 0.827361
94915: 0.827353
94916: 0.827344
94917: 0.827346
94918: 0.827348
94919: 0.827349
94920: 0.827351
94921: 0.827353
94922: 0.827355
94923: 0.827357
94924: 0.827358
94925: 0.82735
94926: 0.827352
94927: 0.827343
94928: 0.827345
94929: 0.827346
94930: 0.827348
94931: 0.82735
94932: 0.827352
94933: 0.827343
94934: 0.827334
94935: 0.827336
94936: 0.827338
94937: 0.82734
94938: 0.827342
94939: 0.827344
94940: 0.827345
94941: 0.827347
94942: 0.827349
94943: 0.827351
94944: 0.827353
94945: 0.827354
94946: 0.827356
94947: 0.827358
94948: 0.82736
94949: 0.827362
94950: 0.827364
94951: 0.827365
94952: 0.827367
94953: 0.827369
94954: 0.827371
94955: 0.827373
94956: 0.827374
94957: 0.827376
94958: 0.827378
94959: 0.82738
94960: 0.827382
94961: 0.827384
94962: 0.827385
94963: 0.827387
94964: 0.827389
94965: 0.827391
94966: 0.827393
94967: 0.827394
94968: 0.827396
94969: 0.827398
94970: 0.827389
94971: 0.827381
94972: 0.827383
94973: 0.827384
94974: 0.827386
94975: 0.827388
94976: 0.82739
94977: 0.827392
94978: 0.827393
94979: 0.827395
94980: 0.827397
94981: 0.827399
94982: 0.827401
94983: 0.827403
94984: 0.827404
94985: 0.827406
94986: 0.827408
94987: 0.82741
94988: 0.827412
94989: 0.827413
94990: 0.827415
94991: 0.827417
94992: 0.827419
94993: 0.82741
94994: 0.827412
94995: 0.827414
94996: 0.827416
94997: 0.827417
94998: 0.827419
94999: 0.827421
95000: 0.827423
95001: 0.827414
95002: 0.827405
95003: 0.827407
95004: 0.827409
95005: 0.8274
95006: 0.827392
95007: 0.827393
95008: 0.827395
95009: 0.827397
95010: 0.827399
95011: 0.827401
95012: 0.827403
95013: 0.827404
95014: 0.827406
95015: 0.827408
95016: 0.82741
95017: 0.827412
95018: 0.827413
95019: 0.827415
95020: 0.827417
95021: 0.827419
95022: 0.82741
95023: 0.827412
95024: 0.827414
95025: 0.827416
95026: 0.827417
95027: 0.827409
95028: 0.827411
95029: 0.827412
95030: 0.827414
95031: 0.827416
95032: 0.827418
95033: 0.82742
95034: 0.827421
95035: 0.827423
95036: 0.827425
95037: 0.827427
95038: 0.827429
95039: 0.827431
95040: 0.827432
95041: 0.827434
95042: 0.827436
95043: 0.827438
95044: 0.82744
95045: 0.827441
95046: 0.827443
95047: 0.827445
95048: 0.827447
95049: 0.827449
95050: 0.827451
95051: 0.827452
95052: 0.827454
95053: 0.827456
95054: 0.827458
95055: 0.82746
95056: 0.827461
95057: 0.827463
95058: 0.827465
95059: 0.827467
95060: 0.827469
95061: 0.82747
95062: 0.827472
95063: 0.827474
95064: 0.827476
95065: 0.827478
95066: 0.82748
95067: 0.827481
95068: 0.827483
95069: 0.827485
95070: 0.827487
95071: 0.827489
95072: 0.82749
95073: 0.827492
95074: 0.827494
95075: 0.827496
95076: 0.827498
95077: 0.8275
95078: 0.827501
95079: 0.827503
95080: 0.827505
95081: 0.827507
95082: 0.827509
95083: 0.82751
95084: 0.827512
95085: 0.827514
95086: 0.827505
95087: 0.827507
95088: 0.827509
95089: 0.827511
95090: 0.827502
95091: 0.827504
95092: 0.827506
95093: 0.827508
95094: 0.827509
95095: 0.827501
95096: 0.827502
95097: 0.827504
95098: 0.827506
95099: 0.827508
95100: 0.82751
95101: 0.827512
95102: 0.827513
95103: 0.827515
95104: 0.827517
95105: 0.827519
95106: 0.827521
95107: 0.827522
95108: 0.827524
95109: 0.827526
95110: 0.827528
95111: 0.82753
95112: 0.827531
95113: 0.827533
95114: 0.827535
95115: 0.827537
95116: 0.827539
95117: 0.827541
95118: 0.827542
95119: 0.827544
95120: 0.827546
95121: 0.827548
95122: 0.82755
95123: 0.827551
95124: 0.827553
95125: 0.827555
95126: 0.827557
95127: 0.827559
95128: 0.82756
95129: 0.827562
95130: 0.827564
95131: 0.827566
95132: 0.827568
95133: 0.82757
95134: 0.827571
95135: 0.827573
95136: 0.827575
95137: 0.827577
95138: 0.827579
95139: 0.82758
95140: 0.827582
95141: 0.827584
95142: 0.827586
95143: 0.827588
95144: 0.827579
95145: 0.827581
95146: 0.827572
95147: 0.827574
95148: 0.827576
95149: 0.827578
95150: 0.827579
95151: 0.827581
95152: 0.827583
95153: 0.827585
95154: 0.827587
95155: 0.827578
95156: 0.827569
95157: 0.827571
95158: 0.827573
95159: 0.827575
95160: 0.827576
95161: 0.827578
95162: 0.82758
95163: 0.827582
95164: 0.827584
95165: 0.827585
95166: 0.827587
95167: 0.827589
95168: 0.827591
95169: 0.827593
95170: 0.827584
95171: 0.827586
95172: 0.827577
95173: 0.827568
95174: 0.82756
95175: 0.827562
95176: 0.827553
95177: 0.827555
95178: 0.827556
95179: 0.827558
95180: 0.82755
95181: 0.827541
95182: 0.827532
95183: 0.827524
95184: 0.827515
95185: 0.827506
95186: 0.827508
95187: 0.82751
95188: 0.827512
95189: 0.827513
95190: 0.827515
95191: 0.827517
95192: 0.827519
95193: 0.82751
95194: 0.827512
95195: 0.827514
95196: 0.827516
95197: 0.827517
95198: 0.827519
95199: 0.827521
95200: 0.827523
95201: 0.827525
95202: 0.827526
95203: 0.827528
95204: 0.82753
95205: 0.827521
95206: 0.827513
95207: 0.827514
95208: 0.827516
95209: 0.827508
95210: 0.827509
95211: 0.827511
95212: 0.827513
95213: 0.827515
95214: 0.827517
95215: 0.827518
95216: 0.82752
95217: 0.827522
95218: 0.827524
95219: 0.827526
95220: 0.827528
95221: 0.827519
95222: 0.827521
95223: 0.827522
95224: 0.827524
95225: 0.827526
95226: 0.827528
95227: 0.82753
95228: 0.827532
95229: 0.827533
95230: 0.827535
95231: 0.827537
95232: 0.827539
95233: 0.827541
95234: 0.827542
95235: 0.827534
95236: 0.827536
95237: 0.827537
95238: 0.827539
95239: 0.827541
95240: 0.827543
95241: 0.827534
95242: 0.827525
95243: 0.827517
95244: 0.827519
95245: 0.82752
95246: 0.827522
95247: 0.827524
95248: 0.827515
95249: 0.827517
95250: 0.827519
95251: 0.827521
95252: 0.827522
95253: 0.827514
95254: 0.827516
95255: 0.827517
95256: 0.827519
95257: 0.827521
95258: 0.827523
95259: 0.827525
95260: 0.827526
95261: 0.827528
95262: 0.82753
95263: 0.827521
95264: 0.827513
95265: 0.827515
95266: 0.827516
95267: 0.827508
95268: 0.827499
95269: 0.827501
95270: 0.827503
95271: 0.827494
95272: 0.827485
95273: 0.827487
95274: 0.827489
95275: 0.82748
95276: 0.827482
95277: 0.827484
95278: 0.827486
95279: 0.827487
95280: 0.827479
95281: 0.82747
95282: 0.827472
95283: 0.827474
95284: 0.827475
95285: 0.827477
95286: 0.827479
95287: 0.827481
95288: 0.827483
95289: 0.827485
95290: 0.827476
95291: 0.827467
95292: 0.827469
95293: 0.827471
95294: 0.827473
95295: 0.827474
95296: 0.827476
95297: 0.827478
95298: 0.82748
95299: 0.827482
95300: 0.827473
95301: 0.827464
95302: 0.827466
95303: 0.827468
95304: 0.82747
95305: 0.827472
95306: 0.827473
95307: 0.827465
95308: 0.827466
95309: 0.827468
95310: 0.82747
95311: 0.827472
95312: 0.827474
95313: 0.827465
95314: 0.827467
95315: 0.827469
95316: 0.82747
95317: 0.827472
95318: 0.827474
95319: 0.827465
95320: 0.827467
95321: 0.827469
95322: 0.827471
95323: 0.827473
95324: 0.827474
95325: 0.827476
95326: 0.827478
95327: 0.82748
95328: 0.827482
95329: 0.827483
95330: 0.827485
95331: 0.827487
95332: 0.827489
95333: 0.827491
95334: 0.827493
95335: 0.827494
95336: 0.827496
95337: 0.827498
95338: 0.8275
95339: 0.827502
95340: 0.827503
95341: 0.827505
95342: 0.827507
95343: 0.827509
95344: 0.8275
95345: 0.827491
95346: 0.827493
95347: 0.827495
95348: 0.827497
95349: 0.827499
95350: 0.8275
95351: 0.827502
95352: 0.827504
95353: 0.827506
95354: 0.827508
95355: 0.82751
95356: 0.827511
95357: 0.827513
95358: 0.827515
95359: 0.827517
95360: 0.827519
95361: 0.82752
95362: 0.827522
95363: 0.827524
95364: 0.827526
95365: 0.827528
95366: 0.827529
95367: 0.827521
95368: 0.827523
95369: 0.827524
95370: 0.827526
95371: 0.827528
95372: 0.82753
95373: 0.827532
95374: 0.827533
95375: 0.827535
95376: 0.827537
95377: 0.827539
95378: 0.827541
95379: 0.827542
95380: 0.827544
95381: 0.827546
95382: 0.827548
95383: 0.827539
95384: 0.827541
95385: 0.827543
95386: 0.827545
95387: 0.827546
95388: 0.827538
95389: 0.827529
95390: 0.827531
95391: 0.827533
95392: 0.827535
95393: 0.827536
95394: 0.827538
95395: 0.82754
95396: 0.827542
95397: 0.827544
95398: 0.827545
95399: 0.827547
95400: 0.827549
95401: 0.82754
95402: 0.827542
95403: 0.827544
95404: 0.827546
95405: 0.827548
95406: 0.827549
95407: 0.827551
95408: 0.827542
95409: 0.827544
95410: 0.827536
95411: 0.827527
95412: 0.827529
95413: 0.827531
95414: 0.827532
95415: 0.827534
95416: 0.827536
95417: 0.827538
95418: 0.82754
95419: 0.827531
95420: 0.827533
95421: 0.827535
95422: 0.827536
95423: 0.827538
95424: 0.82754
95425: 0.827542
95426: 0.827544
95427: 0.827535
95428: 0.827537
95429: 0.827539
95430: 0.82754
95431: 0.827542
95432: 0.827544
95433: 0.827535
95434: 0.827527
95435: 0.827528
95436: 0.82753
95437: 0.827532
95438: 0.827534
95439: 0.827536
95440: 0.827537
95441: 0.827539
95442: 0.827541
95443: 0.827543
95444: 0.827545
95445: 0.827546
95446: 0.827548
95447: 0.82755
95448: 0.827552
95449: 0.827554
95450: 0.827555
95451: 0.827557
95452: 0.827559
95453: 0.827561
95454: 0.827563
95455: 0.827565
95456: 0.827556
95457: 0.827558
95458: 0.827559
95459: 0.827561
95460: 0.827563
95461: 0.827565
95462: 0.827567
95463: 0.827569
95464: 0.82756
95465: 0.827551
95466: 0.827553
95467: 0.827544
95468: 0.827546
95469: 0.827537
95470: 0.827539
95471: 0.827541
95472: 0.827543
95473: 0.827545
95474: 0.827546
95475: 0.827548
95476: 0.82755
95477: 0.827552
95478: 0.827554
95479: 0.827556
95480: 0.827557
95481: 0.827559
95482: 0.82755
95483: 0.827542
95484: 0.827544
95485: 0.827545
95486: 0.827547
95487: 0.827549
95488: 0.827551
95489: 0.827553
95490: 0.827554
95491: 0.827556
95492: 0.827558
95493: 0.82756
95494: 0.827562
95495: 0.827563
95496: 0.827555
95497: 0.827546
95498: 0.827548
95499: 0.82755
95500: 0.827552
95501: 0.827553
95502: 0.827555
95503: 0.827557
95504: 0.827559
95505: 0.827561
95506: 0.827562
95507: 0.827564
95508: 0.827566
95509: 0.827568
95510: 0.82757
95511: 0.827571
95512: 0.827573
95513: 0.827575
95514: 0.827577
95515: 0.827568
95516: 0.82757
95517: 0.827572
95518: 0.827574
95519: 0.827575
95520: 0.827567
95521: 0.827569
95522: 0.82757
95523: 0.827572
95524: 0.827574
95525: 0.827576
95526: 0.827578
95527: 0.827579
95528: 0.827581
95529: 0.827572
95530: 0.827564
95531: 0.827566
95532: 0.827567
95533: 0.827569
95534: 0.827571
95535: 0.827573
95536: 0.827575
95537: 0.827576
95538: 0.827578
95539: 0.82758
95540: 0.827571
95541: 0.827563
95542: 0.827554
95543: 0.827556
95544: 0.827558
95545: 0.82756
95546: 0.827561
95547: 0.827563
95548: 0.827565
95549: 0.827567
95550: 0.827569
95551: 0.82757
95552: 0.827572
95553: 0.827563
95554: 0.827565
95555: 0.827567
95556: 0.827569
95557: 0.827571
95558: 0.827572
95559: 0.827564
95560: 0.827566
95561: 0.827567
95562: 0.827569
95563: 0.827571
95564: 0.827573
95565: 0.827575
95566: 0.827576
95567: 0.827578
95568: 0.82758
95569: 0.827582
95570: 0.827584
95571: 0.827585
95572: 0.827587
95573: 0.827589
95574: 0.827591
95575: 0.827593
95576: 0.827595
95577: 0.827596
95578: 0.827598
95579: 0.8276
95580: 0.827602
95581: 0.827604
95582: 0.827605
95583: 0.827607
95584: 0.827609
95585: 0.827611
95586: 0.827613
95587: 0.827614
95588: 0.827606
95589: 0.827607
95590: 0.827609
95591: 0.827611
95592: 0.827613
95593: 0.827615
95594: 0.827617
95595: 0.827618
95596: 0.82762
95597: 0.827622
95598: 0.827624
95599: 0.827626
95600: 0.827627
95601: 0.827629
95602: 0.827631
95603: 0.827633
95604: 0.827635
95605: 0.827636
95606: 0.827638
95607: 0.82764
95608: 0.827642
95609: 0.827644
95610: 0.827645
95611: 0.827647
95612: 0.827649
95613: 0.82764
95614: 0.827642
95615: 0.827644
95616: 0.827646
95617: 0.827648
95618: 0.827649
95619: 0.827651
95620: 0.827653
95621: 0.827655
95622: 0.827657
95623: 0.827658
95624: 0.82766
95625: 0.827662
95626: 0.827664
95627: 0.827666
95628: 0.827667
95629: 0.827669
95630: 0.82766
95631: 0.827662
95632: 0.827664
95633: 0.827666
95634: 0.827668
95635: 0.827669
95636: 0.827671
95637: 0.827673
95638: 0.827664
95639: 0.827656
95640: 0.827647
95641: 0.827638
95642: 0.82763
95643: 0.827621
95644: 0.827623
95645: 0.827625
95646: 0.827627
95647: 0.827628
95648: 0.82762
95649: 0.827622
95650: 0.827623
95651: 0.827625
95652: 0.827627
95653: 0.827629
95654: 0.827631
95655: 0.827632
95656: 0.827634
95657: 0.827625
95658: 0.827617
95659: 0.827619
95660: 0.82762
95661: 0.827622
95662: 0.827614
95663: 0.827615
95664: 0.827617
95665: 0.827619
95666: 0.827621
95667: 0.827623
95668: 0.827624
95669: 0.827626
95670: 0.827628
95671: 0.82763
95672: 0.827621
95673: 0.827613
95674: 0.827604
95675: 0.827595
95676: 0.827587
95677: 0.827588
95678: 0.82759
95679: 0.827592
95680: 0.827594
95681: 0.827596
95682: 0.827597
95683: 0.827599
95684: 0.827601
95685: 0.827592
95686: 0.827584
95687: 0.827585
95688: 0.827587
95689: 0.827589
95690: 0.827591
95691: 0.827593
95692: 0.827594
95693: 0.827596
95694: 0.827598
95695: 0.827589
95696: 0.827581
95697: 0.827583
95698: 0.827584
95699: 0.827586
95700: 0.827588
95701: 0.827579
95702: 0.827581
95703: 0.827583
95704: 0.827585
95705: 0.827587
95706: 0.827588
95707: 0.82758
95708: 0.827571
95709: 0.827562
95710: 0.827564
95711: 0.827566
95712: 0.827568
95713: 0.82757
95714: 0.827571
95715: 0.827573
95716: 0.827575
95717: 0.827566
95718: 0.827568
95719: 0.82757
95720: 0.827572
95721: 0.827574
95722: 0.827575
95723: 0.827577
95724: 0.827579
95725: 0.827581
95726: 0.827572
95727: 0.827564
95728: 0.827555
95729: 0.827546
95730: 0.827548
95731: 0.82755
95732: 0.827552
95733: 0.827553
95734: 0.827555
95735: 0.827557
95736: 0.827559
95737: 0.827561
95738: 0.827562
95739: 0.827564
95740: 0.827566
95741: 0.827568
95742: 0.82757
95743: 0.827571
95744: 0.827573
95745: 0.827575
95746: 0.827577
95747: 0.827579
95748: 0.82758
95749: 0.827582
95750: 0.827584
95751: 0.827586
95752: 0.827588
95753: 0.827589
95754: 0.827591
95755: 0.827593
95756: 0.827595
95757: 0.827597
95758: 0.827598
95759: 0.82759
95760: 0.827581
95761: 0.827573
95762: 0.827574
95763: 0.827576
95764: 0.827578
95765: 0.82758
95766: 0.827571
95767: 0.827562
95768: 0.827564
95769: 0.827566
95770: 0.827568
95771: 0.82757
95772: 0.827561
95773: 0.827563
95774: 0.827554
95775: 0.827556
95776: 0.827558
95777: 0.82756
95778: 0.827561
95779: 0.827563
95780: 0.827565
95781: 0.827567
95782: 0.827569
95783: 0.82756
95784: 0.827562
95785: 0.827553
95786: 0.827555
95787: 0.827557
95788: 0.827558
95789: 0.82756
95790: 0.827562
95791: 0.827564
95792: 0.827566
95793: 0.827567
95794: 0.827569
95795: 0.827571
95796: 0.827573
95797: 0.827575
95798: 0.827576
95799: 0.827578
95800: 0.82757
95801: 0.827571
95802: 0.827563
95803: 0.827554
95804: 0.827556
95805: 0.827558
95806: 0.82756
95807: 0.827561
95808: 0.827563
95809: 0.827565
95810: 0.827567
95811: 0.827569
95812: 0.82757
95813: 0.827572
95814: 0.827574
95815: 0.827576
95816: 0.827578
95817: 0.827579
95818: 0.827581
95819: 0.827573
95820: 0.827564
95821: 0.827555
95822: 0.827557
95823: 0.827559
95824: 0.827561
95825: 0.827552
95826: 0.827543
95827: 0.827535
95828: 0.827526
95829: 0.827528
95830: 0.82753
95831: 0.827532
95832: 0.827533
95833: 0.827535
95834: 0.827526
95835: 0.827528
95836: 0.82753
95837: 0.827532
95838: 0.827523
95839: 0.827515
95840: 0.827506
95841: 0.827497
95842: 0.827489
95843: 0.827491
95844: 0.827492
95845: 0.827494
95846: 0.827496
95847: 0.827498
95848: 0.8275
95849: 0.827501
95850: 0.827493
95851: 0.827484
95852: 0.827486
95853: 0.827488
95854: 0.827489
95855: 0.827491
95856: 0.827493
95857: 0.827495
95858: 0.827497
95859: 0.827498
95860: 0.8275
95861: 0.827502
95862: 0.827493
95863: 0.827485
95864: 0.827476
95865: 0.827478
95866: 0.82748
95867: 0.827482
95868: 0.827483
95869: 0.827485
95870: 0.827477
95871: 0.827478
95872: 0.82748
95873: 0.827482
95874: 0.827484
95875: 0.827486
95876: 0.827487
95877: 0.827489
95878: 0.827491
95879: 0.827493
95880: 0.827494
95881: 0.827496
95882: 0.827498
95883: 0.8275
95884: 0.827502
95885: 0.827503
95886: 0.827505
95887: 0.827507
95888: 0.827509
95889: 0.8275
95890: 0.827502
95891: 0.827504
95892: 0.827506
95893: 0.827507
95894: 0.827509
95895: 0.827511
95896: 0.827513
95897: 0.827515
95898: 0.827516
95899: 0.827518
95900: 0.82751
95901: 0.827511
95902: 0.827503
95903: 0.827505
95904: 0.827506
95905: 0.827508
95906: 0.82751
95907: 0.827512
95908: 0.827514
95909: 0.827505
95910: 0.827496
95911: 0.827488
95912: 0.827489
95913: 0.827491
95914: 0.827493
95915: 0.827495
95916: 0.827497
95917: 0.827498
95918: 0.8275
95919: 0.827502
95920: 0.827504
95921: 0.827506
95922: 0.827497
95923: 0.827499
95924: 0.827501
95925: 0.827492
95926: 0.827494
95927: 0.827496
95928: 0.827497
95929: 0.827499
95930: 0.827501
95931: 0.827503
95932: 0.827505
95933: 0.827506
95934: 0.827498
95935: 0.827489
95936: 0.827481
95937: 0.827472
95938: 0.827474
95939: 0.827476
95940: 0.827477
95941: 0.827479
95942: 0.827481
95943: 0.827483
95944: 0.827484
95945: 0.827486
95946: 0.827488
95947: 0.82749
95948: 0.827492
95949: 0.827493
95950: 0.827495
95951: 0.827497
95952: 0.827499
95953: 0.82749
95954: 0.827492
95955: 0.827494
95956: 0.827496
95957: 0.827497
95958: 0.827499
95959: 0.827501
95960: 0.827503
95961: 0.827494
95962: 0.827486
95963: 0.827477
95964: 0.827468
95965: 0.82747
95966: 0.827472
95967: 0.827474
95968: 0.827476
95969: 0.827477
95970: 0.827479
95971: 0.827481
95972: 0.827483
95973: 0.827485
95974: 0.827486
95975: 0.827478
95976: 0.82748
95977: 0.827481
95978: 0.827483
95979: 0.827485
95980: 0.827487
95981: 0.827488
95982: 0.82749
95983: 0.827492
95984: 0.827494
95985: 0.827496
95986: 0.827497
95987: 0.827499
95988: 0.827491
95989: 0.827482
95990: 0.827473
95991: 0.827475
95992: 0.827477
95993: 0.827479
95994: 0.82747
95995: 0.827472
95996: 0.827474
95997: 0.827476
95998: 0.827477
95999: 0.827479
96000: 0.827481
96001: 0.827483
96002: 0.827485
96003: 0.827486
96004: 0.827488
96005: 0.82749
96006: 0.827492
96007: 0.827494
96008: 0.827495
96009: 0.827497
96010: 0.827499
96011: 0.827501
96012: 0.827503
96013: 0.827504
96014: 0.827506
96015: 0.827508
96016: 0.82751
96017: 0.827512
96018: 0.827503
96019: 0.827505
96020: 0.827506
96021: 0.827508
96022: 0.82751
96023: 0.827512
96024: 0.827514
96025: 0.827515
96026: 0.827517
96027: 0.827509
96028: 0.8275
96029: 0.827491
96030: 0.827483
96031: 0.827474
96032: 0.827476
96033: 0.827478
96034: 0.82748
96035: 0.827481
96036: 0.827483
96037: 0.827485
96038: 0.827476
96039: 0.827468
96040: 0.82747
96041: 0.827471
96042: 0.827473
96043: 0.827475
96044: 0.827466
96045: 0.827468
96046: 0.82747
96047: 0.827472
96048: 0.827473
96049: 0.827475
96050: 0.827477
96051: 0.827479
96052: 0.827481
96053: 0.827482
96054: 0.827484
96055: 0.827486
96056: 0.827488
96057: 0.82749
96058: 0.827491
96059: 0.827493
96060: 0.827495
96061: 0.827497
96062: 0.827499
96063: 0.8275
96064: 0.827502
96065: 0.827494
96066: 0.827485
96067: 0.827487
96068: 0.827489
96069: 0.82749
96070: 0.827492
96071: 0.827494
96072: 0.827496
96073: 0.827498
96074: 0.827499
96075: 0.827501
96076: 0.827503
96077: 0.827505
96078: 0.827507
96079: 0.827508
96080: 0.82751
96081: 0.827512
96082: 0.827514
96083: 0.827516
96084: 0.827507
96085: 0.827509
96086: 0.82751
96087: 0.827502
96088: 0.827504
96089: 0.827505
96090: 0.827497
96091: 0.827499
96092: 0.8275
96093: 0.827502
96094: 0.827504
96095: 0.827495
96096: 0.827497
96097: 0.827499
96098: 0.827501
96099: 0.827503
96100: 0.827504
96101: 0.827506
96102: 0.827508
96103: 0.82751
96104: 0.827501
96105: 0.827493
96106: 0.827494
96107: 0.827486
96108: 0.827488
96109: 0.827489
96110: 0.827491
96111: 0.827493
96112: 0.827495
96113: 0.827497
96114: 0.827498
96115: 0.8275
96116: 0.827491
96117: 0.827493
96118: 0.827485
96119: 0.827486
96120: 0.827488
96121: 0.82749
96122: 0.827492
96123: 0.827483
96124: 0.827485
96125: 0.827476
96126: 0.827478
96127: 0.82748
96128: 0.827482
96129: 0.827484
96130: 0.827485
96131: 0.827487
96132: 0.827489
96133: 0.82748
96134: 0.827472
96135: 0.827463
96136: 0.827465
96137: 0.827467
96138: 0.827469
96139: 0.82746
96140: 0.827462
96141: 0.827453
96142: 0.827445
96143: 0.827446
96144: 0.827448
96145: 0.82745
96146: 0.827452
96147: 0.827454
96148: 0.827445
96149: 0.827447
96150: 0.827448
96151: 0.82745
96152: 0.827452
96153: 0.827454
96154: 0.827456
96155: 0.827457
96156: 0.827459
96157: 0.827461
96158: 0.827463
96159: 0.827465
96160: 0.827466
96161: 0.827468
96162: 0.82746
96163: 0.827461
96164: 0.827463
96165: 0.827465
96166: 0.827467
96167: 0.827469
96168: 0.82747
96169: 0.827472
96170: 0.827474
96171: 0.827476
96172: 0.827478
96173: 0.827479
96174: 0.827481
96175: 0.827483
96176: 0.827474
96177: 0.827476
96178: 0.827478
96179: 0.82748
96180: 0.827471
96181: 0.827473
96182: 0.827475
96183: 0.827477
96184: 0.827478
96185: 0.82748
96186: 0.827482
96187: 0.827484
96188: 0.827485
96189: 0.827487
96190: 0.827489
96191: 0.827491
96192: 0.827493
96193: 0.827494
96194: 0.827496
96195: 0.827498
96196: 0.8275
96197: 0.827502
96198: 0.827493
96199: 0.827484
96200: 0.827476
96201: 0.827478
96202: 0.827479
96203: 0.827481
96204: 0.827483
96205: 0.827485
96206: 0.827487
96207: 0.827488
96208: 0.82749
96209: 0.827492
96210: 0.827494
96211: 0.827496
96212: 0.827497
96213: 0.827499
96214: 0.827501
96215: 0.827492
96216: 0.827484
96217: 0.827475
96218: 0.827467
96219: 0.827468
96220: 0.82747
96221: 0.827472
96222: 0.827474
96223: 0.827475
96224: 0.827467
96225: 0.827469
96226: 0.82747
96227: 0.827472
96228: 0.827474
96229: 0.827476
96230: 0.827467
96231: 0.827469
96232: 0.827471
96233: 0.827473
96234: 0.827474
96235: 0.827476
96236: 0.827478
96237: 0.82748
96238: 0.827482
96239: 0.827483
96240: 0.827485
96241: 0.827487
96242: 0.827489
96243: 0.827491
96244: 0.827492
96245: 0.827494
96246: 0.827496
96247: 0.827498
96248: 0.827489
96249: 0.827491
96250: 0.827493
96251: 0.827484
96252: 0.827476
96253: 0.827467
96254: 0.827458
96255: 0.82745
96256: 0.827441
96257: 0.827443
96258: 0.827445
96259: 0.827446
96260: 0.827448
96261: 0.82745
96262: 0.827452
96263: 0.827454
96264: 0.827455
96265: 0.827457
96266: 0.827459
96267: 0.827461
96268: 0.827463
96269: 0.827464
96270: 0.827466
96271: 0.827468
96272: 0.82747
96273: 0.827472
96274: 0.827473
96275: 0.827465
96276: 0.827467
96277: 0.827468
96278: 0.82747
96279: 0.827472
96280: 0.827463
96281: 0.827465
96282: 0.827457
96283: 0.827448
96284: 0.82745
96285: 0.827452
96286: 0.827453
96287: 0.827455
96288: 0.827457
96289: 0.827459
96290: 0.827461
96291: 0.827462
96292: 0.827464
96293: 0.827466
96294: 0.827468
96295: 0.827469
96296: 0.827471
96297: 0.827473
96298: 0.827475
96299: 0.827466
96300: 0.827468
96301: 0.82747
96302: 0.827461
96303: 0.827453
96304: 0.827454
96305: 0.827456
96306: 0.827458
96307: 0.82746
96308: 0.827462
96309: 0.827463
96310: 0.827465
96311: 0.827457
96312: 0.827458
96313: 0.82746
96314: 0.827462
96315: 0.827453
96316: 0.827455
96317: 0.827457
96318: 0.827459
96319: 0.82745
96320: 0.827452
96321: 0.827454
96322: 0.827456
96323: 0.827457
96324: 0.827459
96325: 0.827451
96326: 0.827452
96327: 0.827454
96328: 0.827456
96329: 0.827458
96330: 0.827449
96331: 0.827441
96332: 0.827442
96333: 0.827444
96334: 0.827446
96335: 0.827448
96336: 0.827449
96337: 0.827451
96338: 0.827453
96339: 0.827455
96340: 0.827446
96341: 0.827438
96342: 0.827429
96343: 0.82742
96344: 0.827422
96345: 0.827424
96346: 0.827426
96347: 0.827428
96348: 0.827419
96349: 0.82741
96350: 0.827412
96351: 0.827414
96352: 0.827416
96353: 0.827418
96354: 0.827419
96355: 0.827421
96356: 0.827423
96357: 0.827425
96358: 0.827427
96359: 0.827428
96360: 0.82743
96361: 0.827432
96362: 0.827434
96363: 0.827436
96364: 0.827437
96365: 0.827439
96366: 0.827441
96367: 0.827443
96368: 0.827445
96369: 0.827446
96370: 0.827448
96371: 0.82745
96372: 0.827452
96373: 0.827453
96374: 0.827455
96375: 0.827457
96376: 0.827459
96377: 0.827461
96378: 0.827462
96379: 0.827454
96380: 0.827445
96381: 0.827447
96382: 0.827449
96383: 0.827451
96384: 0.827452
96385: 0.827454
96386: 0.827456
96387: 0.827458
96388: 0.82746
96389: 0.827461
96390: 0.827463
96391: 0.827465
96392: 0.827456
96393: 0.827458
96394: 0.82746
96395: 0.827462
96396: 0.827464
96397: 0.827465
96398: 0.827467
96399: 0.827469
96400: 0.827471
96401: 0.827472
96402: 0.827474
96403: 0.827476
96404: 0.827467
96405: 0.827459
96406: 0.82745
96407: 0.827442
96408: 0.827443
96409: 0.827445
96410: 0.827447
96411: 0.827449
96412: 0.827451
96413: 0.827452
96414: 0.827454
96415: 0.827456
96416: 0.827458
96417: 0.827449
96418: 0.827451
96419: 0.827453
96420: 0.827455
96421: 0.827456
96422: 0.827458
96423: 0.82746
96424: 0.827462
96425: 0.827464
96426: 0.827465
96427: 0.827467
96428: 0.827459
96429: 0.82746
96430: 0.827462
96431: 0.827464
96432: 0.827466
96433: 0.827467
96434: 0.827469
96435: 0.827471
96436: 0.827462
96437: 0.827454
96438: 0.827445
96439: 0.827447
96440: 0.827449
96441: 0.827451
96442: 0.827452
96443: 0.827454
96444: 0.827456
96445: 0.827458
96446: 0.82746
96447: 0.827461
96448: 0.827463
96449: 0.827465
96450: 0.827467
96451: 0.827469
96452: 0.82747
96453: 0.827472
96454: 0.827474
96455: 0.827476
96456: 0.827478
96457: 0.827479
96458: 0.827481
96459: 0.827483
96460: 0.827485
96461: 0.827476
96462: 0.827478
96463: 0.82748
96464: 0.827481
96465: 0.827483
96466: 0.827485
96467: 0.827476
96468: 0.827478
96469: 0.82748
96470: 0.827482
96471: 0.827484
96472: 0.827485
96473: 0.827487
96474: 0.827489
96475: 0.827491
96476: 0.827493
96477: 0.827494
96478: 0.827486
96479: 0.827488
96480: 0.827489
96481: 0.827491
96482: 0.827493
96483: 0.827484
96484: 0.827476
96485: 0.827467
96486: 0.827469
96487: 0.827471
96488: 0.827462
96489: 0.827464
96490: 0.827455
96491: 0.827457
96492: 0.827459
96493: 0.827461
96494: 0.827463
96495: 0.827464
96496: 0.827466
96497: 0.827468
96498: 0.827459
96499: 0.827461
96500: 0.827463
96501: 0.827465
96502: 0.827467
96503: 0.827458
96504: 0.827449
96505: 0.827451
96506: 0.827453
96507: 0.827455
96508: 0.827457
96509: 0.827458
96510: 0.82746
96511: 0.827452
96512: 0.827443
96513: 0.827445
96514: 0.827447
96515: 0.827448
96516: 0.82745
96517: 0.827442
96518: 0.827443
96519: 0.827435
96520: 0.827426
96521: 0.827428
96522: 0.82743
96523: 0.827432
96524: 0.827433
96525: 0.827435
96526: 0.827437
96527: 0.827428
96528: 0.82742
96529: 0.827422
96530: 0.827423
96531: 0.827415
96532: 0.827406
96533: 0.827398
96534: 0.827399
96535: 0.827401
96536: 0.827403
96537: 0.827405
96538: 0.827407
96539: 0.827408
96540: 0.82741
96541: 0.827412
96542: 0.827414
96543: 0.827415
96544: 0.827417
96545: 0.827419
96546: 0.827421
96547: 0.827423
96548: 0.827424
96549: 0.827426
96550: 0.827428
96551: 0.827419
96552: 0.827421
96553: 0.827423
96554: 0.827425
96555: 0.827416
96556: 0.827408
96557: 0.827409
96558: 0.827411
96559: 0.827413
96560: 0.827415
96561: 0.827406
96562: 0.827398
96563: 0.827399
96564: 0.827401
96565: 0.827403
96566: 0.827405
96567: 0.827407
96568: 0.827408
96569: 0.82741
96570: 0.827412
96571: 0.827414
96572: 0.827416
96573: 0.827407
96574: 0.827409
96575: 0.8274
96576: 0.827392
96577: 0.827383
96578: 0.827374
96579: 0.827376
96580: 0.827378
96581: 0.82738
96582: 0.827371
96583: 0.827363
96584: 0.827364
96585: 0.827366
96586: 0.827368
96587: 0.82736
96588: 0.827361
96589: 0.827363
96590: 0.827365
96591: 0.827367
96592: 0.827368
96593: 0.82737
96594: 0.827372
96595: 0.827363
96596: 0.827355
96597: 0.827357
96598: 0.827358
96599: 0.82736
96600: 0.827362
96601: 0.827364
96602: 0.827366
96603: 0.827367
96604: 0.827359
96605: 0.827361
96606: 0.827362
96607: 0.827354
96608: 0.827345
96609: 0.827337
96610: 0.827339
96611: 0.82734
96612: 0.827342
96613: 0.827344
96614: 0.827346
96615: 0.827347
96616: 0.827349
96617: 0.827351
96618: 0.827353
96619: 0.827355
96620: 0.827356
96621: 0.827358
96622: 0.82736
96623: 0.827362
96624: 0.827364
96625: 0.827365
96626: 0.827367
96627: 0.827369
96628: 0.827371
96629: 0.827372
96630: 0.827374
96631: 0.827376
96632: 0.827378
96633: 0.82738
96634: 0.827381
96635: 0.827373
96636: 0.827364
96637: 0.827366
96638: 0.827368
96639: 0.82737
96640: 0.827371
96641: 0.827373
96642: 0.827375
96643: 0.827377
96644: 0.827368
96645: 0.82736
96646: 0.827361
96647: 0.827363
96648: 0.827365
96649: 0.827367
96650: 0.827369
96651: 0.82737
96652: 0.827372
96653: 0.827374
96654: 0.827376
96655: 0.827378
96656: 0.827379
96657: 0.827381
96658: 0.827383
96659: 0.827385
96660: 0.827386
96661: 0.827388
96662: 0.82738
96663: 0.827371
96664: 0.827373
96665: 0.827375
96666: 0.827366
96667: 0.827368
96668: 0.82737
96669: 0.827371
96670: 0.827373
96671: 0.827375
96672: 0.827377
96673: 0.827379
96674: 0.82738
96675: 0.827382
96676: 0.827384
96677: 0.827386
96678: 0.827388
96679: 0.827389
96680: 0.827391
96681: 0.827393
96682: 0.827395
96683: 0.827396
96684: 0.827398
96685: 0.8274
96686: 0.827402
96687: 0.827404
96688: 0.827395
96689: 0.827386
96690: 0.827378
96691: 0.82738
96692: 0.827382
96693: 0.827383
96694: 0.827385
96695: 0.827387
96696: 0.827389
96697: 0.82739
96698: 0.827392
96699: 0.827394
96700: 0.827396
96701: 0.827398
96702: 0.827399
96703: 0.827401
96704: 0.827393
96705: 0.827384
96706: 0.827386
96707: 0.827388
96708: 0.827389
96709: 0.827391
96710: 0.827393
96711: 0.827384
96712: 0.827376
96713: 0.827367
96714: 0.827369
96715: 0.827371
96716: 0.827373
96717: 0.827374
96718: 0.827376
96719: 0.827378
96720: 0.82738
96721: 0.827382
96722: 0.827383
96723: 0.827385
96724: 0.827387
96725: 0.827389
96726: 0.82739
96727: 0.827392
96728: 0.827384
96729: 0.827375
96730: 0.827377
96731: 0.827379
96732: 0.827381
96733: 0.827372
96734: 0.827363
96735: 0.827365
96736: 0.827367
96737: 0.827369
96738: 0.827371
96739: 0.827372
96740: 0.827374
96741: 0.827376
96742: 0.827378
96743: 0.827379
96744: 0.827381
96745: 0.827383
96746: 0.827385
96747: 0.827387
96748: 0.827388
96749: 0.82739
96750: 0.827392
96751: 0.827394
96752: 0.827396
96753: 0.827397
96754: 0.827389
96755: 0.82738
96756: 0.827372
96757: 0.827373
96758: 0.827375
96759: 0.827377
96760: 0.827379
96761: 0.827381
96762: 0.827382
96763: 0.827374
96764: 0.827365
96765: 0.827367
96766: 0.827369
96767: 0.827371
96768: 0.827372
96769: 0.827374
96770: 0.827376
96771: 0.827378
96772: 0.82738
96773: 0.827381
96774: 0.827383
96775: 0.827385
96776: 0.827387
96777: 0.827388
96778: 0.82739
96779: 0.827392
96780: 0.827394
96781: 0.827396
96782: 0.827397
96783: 0.827399
96784: 0.827401
96785: 0.827403
96786: 0.827405
96787: 0.827406
96788: 0.827408
96789: 0.82741
96790: 0.827412
96791: 0.827413
96792: 0.827415
96793: 0.827417
96794: 0.827419
96795: 0.827421
96796: 0.827422
96797: 0.827424
96798: 0.827426
96799: 0.827428
96800: 0.827429
96801: 0.827431
96802: 0.827433
96803: 0.827435
96804: 0.827437
96805: 0.827438
96806: 0.82744
96807: 0.827442
96808: 0.827433
96809: 0.827435
96810: 0.827437
96811: 0.827439
96812: 0.827441
96813: 0.827442
96814: 0.827444
96815: 0.827446
96816: 0.827448
96817: 0.827449
96818: 0.827451
96819: 0.827453
96820: 0.827455
96821: 0.827457
96822: 0.827458
96823: 0.82746
96824: 0.827462
96825: 0.827464
96826: 0.827465
96827: 0.827467
96828: 0.827469
96829: 0.827471
96830: 0.827473
96831: 0.827474
96832: 0.827476
96833: 0.827478
96834: 0.82748
96835: 0.827482
96836: 0.827483
96837: 0.827485
96838: 0.827487
96839: 0.827489
96840: 0.82749
96841: 0.827482
96842: 0.827484
96843: 0.827485
96844: 0.827487
96845: 0.827489
96846: 0.827491
96847: 0.827493
96848: 0.827494
96849: 0.827486
96850: 0.827477
96851: 0.827479
96852: 0.827481
96853: 0.827483
96854: 0.827484
96855: 0.827486
96856: 0.827488
96857: 0.82749
96858: 0.827492
96859: 0.827493
96860: 0.827495
96861: 0.827497
96862: 0.827499
96863: 0.8275
96864: 0.827502
96865: 0.827504
96866: 0.827506
96867: 0.827508
96868: 0.827509
96869: 0.827511
96870: 0.827513
96871: 0.827515
96872: 0.827516
96873: 0.827518
96874: 0.82752
96875: 0.827522
96876: 0.827524
96877: 0.827525
96878: 0.827527
96879: 0.827529
96880: 0.827531
96881: 0.827532
96882: 0.827534
96883: 0.827526
96884: 0.827527
96885: 0.827529
96886: 0.827531
96887: 0.827533
96888: 0.827535
96889: 0.827526
96890: 0.827518
96891: 0.827519
96892: 0.827521
96893: 0.827523
96894: 0.827525
96895: 0.827526
96896: 0.827528
96897: 0.82753
96898: 0.827532
96899: 0.827523
96900: 0.827515
96901: 0.827516
96902: 0.827518
96903: 0.82751
96904: 0.827511
96905: 0.827513
96906: 0.827515
96907: 0.827517
96908: 0.827519
96909: 0.82752
96910: 0.827522
96911: 0.827524
96912: 0.827526
96913: 0.827517
96914: 0.827509
96915: 0.8275
96916: 0.827502
96917: 0.827504
96918: 0.827505
96919: 0.827507
96920: 0.827509
96921: 0.827511
96922: 0.827513
96923: 0.827514
96924: 0.827516
96925: 0.827518
96926: 0.82752
96927: 0.827511
96928: 0.827503
96929: 0.827494
96930: 0.827486
96931: 0.827477
96932: 0.827479
96933: 0.827481
96934: 0.827482
96935: 0.827484
96936: 0.827486
96937: 0.827488
96938: 0.827489
96939: 0.827491
96940: 0.827493
96941: 0.827495
96942: 0.827497
96943: 0.827498
96944: 0.8275
96945: 0.827502
96946: 0.827493
96947: 0.827485
96948: 0.827487
96949: 0.827488
96950: 0.82749
96951: 0.827492
96952: 0.827494
96953: 0.827496
96954: 0.827497
96955: 0.827499
96956: 0.827501
96957: 0.827503
96958: 0.827504
96959: 0.827506
96960: 0.827508
96961: 0.827499
96962: 0.827491
96963: 0.827493
96964: 0.827494
96965: 0.827486
96966: 0.827488
96967: 0.827489
96968: 0.827491
96969: 0.827493
96970: 0.827495
96971: 0.827497
96972: 0.827498
96973: 0.8275
96974: 0.827492
96975: 0.827483
96976: 0.827485
96977: 0.827487
96978: 0.827488
96979: 0.82749
96980: 0.827492
96981: 0.827494
96982: 0.827496
96983: 0.827497
96984: 0.827489
96985: 0.827491
96986: 0.827492
96987: 0.827494
96988: 0.827496
96989: 0.827498
96990: 0.827499
96991: 0.827501
96992: 0.827493
96993: 0.827494
96994: 0.827496
96995: 0.827498
96996: 0.8275
96997: 0.827502
96998: 0.827503
96999: 0.827505
97000: 0.827507
97001: 0.827509
97002: 0.82751
97003: 0.827502
97004: 0.827504
97005: 0.827506
97006: 0.827507
97007: 0.827509
97008: 0.827511
97009: 0.827513
97010: 0.827514
97011: 0.827516
97012: 0.827518
97013: 0.82752
97014: 0.827522
97015: 0.827523
97016: 0.827525
97017: 0.827527
97018: 0.827529
97019: 0.82753
97020: 0.827522
97021: 0.827513
97022: 0.827515
97023: 0.827517
97024: 0.827519
97025: 0.82752
97026: 0.827512
97027: 0.827503
97028: 0.827495
97029: 0.827486
97030: 0.827478
97031: 0.82748
97032: 0.827481
97033: 0.827483
97034: 0.827485
97035: 0.827487
97036: 0.827488
97037: 0.82749
97038: 0.827492
97039: 0.827494
97040: 0.827496
97041: 0.827497
97042: 0.827499
97043: 0.827501
97044: 0.827503
97045: 0.827504
97046: 0.827506
97047: 0.827508
97048: 0.82751
97049: 0.827512
97050: 0.827513
97051: 0.827515
97052: 0.827517
97053: 0.827519
97054: 0.82751
97055: 0.827512
97056: 0.827514
97057: 0.827516
97058: 0.827517
97059: 0.827519
97060: 0.827521
97061: 0.827523
97062: 0.827524
97063: 0.827526
97064: 0.827528
97065: 0.82753
97066: 0.827531
97067: 0.827533
97068: 0.827535
97069: 0.827537
97070: 0.827539
97071: 0.82753
97072: 0.827532
97073: 0.827534
97074: 0.827535
97075: 0.827537
97076: 0.827539
97077: 0.827541
97078: 0.827543
97079: 0.827544
97080: 0.827546
97081: 0.827538
97082: 0.827539
97083: 0.827541
97084: 0.827533
97085: 0.827524
97086: 0.827526
97087: 0.827528
97088: 0.827529
97089: 0.827531
97090: 0.827533
97091: 0.827535
97092: 0.827536
97093: 0.827538
97094: 0.82754
97095: 0.827542
97096: 0.827544
97097: 0.827545
97098: 0.827547
97099: 0.827549
97100: 0.82754
97101: 0.827532
97102: 0.827534
97103: 0.827535
97104: 0.827537
97105: 0.827539
97106: 0.827541
97107: 0.827532
97108: 0.827534
97109: 0.827536
97110: 0.827538
97111: 0.827539
97112: 0.827541
97113: 0.827543
97114: 0.827545
97115: 0.827536
97116: 0.827538
97117: 0.82754
97118: 0.827531
97119: 0.827523
97120: 0.827514
97121: 0.827506
97122: 0.827507
97123: 0.827509
97124: 0.827511
97125: 0.827513
97126: 0.827504
97127: 0.827506
97128: 0.827508
97129: 0.82751
97130: 0.827511
97131: 0.827513
97132: 0.827515
97133: 0.827517
97134: 0.827518
97135: 0.82752
97136: 0.827522
97137: 0.827524
97138: 0.827515
97139: 0.827507
97140: 0.827498
97141: 0.8275
97142: 0.827502
97143: 0.827503
97144: 0.827505
97145: 0.827507
97146: 0.827509
97147: 0.827511
97148: 0.827512
97149: 0.827514
97150: 0.827516
97151: 0.827518
97152: 0.827519
97153: 0.827521
97154: 0.827513
97155: 0.827504
97156: 0.827496
97157: 0.827497
97158: 0.827499
97159: 0.827501
97160: 0.827503
97161: 0.827505
97162: 0.827506
97163: 0.827498
97164: 0.827489
97165: 0.827491
97166: 0.827493
97167: 0.827495
97168: 0.827486
97169: 0.827478
97170: 0.827469
97171: 0.827471
97172: 0.827473
97173: 0.827474
97174: 0.827476
97175: 0.827478
97176: 0.82748
97177: 0.827482
97178: 0.827483
97179: 0.827475
97180: 0.827477
97181: 0.827478
97182: 0.82747
97183: 0.827472
97184: 0.827473
97185: 0.827475
97186: 0.827467
97187: 0.827458
97188: 0.82746
97189: 0.827462
97190: 0.827463
97191: 0.827465
97192: 0.827467
97193: 0.827469
97194: 0.827471
97195: 0.827472
97196: 0.827474
97197: 0.827476
97198: 0.827478
97199: 0.827479
97200: 0.827481
97201: 0.827483
97202: 0.827485
97203: 0.827487
97204: 0.827488
97205: 0.82749
97206: 0.827492
97207: 0.827494
97208: 0.827495
97209: 0.827487
97210: 0.827478
97211: 0.82748
97212: 0.827482
97213: 0.827484
97214: 0.827485
97215: 0.827487
97216: 0.827489
97217: 0.827491
97218: 0.827493
97219: 0.827494
97220: 0.827496
97221: 0.827498
97222: 0.8275
97223: 0.827501
97224: 0.827503
97225: 0.827505
97226: 0.827507
97227: 0.827509
97228: 0.82751
97229: 0.827512
97230: 0.827514
97231: 0.827516
97232: 0.827517
97233: 0.827509
97234: 0.827511
97235: 0.827512
97236: 0.827514
97237: 0.827516
97238: 0.827518
97239: 0.82752
97240: 0.827521
97241: 0.827523
97242: 0.827525
97243: 0.827527
97244: 0.827528
97245: 0.82753
97246: 0.827532
97247: 0.827534
97248: 0.827525
97249: 0.827517
97250: 0.827508
97251: 0.82751
97252: 0.827512
97253: 0.827514
97254: 0.827515
97255: 0.827517
97256: 0.827519
97257: 0.827521
97258: 0.827522
97259: 0.827524
97260: 0.827526
97261: 0.827528
97262: 0.827529
97263: 0.827531
97264: 0.827533
97265: 0.827535
97266: 0.827526
97267: 0.827528
97268: 0.82753
97269: 0.827532
97270: 0.827533
97271: 0.827535
97272: 0.827537
97273: 0.827528
97274: 0.82752
97275: 0.827522
97276: 0.827513
97277: 0.827505
97278: 0.827506
97279: 0.827508
97280: 0.8275
97281: 0.827491
97282: 0.827493
97283: 0.827495
97284: 0.827497
97285: 0.827498
97286: 0.8275
97287: 0.827502
97288: 0.827504
97289: 0.827505
97290: 0.827507
97291: 0.827509
97292: 0.827511
97293: 0.827512
97294: 0.827514
97295: 0.827516
97296: 0.827518
97297: 0.82752
97298: 0.827521
97299: 0.827523
97300: 0.827525
97301: 0.827527
97302: 0.827528
97303: 0.82753
97304: 0.827522
97305: 0.827523
97306: 0.827525
97307: 0.827527
97308: 0.827529
97309: 0.82752
97310: 0.827522
97311: 0.827524
97312: 0.827515
97313: 0.827507
97314: 0.827509
97315: 0.82751
97316: 0.827502
97317: 0.827504
97318: 0.827505
97319: 0.827507
97320: 0.827509
97321: 0.827511
97322: 0.827513
97323: 0.827504
97324: 0.827496
97325: 0.827487
97326: 0.827489
97327: 0.827491
97328: 0.827492
97329: 0.827494
97330: 0.827486
97331: 0.827487
97332: 0.827489
97333: 0.827491
97334: 0.827493
97335: 0.827494
97336: 0.827496
97337: 0.827498
97338: 0.8275
97339: 0.827502
97340: 0.827503
97341: 0.827505
97342: 0.827507
97343: 0.827509
97344: 0.82751
97345: 0.827512
97346: 0.827504
97347: 0.827505
97348: 0.827507
97349: 0.827509
97350: 0.827511
97351: 0.827513
97352: 0.827514
97353: 0.827516
97354: 0.827508
97355: 0.827499
97356: 0.827501
97357: 0.827503
97358: 0.827504
97359: 0.827506
97360: 0.827508
97361: 0.82751
97362: 0.827511
97363: 0.827513
97364: 0.827515
97365: 0.827517
97366: 0.827519
97367: 0.82751
97368: 0.827512
97369: 0.827514
97370: 0.827515
97371: 0.827517
97372: 0.827519
97373: 0.827521
97374: 0.827522
97375: 0.827524
97376: 0.827516
97377: 0.827518
97378: 0.827519
97379: 0.827521
97380: 0.827523
97381: 0.827514
97382: 0.827506
97383: 0.827497
97384: 0.827499
97385: 0.827501
97386: 0.827503
97387: 0.827504
97388: 0.827506
97389: 0.827508
97390: 0.82751
97391: 0.827511
97392: 0.827513
97393: 0.827515
97394: 0.827517
97395: 0.827519
97396: 0.82752
97397: 0.827522
97398: 0.827524
97399: 0.827526
97400: 0.827527
97401: 0.827529
97402: 0.827531
97403: 0.827533
97404: 0.827524
97405: 0.827526
97406: 0.827528
97407: 0.82753
97408: 0.827531
97409: 0.827523
97410: 0.827525
97411: 0.827526
97412: 0.827528
97413: 0.82752
97414: 0.827511
97415: 0.827503
97416: 0.827504
97417: 0.827506
97418: 0.827508
97419: 0.82751
97420: 0.827512
97421: 0.827513
97422: 0.827515
97423: 0.827517
97424: 0.827519
97425: 0.82752
97426: 0.827522
97427: 0.827514
97428: 0.827515
97429: 0.827517
97430: 0.827519
97431: 0.827521
97432: 0.827523
97433: 0.827524
97434: 0.827526
97435: 0.827528
97436: 0.82753
97437: 0.827531
97438: 0.827533
97439: 0.827535
97440: 0.827537
97441: 0.827538
97442: 0.82754
97443: 0.827542
97444: 0.827544
97445: 0.827546
97446: 0.827547
97447: 0.827549
97448: 0.827551
97449: 0.827542
97450: 0.827534
97451: 0.827536
97452: 0.827537
97453: 0.827539
97454: 0.827541
97455: 0.827543
97456: 0.827534
97457: 0.827526
97458: 0.827527
97459: 0.827529
97460: 0.827531
97461: 0.827533
97462: 0.827535
97463: 0.827526
97464: 0.827518
97465: 0.827509
97466: 0.827501
97467: 0.827492
97468: 0.827484
97469: 0.827475
97470: 0.827477
97471: 0.827468
97472: 0.82746
97473: 0.827451
97474: 0.827453
97475: 0.827455
97476: 0.827457
97477: 0.827448
97478: 0.82745
97479: 0.827452
97480: 0.827454
97481: 0.827455
97482: 0.827457
97483: 0.827459
97484: 0.82745
97485: 0.827452
97486: 0.827454
97487: 0.827456
97488: 0.827457
97489: 0.827459
97490: 0.827461
97491: 0.827453
97492: 0.827454
97493: 0.827456
97494: 0.827448
97495: 0.827449
97496: 0.827451
97497: 0.827443
97498: 0.827444
97499: 0.827446
97500: 0.827448
97501: 0.82745
97502: 0.827451
97503: 0.827453
97504: 0.827455
97505: 0.827457
97506: 0.827459
97507: 0.82745
97508: 0.827452
97509: 0.827454
97510: 0.827455
97511: 0.827457
97512: 0.827459
97513: 0.827461
97514: 0.827462
97515: 0.827464
97516: 0.827466
97517: 0.827457
97518: 0.827449
97519: 0.827451
97520: 0.827453
97521: 0.827454
97522: 0.827456
97523: 0.827458
97524: 0.82746
97525: 0.827461
97526: 0.827463
97527: 0.827465
97528: 0.827467
97529: 0.827458
97530: 0.82745
97531: 0.827452
97532: 0.827453
97533: 0.827455
97534: 0.827457
97535: 0.827459
97536: 0.82746
97537: 0.827462
97538: 0.827464
97539: 0.827466
97540: 0.827467
97541: 0.827469
97542: 0.827471
97543: 0.827473
97544: 0.827474
97545: 0.827476
97546: 0.827478
97547: 0.82747
97548: 0.827461
97549: 0.827463
97550: 0.827454
97551: 0.827456
97552: 0.827458
97553: 0.82746
97554: 0.827461
97555: 0.827463
97556: 0.827465
97557: 0.827467
97558: 0.827469
97559: 0.82747
97560: 0.827472
97561: 0.827474
97562: 0.827476
97563: 0.827477
97564: 0.827479
97565: 0.827481
97566: 0.827483
97567: 0.827484
97568: 0.827486
97569: 0.827488
97570: 0.82749
97571: 0.827491
97572: 0.827493
97573: 0.827495
97574: 0.827497
97575: 0.827499
97576: 0.82749
97577: 0.827492
97578: 0.827494
97579: 0.827485
97580: 0.827487
97581: 0.827489
97582: 0.82748
97583: 0.827472
97584: 0.827463
97585: 0.827465
97586: 0.827467
97587: 0.827469
97588: 0.82747
97589: 0.827462
97590: 0.827453
97591: 0.827455
97592: 0.827457
97593: 0.827459
97594: 0.82746
97595: 0.827462
97596: 0.827464
97597: 0.827466
97598: 0.827467
97599: 0.827469
97600: 0.827471
97601: 0.827473
97602: 0.827475
97603: 0.827466
97604: 0.827468
97605: 0.82747
97606: 0.827471
97607: 0.827463
97608: 0.827465
97609: 0.827466
97610: 0.827468
97611: 0.82747
97612: 0.827462
97613: 0.827463
97614: 0.827465
97615: 0.827467
97616: 0.827469
97617: 0.82747
97618: 0.827472
97619: 0.827474
97620: 0.827476
97621: 0.827467
97622: 0.827469
97623: 0.827471
97624: 0.827472
97625: 0.827474
97626: 0.827476
97627: 0.827478
97628: 0.82748
97629: 0.827481
97630: 0.827483
97631: 0.827485
97632: 0.827487
97633: 0.827488
97634: 0.82749
97635: 0.827492
97636: 0.827494
97637: 0.827495
97638: 0.827487
97639: 0.827478
97640: 0.82747
97641: 0.827472
97642: 0.827474
97643: 0.827475
97644: 0.827477
97645: 0.827479
97646: 0.827481
97647: 0.827482
97648: 0.827484
97649: 0.827486
97650: 0.827477
97651: 0.827469
97652: 0.82746
97653: 0.827462
97654: 0.827464
97655: 0.827466
97656: 0.827468
97657: 0.827469
97658: 0.827461
97659: 0.827463
97660: 0.827464
97661: 0.827466
97662: 0.827468
97663: 0.827459
97664: 0.827461
97665: 0.827463
97666: 0.827465
97667: 0.827467
97668: 0.827458
97669: 0.82746
97670: 0.827462
97671: 0.827463
97672: 0.827465
97673: 0.827467
97674: 0.827469
97675: 0.82747
97676: 0.827472
97677: 0.827474
97678: 0.827476
97679: 0.827477
97680: 0.827479
97681: 0.827481
97682: 0.827483
97683: 0.827485
97684: 0.827486
97685: 0.827488
97686: 0.82749
97687: 0.827492
97688: 0.827493
97689: 0.827495
97690: 0.827497
97691: 0.827499
97692: 0.8275
97693: 0.827502
97694: 0.827504
97695: 0.827495
97696: 0.827487
97697: 0.827489
97698: 0.827491
97699: 0.827492
97700: 0.827494
97701: 0.827496
97702: 0.827487
97703: 0.827489
97704: 0.827491
97705: 0.827493
97706: 0.827494
97707: 0.827496
97708: 0.827498
97709: 0.8275
97710: 0.827502
97711: 0.827493
97712: 0.827485
97713: 0.827476
97714: 0.827478
97715: 0.82748
97716: 0.827481
97717: 0.827483
97718: 0.827485
97719: 0.827487
97720: 0.827488
97721: 0.82749
97722: 0.827492
97723: 0.827494
97724: 0.827496
97725: 0.827497
97726: 0.827499
97727: 0.827491
97728: 0.827492
97729: 0.827494
97730: 0.827496
97731: 0.827498
97732: 0.827499
97733: 0.827501
97734: 0.827503
97735: 0.827505
97736: 0.827506
97737: 0.827508
97738: 0.82751
97739: 0.827512
97740: 0.827514
97741: 0.827515
97742: 0.827517
97743: 0.827519
97744: 0.827521
97745: 0.827522
97746: 0.827514
97747: 0.827505
97748: 0.827507
97749: 0.827509
97750: 0.8275
97751: 0.827492
97752: 0.827484
97753: 0.827485
97754: 0.827487
97755: 0.827479
97756: 0.82748
97757: 0.827482
97758: 0.827484
97759: 0.827475
97760: 0.827467
97761: 0.827459
97762: 0.82745
97763: 0.827452
97764: 0.827454
97765: 0.827455
97766: 0.827457
97767: 0.827449
97768: 0.82744
97769: 0.827432
97770: 0.827433
97771: 0.827435
97772: 0.827427
97773: 0.827429
97774: 0.82743
97775: 0.827432
97776: 0.827424
97777: 0.827425
97778: 0.827427
97779: 0.827429
97780: 0.827431
97781: 0.827432
97782: 0.827434
97783: 0.827436
97784: 0.827438
97785: 0.82744
97786: 0.827441
97787: 0.827443
97788: 0.827445
97789: 0.827447
97790: 0.827448
97791: 0.82745
97792: 0.827452
97793: 0.827454
97794: 0.827445
97795: 0.827437
97796: 0.827438
97797: 0.82744
97798: 0.827442
97799: 0.827444
97800: 0.827446
97801: 0.827447
97802: 0.827449
97803: 0.827451
97804: 0.827453
97805: 0.827454
97806: 0.827456
97807: 0.827458
97808: 0.82746
97809: 0.827461
97810: 0.827463
97811: 0.827455
97812: 0.827456
97813: 0.827458
97814: 0.82746
97815: 0.827462
97816: 0.827464
97817: 0.827465
97818: 0.827467
97819: 0.827469
97820: 0.827471
97821: 0.827472
97822: 0.827464
97823: 0.827466
97824: 0.827467
97825: 0.827469
97826: 0.827471
97827: 0.827462
97828: 0.827464
97829: 0.827466
97830: 0.827458
97831: 0.827449
97832: 0.827451
97833: 0.827453
97834: 0.827454
97835: 0.827456
97836: 0.827458
97837: 0.827449
97838: 0.827441
97839: 0.827443
97840: 0.827434
97841: 0.827436
97842: 0.827438
97843: 0.82744
97844: 0.827441
97845: 0.827443
97846: 0.827445
97847: 0.827447
97848: 0.827438
97849: 0.82743
97850: 0.827421
97851: 0.827413
97852: 0.827404
97853: 0.827396
97854: 0.827387
97855: 0.827379
97856: 0.827381
97857: 0.827383
97858: 0.827384
97859: 0.827386
97860: 0.827388
97861: 0.82739
97862: 0.827391
97863: 0.827393
97864: 0.827385
97865: 0.827386
97866: 0.827378
97867: 0.82737
97868: 0.827361
97869: 0.827363
97870: 0.827365
97871: 0.827366
97872: 0.827368
97873: 0.82736
97874: 0.827351
97875: 0.827343
97876: 0.827334
97877: 0.827326
97878: 0.827317
97879: 0.827319
97880: 0.827321
97881: 0.827323
97882: 0.827324
97883: 0.827326
97884: 0.827328
97885: 0.82733
97886: 0.827332
97887: 0.827333
97888: 0.827335
97889: 0.827337
97890: 0.827339
97891: 0.82734
97892: 0.827342
97893: 0.827344
97894: 0.827346
97895: 0.827347
97896: 0.827349
97897: 0.827351
97898: 0.827342
97899: 0.827344
97900: 0.827346
97901: 0.827348
97902: 0.82735
97903: 0.827351
97904: 0.827353
97905: 0.827355
97906: 0.827357
97907: 0.827358
97908: 0.82735
97909: 0.827352
97910: 0.827353
97911: 0.827355
97912: 0.827357
97913: 0.827348
97914: 0.82734
97915: 0.827342
97916: 0.827344
97917: 0.827345
97918: 0.827347
97919: 0.827339
97920: 0.82733
97921: 0.827322
97922: 0.827313
97923: 0.827315
97924: 0.827317
97925: 0.827319
97926: 0.82732
97927: 0.827322
97928: 0.827324
97929: 0.827326
97930: 0.827327
97931: 0.827329
97932: 0.827331
97933: 0.827333
97934: 0.827334
97935: 0.827326
97936: 0.827328
97937: 0.82733
97938: 0.827331
97939: 0.827333
97940: 0.827335
97941: 0.827337
97942: 0.827338
97943: 0.82734
97944: 0.827342
97945: 0.827344
97946: 0.827345
97947: 0.827347
97948: 0.827349
97949: 0.827351
97950: 0.827352
97951: 0.827354
97952: 0.827356
97953: 0.827358
97954: 0.827349
97955: 0.827341
97956: 0.827343
97957: 0.827344
97958: 0.827346
97959: 0.827348
97960: 0.82735
97961: 0.827351
97962: 0.827353
97963: 0.827355
97964: 0.827357
97965: 0.827358
97966: 0.82735
97967: 0.827352
97968: 0.827354
97969: 0.827355
97970: 0.827357
97971: 0.827349
97972: 0.82735
97973: 0.827342
97974: 0.827344
97975: 0.827335
97976: 0.827327
97977: 0.827329
97978: 0.82733
97979: 0.827332
97980: 0.827334
97981: 0.827336
97982: 0.827337
97983: 0.827339
97984: 0.827341
97985: 0.827343
97986: 0.827344
97987: 0.827346
97988: 0.827348
97989: 0.82735
97990: 0.827351
97991: 0.827343
97992: 0.827335
97993: 0.827336
97994: 0.827338
97995: 0.82734
97996: 0.827342
97997: 0.827333
97998: 0.827335
97999: 0.827337
98000: 0.827338
98001: 0.82734
98002: 0.827342
98003: 0.827344
98004: 0.827346
98005: 0.827347
98006: 0.827349
98007: 0.827351
98008: 0.827353
98009: 0.827354
98010: 0.827356
98011: 0.827358
98012: 0.82736
98013: 0.827351
98014: 0.827353
98015: 0.827355
98016: 0.827346
98017: 0.827338
98018: 0.82734
98019: 0.827341
98020: 0.827343
98021: 0.827345
98022: 0.827347
98023: 0.827348
98024: 0.82735
98025: 0.827342
98026: 0.827343
98027: 0.827335
98028: 0.827327
98029: 0.827318
98030: 0.82732
98031: 0.827322
98032: 0.827323
98033: 0.827325
98034: 0.827327
98035: 0.827329
98036: 0.82732
98037: 0.827322
98038: 0.827324
98039: 0.827326
98040: 0.827327
98041: 0.827329
98042: 0.827331
98043: 0.827333
98044: 0.827334
98045: 0.827336
98046: 0.827338
98047: 0.82734
98048: 0.827341
98049: 0.827343
98050: 0.827345
98051: 0.827337
98052: 0.827328
98053: 0.82733
98054: 0.827321
98055: 0.827313
98056: 0.827315
98057: 0.827306
98058: 0.827308
98059: 0.82731
98060: 0.827312
98061: 0.827313
98062: 0.827315
98063: 0.827317
98064: 0.827319
98065: 0.82732
98066: 0.827322
98067: 0.827324
98068: 0.827326
98069: 0.827327
98070: 0.827329
98071: 0.827331
98072: 0.827333
98073: 0.827334
98074: 0.827336
98075: 0.827338
98076: 0.82734
98077: 0.827342
98078: 0.827343
98079: 0.827345
98080: 0.827347
98081: 0.827349
98082: 0.82735
98083: 0.827352
98084: 0.827354
98085: 0.827356
98086: 0.827347
98087: 0.827349
98088: 0.827351
98089: 0.827342
98090: 0.827344
98091: 0.827346
98092: 0.827348
98093: 0.827349
98094: 0.827351
98095: 0.827353
98096: 0.827355
98097: 0.827356
98098: 0.827358
98099: 0.82736
98100: 0.827362
98101: 0.827363
98102: 0.827365
98103: 0.827367
98104: 0.827369
98105: 0.82737
98106: 0.827372
98107: 0.827374
98108: 0.827376
98109: 0.827377
98110: 0.827369
98111: 0.827371
98112: 0.827373
98113: 0.827374
98114: 0.827376
98115: 0.827378
98116: 0.82738
98117: 0.827381
98118: 0.827383
98119: 0.827385
98120: 0.827387
98121: 0.827388
98122: 0.82739
98123: 0.827392
98124: 0.827394
98125: 0.827385
98126: 0.827377
98127: 0.827368
98128: 0.82737
98129: 0.827372
98130: 0.827374
98131: 0.827375
98132: 0.827377
98133: 0.827369
98134: 0.82736
98135: 0.827352
98136: 0.827343
98137: 0.827345
98138: 0.827347
98139: 0.827338
98140: 0.82734
98141: 0.827342
98142: 0.827344
98143: 0.827346
98144: 0.827347
98145: 0.827349
98146: 0.827351
98147: 0.827353
98148: 0.827344
98149: 0.827336
98150: 0.827327
98151: 0.827329
98152: 0.827331
98153: 0.827333
98154: 0.827334
98155: 0.827336
98156: 0.827338
98157: 0.827329
98158: 0.827331
98159: 0.827323
98160: 0.827314
98161: 0.827316
98162: 0.827318
98163: 0.82732
98164: 0.827321
98165: 0.827323
98166: 0.827325
98167: 0.827327
98168: 0.827328
98169: 0.82733
98170: 0.827332
98171: 0.827334
98172: 0.827335
98173: 0.827337
98174: 0.827339
98175: 0.827341
98176: 0.827332
98177: 0.827324
98178: 0.827315
98179: 0.827317
98180: 0.827319
98181: 0.827321
98182: 0.827322
98183: 0.827324
98184: 0.827326
98185: 0.827328
98186: 0.827329
98187: 0.827331
98188: 0.827333
98189: 0.827335
98190: 0.827337
98191: 0.827338
98192: 0.82734
98193: 0.827342
98194: 0.827333
98195: 0.827335
98196: 0.827337
98197: 0.827339
98198: 0.82734
98199: 0.827332
98200: 0.827334
98201: 0.827335
98202: 0.827337
98203: 0.827339
98204: 0.827331
98205: 0.827332
98206: 0.827334
98207: 0.827336
98208: 0.827338
98209: 0.827329
98210: 0.827321
98211: 0.827323
98212: 0.827324
98213: 0.827326
98214: 0.827328
98215: 0.82733
98216: 0.827331
98217: 0.827333
98218: 0.827325
98219: 0.827326
98220: 0.827328
98221: 0.82733
98222: 0.827332
98223: 0.827333
98224: 0.827335
98225: 0.827337
98226: 0.827339
98227: 0.82733
98228: 0.827332
98229: 0.827334
98230: 0.827336
98231: 0.827337
98232: 0.827339
98233: 0.827341
98234: 0.827343
98235: 0.827344
98236: 0.827336
98237: 0.827338
98238: 0.827339
98239: 0.827341
98240: 0.827343
98241: 0.827345
98242: 0.827346
98243: 0.827348
98244: 0.82735
98245: 0.827352
98246: 0.827354
98247: 0.827355
98248: 0.827357
98249: 0.827359
98250: 0.827361
98251: 0.827362
98252: 0.827364
98253: 0.827356
98254: 0.827347
98255: 0.827349
98256: 0.827341
98257: 0.827342
98258: 0.827344
98259: 0.827346
98260: 0.827348
98261: 0.827349
98262: 0.827351
98263: 0.827353
98264: 0.827344
98265: 0.827336
98266: 0.827328
98267: 0.827319
98268: 0.827321
98269: 0.827323
98270: 0.827324
98271: 0.827316
98272: 0.827318
98273: 0.82732
98274: 0.827321
98275: 0.827323
98276: 0.827325
98277: 0.827316
98278: 0.827318
98279: 0.82731
98280: 0.827311
98281: 0.827303
98282: 0.827295
98283: 0.827296
98284: 0.827298
98285: 0.8273
98286: 0.827302
98287: 0.827303
98288: 0.827295
98289: 0.827287
98290: 0.827288
98291: 0.82729
98292: 0.827292
98293: 0.827294
98294: 0.827295
98295: 0.827297
98296: 0.827299
98297: 0.827301
98298: 0.827302
98299: 0.827304
98300: 0.827306
98301: 0.827308
98302: 0.827299
98303: 0.827301
98304: 0.827293
98305: 0.827294
98306: 0.827296
98307: 0.827288
98308: 0.827279
98309: 0.827281
98310: 0.827283
98311: 0.827285
98312: 0.827286
98313: 0.827288
98314: 0.82728
98315: 0.827281
98316: 0.827283
98317: 0.827285
98318: 0.827287
98319: 0.827288
98320: 0.82729
98321: 0.827292
98322: 0.827294
98323: 0.827295
98324: 0.827297
98325: 0.827299
98326: 0.827301
98327: 0.827302
98328: 0.827304
98329: 0.827306
98330: 0.827298
98331: 0.827289
98332: 0.827291
98333: 0.827283
98334: 0.827274
98335: 0.827276
98336: 0.827278
98337: 0.827279
98338: 0.827281
98339: 0.827283
98340: 0.827274
98341: 0.827266
98342: 0.827258
98343: 0.827259
98344: 0.827261
98345: 0.827263
98346: 0.827265
98347: 0.827266
98348: 0.827268
98349: 0.82727
98350: 0.827272
98351: 0.827273
98352: 0.827275
98353: 0.827267
98354: 0.827258
98355: 0.82726
98356: 0.827262
98357: 0.827264
98358: 0.827265
98359: 0.827267
98360: 0.827269
98361: 0.827271
98362: 0.827272
98363: 0.827274
98364: 0.827266
98365: 0.827257
98366: 0.827259
98367: 0.827261
98368: 0.827263
98369: 0.827264
98370: 0.827266
98371: 0.827268
98372: 0.82727
98373: 0.827271
98374: 0.827263
98375: 0.827255
98376: 0.827256
98377: 0.827258
98378: 0.82726
98379: 0.827262
98380: 0.827263
98381: 0.827265
98382: 0.827267
98383: 0.827269
98384: 0.82727
98385: 0.827272
98386: 0.827274
98387: 0.827276
98388: 0.827277
98389: 0.827279
98390: 0.827281
98391: 0.827283
98392: 0.827284
98393: 0.827276
98394: 0.827278
98395: 0.827269
98396: 0.827271
98397: 0.827273
98398: 0.827275
98399: 0.827276
98400: 0.827278
98401: 0.82728
98402: 0.827282
98403: 0.827283
98404: 0.827285
98405: 0.827287
98406: 0.827289
98407: 0.82729
98408: 0.827292
98409: 0.827284
98410: 0.827275
98411: 0.827267
98412: 0.827269
98413: 0.827271
98414: 0.827262
98415: 0.827254
98416: 0.827255
98417: 0.827257
98418: 0.827259
98419: 0.827251
98420: 0.827252
98421: 0.827254
98422: 0.827256
98423: 0.827258
98424: 0.827259
98425: 0.827261
98426: 0.827263
98427: 0.827265
98428: 0.827266
98429: 0.827268
98430: 0.82727
98431: 0.827272
98432: 0.827273
98433: 0.827275
98434: 0.827277
98435: 0.827268
98436: 0.82727
98437: 0.827272
98438: 0.827274
98439: 0.827275
98440: 0.827277
98441: 0.827279
98442: 0.827281
98443: 0.827272
98444: 0.827274
98445: 0.827276
98446: 0.827278
98447: 0.827279
98448: 0.827281
98449: 0.827283
98450: 0.827285
98451: 0.827276
98452: 0.827278
98453: 0.82728
98454: 0.827281
98455: 0.827283
98456: 0.827285
98457: 0.827287
98458: 0.827289
98459: 0.82729
98460: 0.827292
98461: 0.827294
98462: 0.827296
98463: 0.827297
98464: 0.827299
98465: 0.827301
98466: 0.827303
98467: 0.827304
98468: 0.827306
98469: 0.827308
98470: 0.82731
98471: 0.827311
98472: 0.827313
98473: 0.827315
98474: 0.827317
98475: 0.827318
98476: 0.82732
98477: 0.827322
98478: 0.827324
98479: 0.827325
98480: 0.827327
98481: 0.827329
98482: 0.827331
98483: 0.827322
98484: 0.827324
98485: 0.827326
98486: 0.827327
98487: 0.827329
98488: 0.827321
98489: 0.827312
98490: 0.827314
98491: 0.827316
98492: 0.827318
98493: 0.827319
98494: 0.827321
98495: 0.827323
98496: 0.827325
98497: 0.827326
98498: 0.827328
98499: 0.82732
98500: 0.827322
98501: 0.827323
98502: 0.827325
98503: 0.827327
98504: 0.827329
98505: 0.82733
98506: 0.827332
98507: 0.827334
98508: 0.827336
98509: 0.827337
98510: 0.827339
98511: 0.827341
98512: 0.827343
98513: 0.827344
98514: 0.827346
98515: 0.827348
98516: 0.82735
98517: 0.827351
98518: 0.827353
98519: 0.827355
98520: 0.827357
98521: 0.827348
98522: 0.82735
98523: 0.827342
98524: 0.827333
98525: 0.827325
98526: 0.827316
98527: 0.827308
98528: 0.8273
98529: 0.827301
98530: 0.827303
98531: 0.827305
98532: 0.827307
98533: 0.827308
98534: 0.82731
98535: 0.827312
98536: 0.827314
98537: 0.827315
98538: 0.827317
98539: 0.827319
98540: 0.827321
98541: 0.827322
98542: 0.827324
98543: 0.827326
98544: 0.827328
98545: 0.827319
98546: 0.827311
98547: 0.827302
98548: 0.827304
98549: 0.827306
98550: 0.827308
98551: 0.827309
98552: 0.827311
98553: 0.827313
98554: 0.827315
98555: 0.827316
98556: 0.827318
98557: 0.82732
98558: 0.827312
98559: 0.827303
98560: 0.827295
98561: 0.827286
98562: 0.827288
98563: 0.82729
98564: 0.827292
98565: 0.827293
98566: 0.827285
98567: 0.827287
98568: 0.827288
98569: 0.82729
98570: 0.827292
98571: 0.827294
98572: 0.827296
98573: 0.827297
98574: 0.827299
98575: 0.827301
98576: 0.827292
98577: 0.827284
98578: 0.827286
98579: 0.827287
98580: 0.827289
98581: 0.827291
98582: 0.827283
98583: 0.827284
98584: 0.827286
98585: 0.827278
98586: 0.827269
98587: 0.827271
98588: 0.827273
98589: 0.827264
98590: 0.827266
98591: 0.827268
98592: 0.82727
98593: 0.827271
98594: 0.827273
98595: 0.827275
98596: 0.827277
98597: 0.827278
98598: 0.82728
98599: 0.827282
98600: 0.827284
98601: 0.827285
98602: 0.827287
98603: 0.827289
98604: 0.827291
98605: 0.827292
98606: 0.827294
98607: 0.827286
98608: 0.827277
98609: 0.827269
98610: 0.827261
98611: 0.827262
98612: 0.827254
98613: 0.827256
98614: 0.827258
98615: 0.827259
98616: 0.827261
98617: 0.827263
98618: 0.827265
98619: 0.827266
98620: 0.827268
98621: 0.82727
98622: 0.827272
98623: 0.827273
98624: 0.827275
98625: 0.827277
98626: 0.827279
98627: 0.82728
98628: 0.827282
98629: 0.827284
98630: 0.827286
98631: 0.827287
98632: 0.827289
98633: 0.827291
98634: 0.827293
98635: 0.827294
98636: 0.827296
98637: 0.827298
98638: 0.8273
98639: 0.827301
98640: 0.827303
98641: 0.827305
98642: 0.827307
98643: 0.827308
98644: 0.82731
98645: 0.827312
98646: 0.827314
98647: 0.827315
98648: 0.827307
98649: 0.827299
98650: 0.8273
98651: 0.827302
98652: 0.827304
98653: 0.827306
98654: 0.827307
98655: 0.827309
98656: 0.827311
98657: 0.827313
98658: 0.827314
98659: 0.827306
98660: 0.827308
98661: 0.827309
98662: 0.827311
98663: 0.827313
98664: 0.827315
98665: 0.827316
98666: 0.827318
98667: 0.82732
98668: 0.827322
98669: 0.827323
98670: 0.827325
98671: 0.827327
98672: 0.827329
98673: 0.82733
98674: 0.827332
98675: 0.827334
98676: 0.827336
98677: 0.827337
98678: 0.827339
98679: 0.827341
98680: 0.827343
98681: 0.827344
98682: 0.827346
98683: 0.827348
98684: 0.82735
98685: 0.827341
98686: 0.827333
98687: 0.827324
98688: 0.827316
98689: 0.827318
98690: 0.82732
98691: 0.827321
98692: 0.827323
98693: 0.827315
98694: 0.827316
98695: 0.827318
98696: 0.82732
98697: 0.827322
98698: 0.827323
98699: 0.827325
98700: 0.827327
98701: 0.827329
98702: 0.82733
98703: 0.827332
98704: 0.827334
98705: 0.827336
98706: 0.827337
98707: 0.827339
98708: 0.827341
98709: 0.827343
98710: 0.827344
98711: 0.827346
98712: 0.827348
98713: 0.82735
98714: 0.827351
98715: 0.827353
98716: 0.827345
98717: 0.827336
98718: 0.827338
98719: 0.82734
98720: 0.827342
98721: 0.827343
98722: 0.827345
98723: 0.827347
98724: 0.827349
98725: 0.82735
98726: 0.827352
98727: 0.827354
98728: 0.827356
98729: 0.827357
98730: 0.827359
98731: 0.827351
98732: 0.827353
98733: 0.827354
98734: 0.827356
98735: 0.827358
98736: 0.82736
98737: 0.827361
98738: 0.827353
98739: 0.827355
98740: 0.827356
98741: 0.827358
98742: 0.82736
98743: 0.827362
98744: 0.827363
98745: 0.827365
98746: 0.827367
98747: 0.827369
98748: 0.82737
98749: 0.827372
98750: 0.827374
98751: 0.827376
98752: 0.827377
98753: 0.827379
98754: 0.827381
98755: 0.827383
98756: 0.827384
98757: 0.827386
98758: 0.827388
98759: 0.82739
98760: 0.827391
98761: 0.827393
98762: 0.827395
98763: 0.827397
98764: 0.827398
98765: 0.82739
98766: 0.827382
98767: 0.827373
98768: 0.827365
98769: 0.827356
98770: 0.827358
98771: 0.82736
98772: 0.827362
98773: 0.827363
98774: 0.827365
98775: 0.827357
98776: 0.827359
98777: 0.82736
98778: 0.827362
98779: 0.827354
98780: 0.827355
98781: 0.827357
98782: 0.827359
98783: 0.827361
98784: 0.827362
98785: 0.827364
98786: 0.827366
98787: 0.827368
98788: 0.827369
98789: 0.827371
98790: 0.827373
98791: 0.827375
98792: 0.827376
98793: 0.827378
98794: 0.82738
98795: 0.827382
98796: 0.827383
98797: 0.827385
98798: 0.827387
98799: 0.827389
98800: 0.82739
98801: 0.827392
98802: 0.827384
98803: 0.827386
98804: 0.827387
98805: 0.827389
98806: 0.827391
98807: 0.827393
98808: 0.827394
98809: 0.827396
98810: 0.827398
98811: 0.8274
98812: 0.827391
98813: 0.827383
98814: 0.827385
98815: 0.827386
98816: 0.827378
98817: 0.82738
98818: 0.827381
98819: 0.827383
98820: 0.827385
98821: 0.827387
98822: 0.827388
98823: 0.82739
98824: 0.827392
98825: 0.827383
98826: 0.827385
98827: 0.827377
98828: 0.827379
98829: 0.82738
98830: 0.827382
98831: 0.827374
98832: 0.827365
98833: 0.827367
98834: 0.827369
98835: 0.827371
98836: 0.827372
98837: 0.827374
98838: 0.827376
98839: 0.827378
98840: 0.827379
98841: 0.827381
98842: 0.827383
98843: 0.827385
98844: 0.827376
98845: 0.827368
98846: 0.827359
98847: 0.827351
98848: 0.827353
98849: 0.827355
98850: 0.827356
98851: 0.827348
98852: 0.82734
98853: 0.827331
98854: 0.827333
98855: 0.827335
98856: 0.827336
98857: 0.827338
98858: 0.82734
98859: 0.827342
98860: 0.827343
98861: 0.827345
98862: 0.827347
98863: 0.827349
98864: 0.82735
98865: 0.827352
98866: 0.827344
98867: 0.827335
98868: 0.827337
98869: 0.827339
98870: 0.827341
98871: 0.827332
98872: 0.827334
98873: 0.827336
98874: 0.827338
98875: 0.827339
98876: 0.827341
98877: 0.827343
98878: 0.827345
98879: 0.827346
98880: 0.827348
98881: 0.82735
98882: 0.827352
98883: 0.827353
98884: 0.827355
98885: 0.827357
98886: 0.827359
98887: 0.82735
98888: 0.827352
98889: 0.827354
98890: 0.827355
98891: 0.827357
98892: 0.827359
98893: 0.827361
98894: 0.827362
98895: 0.827364
98896: 0.827366
98897: 0.827368
98898: 0.827369
98899: 0.827371
98900: 0.827363
98901: 0.827364
98902: 0.827366
98903: 0.827368
98904: 0.82737
98905: 0.827371
98906: 0.827373
98907: 0.827375
98908: 0.827377
98909: 0.827378
98910: 0.82738
98911: 0.827382
98912: 0.827384
98913: 0.827375
98914: 0.827367
98915: 0.827359
98916: 0.82736
98917: 0.827362
98918: 0.827364
98919: 0.827366
98920: 0.827357
98921: 0.827359
98922: 0.827351
98923: 0.827352
98924: 0.827354
98925: 0.827356
98926: 0.827358
98927: 0.827349
98928: 0.827351
98929: 0.827353
98930: 0.827354
98931: 0.827356
98932: 0.827358
98933: 0.82736
98934: 0.827361
98935: 0.827363
98936: 0.827365
98937: 0.827367
98938: 0.827368
98939: 0.82736
98940: 0.827362
98941: 0.827364
98942: 0.827355
98943: 0.827357
98944: 0.827359
98945: 0.82736
98946: 0.827352
98947: 0.827344
98948: 0.827335
98949: 0.827327
98950: 0.827319
98951: 0.82731
98952: 0.827312
98953: 0.827314
98954: 0.827315
98955: 0.827317
98956: 0.827319
98957: 0.827321
98958: 0.827322
98959: 0.827324
98960: 0.827316
98961: 0.827307
98962: 0.827299
98963: 0.827291
98964: 0.827282
98965: 0.827284
98966: 0.827286
98967: 0.827288
98968: 0.827289
98969: 0.827291
98970: 0.827293
98971: 0.827284
98972: 0.827276
98973: 0.827278
98974: 0.82728
98975: 0.827271
98976: 0.827263
98977: 0.827265
98978: 0.827266
98979: 0.827268
98980: 0.82727
98981: 0.827262
98982: 0.827253
98983: 0.827245
98984: 0.827236
98985: 0.827238
98986: 0.82724
98987: 0.827242
98988: 0.827243
98989: 0.827245
98990: 0.827237
98991: 0.827239
98992: 0.82724
98993: 0.827242
98994: 0.827244
98995: 0.827246
98996: 0.827247
98997: 0.827249
98998: 0.827251
98999: 0.827253
99000: 0.827244
99001: 0.827236
99002: 0.827238
99003: 0.827239
99004: 0.827241
99005: 0.827243
99006: 0.827245
99007: 0.827246
99008: 0.827248
99009: 0.82725
99010: 0.827252
99011: 0.827253
99012: 0.827255
99013: 0.827257
99014: 0.827258
99015: 0.82726
99016: 0.827262
99017: 0.827264
99018: 0.827265
99019: 0.827267
99020: 0.827259
99021: 0.827261
99022: 0.827262
99023: 0.827264
99024: 0.827266
99025: 0.827268
99026: 0.827269
99027: 0.827271
99028: 0.827273
99029: 0.827275
99030: 0.827276
99031: 0.827268
99032: 0.82726
99033: 0.827261
99034: 0.827263
99035: 0.827265
99036: 0.827267
99037: 0.827268
99038: 0.82727
99039: 0.827272
99040: 0.827263
99041: 0.827265
99042: 0.827267
99043: 0.827269
99044: 0.82727
99045: 0.827272
99046: 0.827274
99047: 0.827276
99048: 0.827277
99049: 0.827279
99050: 0.827281
99051: 0.827283
99052: 0.827284
99053: 0.827286
99054: 0.827288
99055: 0.82729
99056: 0.827291
99057: 0.827293
99058: 0.827295
99059: 0.827297
99060: 0.827298
99061: 0.8273
99062: 0.827302
99063: 0.827304
99064: 0.827305
99065: 0.827307
99066: 0.827309
99067: 0.827311
99068: 0.827312
99069: 0.827314
99070: 0.827306
99071: 0.827307
99072: 0.827309
99073: 0.827311
99074: 0.827303
99075: 0.827304
99076: 0.827306
99077: 0.827308
99078: 0.82731
99079: 0.827311
99080: 0.827313
99081: 0.827315
99082: 0.827316
99083: 0.827318
99084: 0.82732
99085: 0.827312
99086: 0.827313
99087: 0.827315
99088: 0.827317
99089: 0.827309
99090: 0.82731
99091: 0.827312
99092: 0.827314
99093: 0.827315
99094: 0.827317
99095: 0.827309
99096: 0.827301
99097: 0.827302
99098: 0.827304
99099: 0.827306
99100: 0.827307
99101: 0.827309
99102: 0.827311
99103: 0.827313
99104: 0.827304
99105: 0.827306
99106: 0.827308
99107: 0.82731
99108: 0.827311
99109: 0.827313
99110: 0.827315
99111: 0.827317
99112: 0.827318
99113: 0.82732
99114: 0.827322
99115: 0.827324
99116: 0.827315
99117: 0.827317
99118: 0.827319
99119: 0.82732
99120: 0.827322
99121: 0.827324
99122: 0.827316
99123: 0.827307
99124: 0.827309
99125: 0.827311
99126: 0.827302
99127: 0.827294
99128: 0.827286
99129: 0.827287
99130: 0.827289
99131: 0.827291
99132: 0.827283
99133: 0.827274
99134: 0.827266
99135: 0.827268
99136: 0.827269
99137: 0.827271
99138: 0.827263
99139: 0.827264
99140: 0.827266
99141: 0.827258
99142: 0.82726
99143: 0.827261
99144: 0.827263
99145: 0.827265
99146: 0.827267
99147: 0.827268
99148: 0.82727
99149: 0.827272
99150: 0.827263
99151: 0.827255
99152: 0.827247
99153: 0.827238
99154: 0.82723
99155: 0.827232
99156: 0.827234
99157: 0.827235
99158: 0.827237
99159: 0.827239
99160: 0.827241
99161: 0.827242
99162: 0.827244
99163: 0.827246
99164: 0.827248
99165: 0.827249
99166: 0.827251
99167: 0.827253
99168: 0.827254
99169: 0.827256
99170: 0.827258
99171: 0.82726
99172: 0.827251
99173: 0.827253
99174: 0.827255
99175: 0.827257
99176: 0.827258
99177: 0.82726
99178: 0.827262
99179: 0.827264
99180: 0.827265
99181: 0.827257
99182: 0.827249
99183: 0.82725
99184: 0.827252
99185: 0.827254
99186: 0.827256
99187: 0.827257
99188: 0.827259
99189: 0.827251
99190: 0.827242
99191: 0.827234
99192: 0.827236
99193: 0.827238
99194: 0.827239
99195: 0.827231
99196: 0.827233
99197: 0.827234
99198: 0.827236
99199: 0.827238
99200: 0.82724
99201: 0.827241
99202: 0.827243
99203: 0.827245
99204: 0.827247
99205: 0.827238
99206: 0.82724
99207: 0.827242
99208: 0.827243
99209: 0.827245
99210: 0.827247
99211: 0.827249
99212: 0.82725
99213: 0.827252
99214: 0.827254
99215: 0.827256
99216: 0.827257
99217: 0.827259
99218: 0.827261
99219: 0.827263
99220: 0.827254
99221: 0.827256
99222: 0.827258
99223: 0.82726
99224: 0.827261
99225: 0.827263
99226: 0.827265
99227: 0.827266
99228: 0.827268
99229: 0.82727
99230: 0.827272
99231: 0.827273
99232: 0.827265
99233: 0.827257
99234: 0.827259
99235: 0.82726
99236: 0.827262
99237: 0.827264
99238: 0.827255
99239: 0.827257
99240: 0.827259
99241: 0.827261
99242: 0.827252
99243: 0.827254
99244: 0.827256
99245: 0.827258
99246: 0.827259
99247: 0.827261
99248: 0.827253
99249: 0.827254
99250: 0.827256
99251: 0.827258
99252: 0.82726
99253: 0.827261
99254: 0.827263
99255: 0.827265
99256: 0.827267
99257: 0.827268
99258: 0.82727
99259: 0.827272
99260: 0.827274
99261: 0.827275
99262: 0.827277
99263: 0.827279
99264: 0.827281
99265: 0.827282
99266: 0.827284
99267: 0.827286
99268: 0.827287
99269: 0.827279
99270: 0.827281
99271: 0.827283
99272: 0.827284
99273: 0.827286
99274: 0.827288
99275: 0.82729
99276: 0.827291
99277: 0.827283
99278: 0.827285
99279: 0.827276
99280: 0.827278
99281: 0.82728
99282: 0.827282
99283: 0.827283
99284: 0.827285
99285: 0.827287
99286: 0.827289
99287: 0.82728
99288: 0.827282
99289: 0.827284
99290: 0.827285
99291: 0.827287
99292: 0.827279
99293: 0.827271
99294: 0.827262
99295: 0.827254
99296: 0.827246
99297: 0.827237
99298: 0.827239
99299: 0.827241
99300: 0.827242
99301: 0.827244
99302: 0.827246
99303: 0.827248
99304: 0.827249
99305: 0.827251
99306: 0.827253
99307: 0.827255
99308: 0.827256
99309: 0.827258
99310: 0.82726
99311: 0.827262
99312: 0.827263
99313: 0.827265
99314: 0.827267
99315: 0.827258
99316: 0.82725
99317: 0.827252
99318: 0.827254
99319: 0.827255
99320: 0.827257
99321: 0.827259
99322: 0.827261
99323: 0.827262
99324: 0.827264
99325: 0.827266
99326: 0.827268
99327: 0.827269
99328: 0.827271
99329: 0.827273
99330: 0.827274
99331: 0.827276
99332: 0.827278
99333: 0.82727
99334: 0.827261
99335: 0.827253
99336: 0.827255
99337: 0.827256
99338: 0.827258
99339: 0.82726
99340: 0.827262
99341: 0.827253
99342: 0.827255
99343: 0.827257
99344: 0.827259
99345: 0.82726
99346: 0.827262
99347: 0.827264
99348: 0.827265
99349: 0.827267
99350: 0.827269
99351: 0.827271
99352: 0.827272
99353: 0.827274
99354: 0.827276
99355: 0.827278
99356: 0.827279
99357: 0.827281
99358: 0.827283
99359: 0.827275
99360: 0.827276
99361: 0.827278
99362: 0.82728
99363: 0.827271
99364: 0.827273
99365: 0.827275
99366: 0.827277
99367: 0.827268
99368: 0.82726
99369: 0.827262
99370: 0.827263
99371: 0.827265
99372: 0.827267
99373: 0.827259
99374: 0.82726
99375: 0.827262
99376: 0.827264
99377: 0.827266
99378: 0.827267
99379: 0.827269
99380: 0.827271
99381: 0.827273
99382: 0.827274
99383: 0.827276
99384: 0.827278
99385: 0.827279
99386: 0.827281
99387: 0.827283
99388: 0.827285
99389: 0.827286
99390: 0.827288
99391: 0.82729
99392: 0.827282
99393: 0.827273
99394: 0.827275
99395: 0.827277
99396: 0.827278
99397: 0.82728
99398: 0.827282
99399: 0.827284
99400: 0.827285
99401: 0.827287
99402: 0.827279
99403: 0.827281
99404: 0.827282
99405: 0.827284
99406: 0.827286
99407: 0.827288
99408: 0.827289
99409: 0.827291
99410: 0.827293
99411: 0.827294
99412: 0.827296
99413: 0.827298
99414: 0.8273
99415: 0.827301
99416: 0.827303
99417: 0.827305
99418: 0.827307
99419: 0.827308
99420: 0.8273
99421: 0.827292
99422: 0.827293
99423: 0.827295
99424: 0.827297
99425: 0.827299
99426: 0.82729
99427: 0.827282
99428: 0.827274
99429: 0.827275
99430: 0.827277
99431: 0.827279
99432: 0.827281
99433: 0.827282
99434: 0.827284
99435: 0.827286
99436: 0.827288
99437: 0.827289
99438: 0.827291
99439: 0.827293
99440: 0.827295
99441: 0.827296
99442: 0.827288
99443: 0.82729
99444: 0.827291
99445: 0.827293
99446: 0.827295
99447: 0.827297
99448: 0.827298
99449: 0.8273
99450: 0.827302
99451: 0.827304
99452: 0.827305
99453: 0.827307
99454: 0.827309
99455: 0.827301
99456: 0.827302
99457: 0.827304
99458: 0.827306
99459: 0.827307
99460: 0.827309
99461: 0.827311
99462: 0.827313
99463: 0.827314
99464: 0.827316
99465: 0.827318
99466: 0.82732
99467: 0.827321
99468: 0.827323
99469: 0.827315
99470: 0.827306
99471: 0.827308
99472: 0.82731
99473: 0.827312
99474: 0.827313
99475: 0.827315
99476: 0.827317
99477: 0.827319
99478: 0.82732
99479: 0.827322
99480: 0.827324
99481: 0.827315
99482: 0.827317
99483: 0.827319
99484: 0.827321
99485: 0.827322
99486: 0.827324
99487: 0.827326
99488: 0.827328
99489: 0.827329
99490: 0.827331
99491: 0.827333
99492: 0.827325
99493: 0.827316
99494: 0.827318
99495: 0.82732
99496: 0.827321
99497: 0.827323
99498: 0.827325
99499: 0.827327
99500: 0.827328
99501: 0.82733
99502: 0.827332
99503: 0.827334
99504: 0.827335
99505: 0.827337
99506: 0.827339
99507: 0.827341
99508: 0.827342
99509: 0.827344
99510: 0.827346
99511: 0.827347
99512: 0.827349
99513: 0.827351
99514: 0.827353
99515: 0.827354
99516: 0.827356
99517: 0.827358
99518: 0.82736
99519: 0.827361
99520: 0.827363
99521: 0.827365
99522: 0.827367
99523: 0.827368
99524: 0.82737
99525: 0.827372
99526: 0.827373
99527: 0.827365
99528: 0.827367
99529: 0.827369
99530: 0.82737
99531: 0.827372
99532: 0.827374
99533: 0.827376
99534: 0.827377
99535: 0.827379
99536: 0.827381
99537: 0.827372
99538: 0.827374
99539: 0.827376
99540: 0.827378
99541: 0.827379
99542: 0.827381
99543: 0.827383
99544: 0.827375
99545: 0.827376
99546: 0.827378
99547: 0.82738
99548: 0.827381
99549: 0.827383
99550: 0.827385
99551: 0.827387
99552: 0.827388
99553: 0.82739
99554: 0.827392
99555: 0.827394
99556: 0.827395
99557: 0.827397
99558: 0.827399
99559: 0.827401
99560: 0.827402
99561: 0.827404
99562: 0.827406
99563: 0.827407
99564: 0.827409
99565: 0.827411
99566: 0.827403
99567: 0.827404
99568: 0.827406
99569: 0.827408
99570: 0.8274
99571: 0.827391
99572: 0.827393
99573: 0.827395
99574: 0.827396
99575: 0.827398
99576: 0.8274
99577: 0.827402
99578: 0.827393
99579: 0.827385
99580: 0.827377
99581: 0.827378
99582: 0.82737
99583: 0.827362
99584: 0.827364
99585: 0.827355
99586: 0.827357
99587: 0.827359
99588: 0.82736
99589: 0.827362
99590: 0.827364
99591: 0.827366
99592: 0.827367
99593: 0.827369
99594: 0.827371
99595: 0.827373
99596: 0.827374
99597: 0.827376
99598: 0.827378
99599: 0.82738
99600: 0.827381
99601: 0.827383
99602: 0.827385
99603: 0.827386
99604: 0.827388
99605: 0.82739
99606: 0.827392
99607: 0.827393
99608: 0.827395
99609: 0.827397
99610: 0.827399
99611: 0.8274
99612: 0.827402
99613: 0.827404
99614: 0.827406
99615: 0.827407
99616: 0.827409
99617: 0.827411
99618: 0.827412
99619: 0.827414
99620: 0.827416
99621: 0.827418
99622: 0.827419
99623: 0.827411
99624: 0.827403
99625: 0.827404
99626: 0.827396
99627: 0.827388
99628: 0.82738
99629: 0.827371
99630: 0.827373
99631: 0.827375
99632: 0.827376
99633: 0.827378
99634: 0.82738
99635: 0.827382
99636: 0.827383
99637: 0.827385
99638: 0.827387
99639: 0.827389
99640: 0.82739
99641: 0.827392
99642: 0.827394
99643: 0.827396
99644: 0.827397
99645: 0.827399
99646: 0.827401
99647: 0.827402
99648: 0.827404
99649: 0.827406
99650: 0.827408
99651: 0.827409
99652: 0.827411
99653: 0.827413
99654: 0.827415
99655: 0.827416
99656: 0.827418
99657: 0.82742
99658: 0.827422
99659: 0.827423
99660: 0.827425
99661: 0.827417
99662: 0.827408
99663: 0.82741
99664: 0.827412
99665: 0.827414
99666: 0.827415
99667: 0.827417
99668: 0.827419
99669: 0.82742
99670: 0.827422
99671: 0.827424
99672: 0.827426
99673: 0.827427
99674: 0.827419
99675: 0.827411
99676: 0.827403
99677: 0.827394
99678: 0.827386
99679: 0.827388
99680: 0.827389
99681: 0.827381
99682: 0.827373
99683: 0.827364
99684: 0.827356
99685: 0.827358
99686: 0.82736
99687: 0.827361
99688: 0.827363
99689: 0.827365
99690: 0.827367
99691: 0.827368
99692: 0.82737
99693: 0.827372
99694: 0.827373
99695: 0.827375
99696: 0.827377
99697: 0.827379
99698: 0.82738
99699: 0.827382
99700: 0.827384
99701: 0.827386
99702: 0.827387
99703: 0.827389
99704: 0.827391
99705: 0.827393
99706: 0.827394
99707: 0.827396
99708: 0.827398
99709: 0.827399
99710: 0.827391
99711: 0.827383
99712: 0.827385
99713: 0.827386
99714: 0.827378
99715: 0.82738
99716: 0.827371
99717: 0.827373
99718: 0.827365
99719: 0.827357
99720: 0.827358
99721: 0.82735
99722: 0.827352
99723: 0.827353
99724: 0.827355
99725: 0.827357
99726: 0.827359
99727: 0.82736
99728: 0.827362
99729: 0.827364
99730: 0.827366
99731: 0.827367
99732: 0.827369
99733: 0.827371
99734: 0.827363
99735: 0.827354
99736: 0.827356
99737: 0.827358
99738: 0.827359
99739: 0.827361
99740: 0.827363
99741: 0.827365
99742: 0.827366
99743: 0.827368
99744: 0.82737
99745: 0.827372
99746: 0.827373
99747: 0.827375
99748: 0.827377
99749: 0.827378
99750: 0.82738
99751: 0.827372
99752: 0.827364
99753: 0.827355
99754: 0.827347
99755: 0.827339
99756: 0.82734
99757: 0.827332
99758: 0.827334
99759: 0.827336
99760: 0.827337
99761: 0.827339
99762: 0.827341
99763: 0.827343
99764: 0.827344
99765: 0.827346
99766: 0.827348
99767: 0.827349
99768: 0.827351
99769: 0.827353
99770: 0.827355
99771: 0.827356
99772: 0.827358
99773: 0.82736
99774: 0.827362
99775: 0.827363
99776: 0.827365
99777: 0.827367
99778: 0.827368
99779: 0.82736
99780: 0.827362
99781: 0.827364
99782: 0.827365
99783: 0.827367
99784: 0.827369
99785: 0.827361
99786: 0.827352
99787: 0.827354
99788: 0.827356
99789: 0.827357
99790: 0.827359
99791: 0.827361
99792: 0.827363
99793: 0.827364
99794: 0.827366
99795: 0.827368
99796: 0.82737
99797: 0.827361
99798: 0.827363
99799: 0.827365
99800: 0.827366
99801: 0.827368
99802: 0.82736
99803: 0.827352
99804: 0.827353
99805: 0.827345
99806: 0.827347
99807: 0.827349
99808: 0.82735
99809: 0.827352
99810: 0.827354
99811: 0.827355
99812: 0.827357
99813: 0.827359
99814: 0.827361
99815: 0.827352
99816: 0.827354
99817: 0.827356
99818: 0.827358
99819: 0.827359
99820: 0.827361
99821: 0.827363
99822: 0.827364
99823: 0.827366
99824: 0.827368
99825: 0.82737
99826: 0.827371
99827: 0.827373
99828: 0.827375
99829: 0.827377
99830: 0.827378
99831: 0.82738
99832: 0.827382
99833: 0.827383
99834: 0.827385
99835: 0.827387
99836: 0.827389
99837: 0.82739
99838: 0.827392
99839: 0.827394
99840: 0.827396
99841: 0.827397
99842: 0.827399
99843: 0.827401
99844: 0.827392
99845: 0.827384
99846: 0.827376
99847: 0.827368
99848: 0.827359
99849: 0.827351
99850: 0.827353
99851: 0.827354
99852: 0.827346
99853: 0.827348
99854: 0.82735
99855: 0.827351
99856: 0.827353
99857: 0.827355
99858: 0.827357
99859: 0.827358
99860: 0.82736
99861: 0.827362
99862: 0.827363
99863: 0.827365
99864: 0.827367
99865: 0.827369
99866: 0.82737
99867: 0.827372
99868: 0.827364
99869: 0.827356
99870: 0.827357
99871: 0.827359
99872: 0.827361
99873: 0.827362
99874: 0.827364
99875: 0.827366
99876: 0.827368
99877: 0.827369
99878: 0.827371
99879: 0.827373
99880: 0.827375
99881: 0.827376
99882: 0.827378
99883: 0.82738
99884: 0.827381
99885: 0.827383
99886: 0.827385
99887: 0.827387
99888: 0.827378
99889: 0.82738
99890: 0.827372
99891: 0.827364
99892: 0.827365
99893: 0.827367
99894: 0.827369
99895: 0.82737
99896: 0.827372
99897: 0.827374
99898: 0.827376
99899: 0.827377
99900: 0.827379
99901: 0.827381
99902: 0.827383
99903: 0.827384
99904: 0.827376
99905: 0.827378
99906: 0.827379
99907: 0.827381
99908: 0.827383
99909: 0.827385
99910: 0.827386
99911: 0.827388
99912: 0.82738
99913: 0.827382
99914: 0.827383
99915: 0.827385
99916: 0.827387
99917: 0.827388
99918: 0.82739
99919: 0.827392
99920: 0.827394
99921: 0.827385
99922: 0.827387
99923: 0.827389
99924: 0.827391
99925: 0.827392
99926: 0.827384
99927: 0.827376
99928: 0.827367
99929: 0.827369
99930: 0.827371
99931: 0.827373
99932: 0.827364
99933: 0.827356
99934: 0.827348
99935: 0.827339
99936: 0.827331
99937: 0.827333
99938: 0.827325
99939: 0.827326
99940: 0.827328
99941: 0.82733
99942: 0.827332
99943: 0.827333
99944: 0.827335
99945: 0.827337
99946: 0.827338
99947: 0.82734
99948: 0.827342
99949: 0.827344
99950: 0.827345
99951: 0.827347
99952: 0.827349
99953: 0.827351
99954: 0.827352
99955: 0.827354
99956: 0.827356
99957: 0.827357
99958: 0.827359
99959: 0.827361
99960: 0.827363
99961: 0.827364
99962: 0.827366
99963: 0.827368
99964: 0.82737
99965: 0.827371
99966: 0.827373
99967: 0.827375
99968: 0.827366
99969: 0.827368
99970: 0.82737
99971: 0.827372
99972: 0.827373
99973: 0.827375
99974: 0.827377
99975: 0.827379
99976: 0.82738
99977: 0.827382
99978: 0.827374
99979: 0.827375
99980: 0.827377
99981: 0.827379
99982: 0.827381
99983: 0.827382
99984: 0.827384
99985: 0.827386
99986: 0.827388
99987: 0.827389
99988: 0.827391
99989: 0.827393
99990: 0.827394
99991: 0.827396
99992: 0.827398
99993: 0.8274
99994: 0.827401
99995: 0.827403
99996: 0.827405
99997: 0.827407
99998: 0.827408
99999: 0.82741
